0.49 0.952 0
0.481 0.986 0
0.485 0.959 0
0.495 0.913 0
0.456 0.935 0
0.435 0.958 0
0.463 0.945 0
0.495 0.952 0
0.48 0.994 0
0.468 0.96 0
0.463 0.984 0
0.511 0.987 0
0.525 0.942 0
0.518 0.913 0
0.483 0.988 0
0.49 0.955 0
0.475 0.905 0
0.534 0.932 0
0.46 0.963 0
0.488 0.988 0
0.519 0.913 0
0.522 0.979 0
0.523 0.961 0
0.472 1.0 0
0.504 0.993 0
0.492 0.957 0
0.476 0.984 0
0.515 0.926 0
0.499 0.952 0
0.456 0.931 0
0.532 0.963 0
0.491 0.947 0
0.488 0.984 0
0.469 0.959 0
0.479 0.99 0
0.445 0.977 0
0.522 0.994 0
0.522 0.918 0
0.534 0.946 0
0.468 0.988 0
0.486 0.994 0
0.494 0.958 0
0.479 0.984 0
0.445 0.996 0
0.47 0.975 0
0.491 0.973 0
0.446 0.988 0
0.511 0.961 0
0.488 0.954 0
0.511 0.952 0
0.509 0.955 0
0.462 0.947 0
0.453 0.951 0
0.464 0.96 0
0.503 0.956 0
0.501 0.961 0
0.529 0.943 0
0.469 0.914 0
0.511 0.997 0
0.492 0.957 0
0.462 0.904 0
0.524 0.961 0
0.451 0.904 0
0.502 0.922 0
0.478 0.998 0
0.438 0.937 0
0.493 1.0 0
0.435 0.902 0
0.502 0.982 0
0.485 0.954 0
0.452 0.922 0
0.524 0.907 0
0.499 0.989 0
0.522 0.997 0
0.448 0.924 0
0.51 0.944 0
0.463 0.934 0
0.517 0.953 0
0.473 0.915 0
0.532 0.966 0
0.498 0.967 0
0.522 0.947 0
0.496 0.96 0
0.476 0.963 0
0.465 0.921 0
0.504 0.914 0
0.497 0.984 0
0.531 0.946 0
0.466 0.909 0
0.51 0.943 0
0.455 0.953 0
0.511 0.925 0
0.49 0.969 0
0.492 0.955 0
0.457 0.968 0
0.509 0.902 0
0.482 0.992 0
0.44 0.959 0
0.527 0.968 0
0.465 0.949 0
0.45 0.949 0
0.409 0.93 0
0.403 0.929 0
0.471 0.986 0
0.454 1.0 0
0.382 0.96 0
0.443 0.918 0
0.438 1.0 0
0.425 0.977 0
0.392 0.98 0
0.469 0.928 0
0.422 0.993 0
0.432 0.92 0
0.418 0.964 0
0.402 0.94 0
0.424 0.963 0
0.442 0.926 0
0.47 0.962 0
0.443 0.933 0
0.417 0.927 0
0.375 0.929 0
0.467 0.983 0
0.45 0.933 0
0.408 0.917 0
0.394 0.909 0
0.42 1.0 0
0.396 0.979 0
0.427 0.945 0
0.393 0.968 0
0.457 0.998 0
0.457 0.913 0
0.427 0.949 0
0.419 0.973 0
0.464 0.992 0
0.45 0.975 0
0.381 0.933 0
0.416 0.975 0
0.424 0.908 0
0.436 0.959 0
0.381 0.988 0
0.457 0.932 0
0.415 0.973 0
0.423 0.964 0
0.464 0.922 0
0.465 0.958 0
0.395 0.946 0
0.461 0.992 0
0.392 0.94 0
0.42 0.94 0
0.428 0.966 0
0.378 0.961 0
0.422 0.993 0
0.388 0.92 0
0.469 1.0 0
0.431 0.938 0
0.387 0.932 0
0.379 0.996 0
0.453 0.925 0
0.391 0.925 0
0.437 0.967 0
0.404 0.952 0
0.471 0.972 0
0.419 0.929 0
0.426 0.947 0
0.394 0.921 0
0.374 0.985 0
0.459 0.956 0
0.411 0.919 0
0.467 0.973 0
0.465 0.938 0
0.45 0.965 0
0.382 0.922 0
0.39 0.909 0
0.463 0.989 0
0.47 0.987 0
0.422 0.949 0
0.384 0.944 0
0.466 0.976 0
0.435 0.952 0
0.417 0.99 0
0.439 0.941 0
0.451 0.939 0
0.381 0.995 0
0.429 0.964 0
0.419 0.913 0
0.424 0.937 0
0.381 0.97 0
0.444 0.918 0
0.465 0.966 0
0.373 0.942 0
0.415 0.995 0
0.465 0.959 0
0.428 0.931 0
0.435 0.989 0
0.447 0.936 0
0.437 0.911 0
0.428 0.912 0
0.436 0.965 0
0.461 0.992 0
0.427 0.979 0
0.368 0.915 0
0.423 0.957 0
0.4 0.964 0
0.342 0.941 0
0.348 0.991 0
0.359 0.963 0
0.383 0.966 0
0.404 0.974 0
0.379 0.918 0
0.35 0.931 0
0.375 0.922 0
0.423 0.939 0
0.403 0.998 0
0.4 0.931 0
0.339 0.901 0
0.396 0.946 0
0.376 0.991 0
0.421 0.971 0
0.335 0.955 0
0.37 0.945 0
0.413 0.908 0
0.367 0.99 0
0.354 0.945 0
0.368 0.937 0
0.336 0.932 0
0.4 0.927 0
0.361 0.976 0
0.399 0.942 0
0.386 0.972 0
0.423 0.951 0
0.387 0.932 0
0.408 0.99 0
0.358 0.952 0
0.392 0.981 0
0.427 0.998 0
0.393 0.945 0
0.389 0.948 0
0.367 0.975 0
0.408 0.942 0
0.361 0.95 0
0.425 0.94 0
0.422 0.929 0
0.422 0.945 0
0.419 0.98 0
0.359 0.915 0
0.405 0.911 0
0.362 0.998 0
0.377 0.916 0
0.412 0.976 0
0.415 0.957 0
0.41 0.984 0
0.371 0.95 0
0.352 0.947 0
0.384 0.965 0
0.343 0.946 0
0.418 0.914 0
0.357 0.997 0
0.38 1.0 0
0.395 0.981 0
0.416 0.926 0
0.348 0.987 0
0.426 0.94 0
0.401 0.945 0
0.357 0.948 0
0.406 0.907 0
0.394 0.931 0
0.331 0.903 0
0.391 0.929 0
0.409 0.953 0
0.341 0.956 0
0.331 0.966 0
0.334 0.975 0
0.378 0.926 0
0.387 0.998 0
0.402 0.956 0
0.399 0.906 0
0.409 0.982 0
0.414 0.962 0
0.391 0.94 0
0.363 0.969 0
0.416 0.921 0
0.338 0.929 0
0.419 0.979 0
0.404 0.917 0
0.364 0.996 0
0.349 0.94 0
0.333 0.945 0
0.357 0.996 0
0.41 0.973 0
0.391 0.997 0
0.364 0.993 0
0.4 0.956 0
0.386 0.995 0
0.336 0.913 0
0.385 0.964 0
0.403 0.969 0
0.338 0.978 0
0.402 0.943 0
0.349 0.952 0
0.349 0.921 0
0.268 0.876 0
0.264 0.863 0
0.312 0.909 0
0.277 0.877 0
0.233 0.882 0
0.249 0.887 0
0.249 0.876 0
0.237 0.907 0
0.304 0.852 0
0.245 0.877 0
0.301 0.873 0
0.232 0.88 0
0.324 0.881 0
0.319 0.86 0
0.278 0.917 0
0.284 0.946 0
0.267 0.884 0
0.259 0.855 0
0.288 0.872 0
0.271 0.86 0
0.257 0.848 0
0.303 0.884 0
0.245 0.852 0
0.273 0.893 0
0.29 0.863 0
0.249 0.928 0
0.232 0.932 0
0.317 0.925 0
0.239 0.894 0
0.249 0.877 0
0.287 0.911 0
0.257 0.937 0
0.239 0.906 0
0.244 0.907 0
0.271 0.933 0
0.267 0.913 0
0.288 0.905 0
0.305 0.85 0
0.266 0.882 0
0.308 0.903 0
0.233 0.915 0
0.233 0.858 0
0.305 0.916 0
0.251 0.906 0
0.235 0.864 0
0.294 0.939 0
0.325 0.89 0
0.3 0.934 0
0.272 0.916 0
0.291 0.931 0
0.281 0.898 0
0.296 0.864 0
0.292 0.944 0
0.248 0.872 0
0.321 0.936 0
0.237 0.871 0
0.297 0.929 0
0.296 0.877 0
0.263 0.89 0
0.288 0.926 0
0.258 0.937 0
0.276 0.874 0
0.253 0.858 0
0.286 0.874 0
0.237 0.891 0
0.242 0.896 0
0.287 0.904 0
0.285 0.86 0
0.265 0.89 0
0.294 0.872 0
0.267 0.894 0
0.289 0.863 0
0.302 0.91 0
0.255 0.902 0
0.309 0.856 0
0.241 0.874 0
0.279 0.853 0
0.272 0.857 0
0.285 0.853 0
0.329 0.876 0
0.254 0.886 0
0.242 0.908 0
0.313 0.916 0
0.299 0.896 0
0.327 0.906 0
0.285 0.861 0
0.286 0.928 0
0.312 0.892 0
0.287 0.891 0
0.331 0.867 0
0.302 0.927 0
0.273 0.896 0
0.269 0.882 0
0.288 0.901 0
0.242 0.859 0
0.264 0.853 0
0.244 0.893 0
0.267 0.918 0
0.304 0.863 0
0.236 0.895 0
0.207 0.822 0
0.208 0.874 0
0.217 0.834 0
0.193 0.88 0
0.283 0.892 0
0.213 0.838 0
0.187 0.812 0
0.189 0.819 0
0.238 0.902 0
0.26 0.895 0
0.225 0.851 0
0.241 0.85 0
0.193 0.864 0
0.198 0.841 0
0.214 0.843 0
0.229 0.847 0
0.274 0.839 0
0.258 0.856 0
0.229 0.807 0
0.259 0.861 0
0.268 0.9 0
0.244 0.856 0
0.214 0.86 0
0.226 0.859 0
0.189 0.882 0
0.269 0.825 0
0.222 0.875 0
0.189 0.818 0
0.212 0.819 0
0.272 0.81 0
0.272 0.819 0
0.273 0.807 0
0.26 0.896 0
0.248 0.871 0
0.211 0.867 0
0.254 0.886 0
0.214 0.851 0
0.278 0.851 0
0.282 0.905 0
0.193 0.89 0
0.197 0.808 0
0.261 0.838 0
0.283 0.873 0
0.279 0.828 0
0.216 0.885 0
0.196 0.806 0
0.285 0.817 0
0.231 0.823 0
0.256 0.892 0
0.212 0.834 0
0.264 0.856 0
0.267 0.816 0
0.234 0.877 0
0.204 0.894 0
0.194 0.806 0
0.274 0.87 0
0.281 0.827 0
0.241 0.881 0
0.223 0.84 0
0.187 0.856 0
0.268 0.854 0
0.265 0.847 0
0.222 0.818 0
0.194 0.815 0
0.188 0.887 0
0.194 0.831 0
0.239 0.877 0
0.253 0.895 0
0.246 0.813 0
0.242 0.895 0
0.186 0.824 0
0.272 0.818 0
0.247 0.822 0
0.229 0.875 0
0.203 0.81 0
0.273 0.871 0
0.234 0.888 0
0.282 0.895 0
0.2 0.849 0
0.22 0.878 0
0.254 0.875 0
0.225 0.859 0
0.204 0.816 0
0.193 0.865 0
0.208 0.904 0
0.272 0.863 0
0.209 0.875 0
0.185 0.83 0
0.248 0.85 0
0.225 0.904 0
0.217 0.89 0
0.212 0.831 0
0.271 0.881 0
0.23 0.87 0
0.272 0.808 0
0.28 0.831 0
0.228 0.87 0
0.262 0.812 0
0.262 0.878 0
0.21 0.828 0
0.237 0.824 0
0.147 0.829 0
0.209 0.754 0
0.167 0.843 0
0.144 0.821 0
0.225 0.758 0
0.165 0.754 0
0.199 0.838 0
0.234 0.79 0
0.204 0.799 0
0.158 0.835 0
0.208 0.82 0
0.163 0.809 0
0.144 0.773 0
0.226 0.807 0
0.169 0.785 0
0.217 0.808 0
0.181 0.794 0
0.159 0.828 0
0.151 0.812 0
0.234 0.8 0
0.213 0.765 0
0.211 0.791 0
0.226 0.798 0
0.184 0.769 0
0.145 0.767 0
0.207 0.839 0
0.175 0.82 0
0.242 0.767 0
0.197 0.845 0
0.182 0.769 0
0.208 0.792 0
0.227 0.84 0
0.16 0.784 0
0.218 0.834 0
0.238 0.816 0
0.217 0.846 0
0.178 0.788 0
0.226 0.783 0
0.152 0.814 0
0.23 0.814 0
0.186 0.78 0
0.205 0.752 0
0.222 0.83 0
0.228 0.841 0
0.215 0.752 0
0.147 0.806 0
0.233 0.809 0
0.196 0.768 0
0.178 0.771 0
0.2 0.753 0
0.231 0.779 0
0.2 0.824 0
0.16 0.756 0
0.182 0.769 0
0.153 0.817 0
0.163 0.768 0
0.197 0.831 0
0.181 0.811 0
0.147 0.759 0
0.198 0.848 0
0.18 0.794 0
0.206 0.808 0
0.173 0.787 0
0.151 0.836 0
0.197 0.83 0
0.231 0.812 0
0.18 0.794 0
0.205 0.749 0
0.215 0.77 0
0.154 0.847 0
0.175 0.846 0
0.159 0.765 0
0.162 0.763 0
0.176 0.805 0
0.158 0.791 0
0.208 0.842 0
0.187 0.767 0
0.194 0.824 0
0.214 0.814 0
0.197 0.815 0
0.164 0.787 0
0.209 0.754 0
0.24 0.761 0
0.214 0.802 0
0.212 0.839 0
0.189 0.761 0
0.174 0.752 0
0.165 0.836 0
0.158 0.775 0
0.153 0.81 0
0.15 0.812 0
0.173 0.841 0
0.187 0.845 0
0.178 0.803 0
0.187 0.757 0
0.159 0.838 0
0.157 0.838 0
0.217 0.766 0
0.225 0.837 0
0.167 0.789 0
0.102 0.697 0
0.134 0.717 0
0.19 0.749 0
0.174 0.725 0
0.144 0.71 0
0.137 0.71 0
0.128 0.723 0
0.093 0.758 0
0.121 0.783 0
0.177 0.747 0
0.11 0.773 0
0.163 0.761 0
0.187 0.776 0
0.119 0.792 0
0.176 0.724 0
0.172 0.697 0
0.119 0.779 0
0.117 0.702 0
0.12 0.696 0
0.148 0.756 0
0.159 0.765 0
0.123 0.754 0
0.11 0.747 0
0.102 0.759 0
0.095 0.77 0
0.111 0.728 0
0.124 0.763 0
0.143 0.705 0
0.151 0.724 0
0.178 0.781 0
0.105 0.721 0
0.187 0.758 0
0.124 0.693 0
0.119 0.732 0
0.126 0.764 0
0.162 0.703 0
0.172 0.788 0
0.189 0.759 0
0.152 0.768 0
0.096 0.788 0
0.177 0.754 0
0.108 0.749 0
0.181 0.79 0
0.104 0.729 0
0.154 0.739 0
0.184 0.754 0
0.109 0.739 0
0.168 0.725 0
0.101 0.697 0
0.142 0.755 0
0.125 0.758 0
0.094 0.749 0
0.167 0.748 0
0.191 0.695 0
0.107 0.749 0
0.119 0.769 0
0.191 0.721 0
0.103 0.754 0
0.161 0.726 0
0.191 0.734 0
0.104 0.754 0
0.124 0.782 0
0.155 0.776 0
0.141 0.733 0
0.132 0.727 0
0.157 0.713 0
0.099 0.739 0
0.132 0.772 0
0.186 0.767 0
0.166 0.733 0
0.17 0.728 0
0.112 0.717 0
0.141 0.71 0
0.152 0.722 0
0.108 0.71 0
0.15 0.715 0
0.145 0.722 0
0.102 0.755 0
0.104 0.711 0
0.188 0.72 0
0.129 0.792 0
0.151 0.768 0
0.14 0.711 0
0.16 0.726 0
0.12 0.758 0
0.144 0.766 0
0.12 0.741 0
0.143 0.704 0
0.142 0.71 0
0.168 0.726 0
0.115 0.761 0
0.095 0.722 0
0.095 0.729 0
0.188 0.72 0
0.111 0.761 0
0.128 0.723 0
0.149 0.779 0
0.14 0.701 0
0.11 0.773 0
0.114 0.702 0
0.141 0.74 0
0.123 0.728 0
0.096 0.73 0
0.089 0.667 0
0.164 0.734 0
0.15 0.659 0
0.089 0.688 0
0.168 0.719 0
0.09 0.706 0
0.155 0.705 0
0.161 0.735 0
0.12 0.698 0
0.174 0.708 0
0.168 0.697 0
0.087 0.654 0
0.093 0.721 0
0.127 0.669 0
0.105 0.734 0
0.076 0.659 0
0.169 0.647 0
0.169 0.666 0
0.173 0.693 0
0.168 0.683 0
0.119 0.703 0
0.164 0.736 0
0.143 0.719 0
0.116 0.701 0
0.136 0.718 0
0.125 0.655 0
0.111 0.662 0
0.098 0.671 0
0.133 0.664 0
0.17 0.704 0
0.151 0.682 0
0.105 0.719 0
0.131 0.693 0
0.159 0.701 0
0.117 0.712 0
0.154 0.668 0
0.149 0.65 0
0.147 0.729 0
0.081 0.695 0
0.143 0.654 0
0.111 0.714 0
0.084 0.683 0
0.167 0.702 0
0.089 0.662 0
0.148 0.671 0
0.086 0.677 0
0.164 0.679 0
0.116 0.685 0
0.093 0.728 0
0.147 0.666 0
0.096 0.653 0
0.094 0.698 0
0.154 0.651 0
0.078 0.655 0
0.168 0.686 0
0.157 0.735 0
0.173 0.708 0
0.16 0.718 0
0.076 0.723 0
0.138 0.665 0
0.118 0.654 0
0.078 0.71 0
0.09 0.647 0
0.108 0.676 0
0.163 0.687 0
0.091 0.702 0
0.105 0.69 0
0.129 0.724 0
0.127 0.665 0
0.173 0.702 0
0.151 0.74 0
0.108 0.662 0
0.109 0.668 0
0.08 0.726 0
0.132 0.725 0
0.132 0.726 0
0.109 0.66 0
0.128 0.659 0
0.171 0.641 0
0.113 0.71 0
0.102 0.665 0
0.145 0.72 0
0.079 0.651 0
0.164 0.713 0
0.12 0.728 0
0.125 0.695 0
0.099 0.667 0
0.088 0.716 0
0.161 0.699 0
0.158 0.69 0
0.163 0.663 0
0.123 0.655 0
0.124 0.725 0
0.159 0.712 0
0.173 0.678 0
0.164 0.702 0
0.104 0.626 0
0.135 0.668 0
0.134 0.607 0
0.084 0.574 0
0.093 0.656 0
0.066 0.598 0
0.135 0.629 0
0.161 0.618 0
0.076 0.66 0
0.158 0.619 0
0.122 0.662 0
0.144 0.661 0
0.15 0.653 0
0.123 0.586 0
0.101 0.62 0
0.139 0.652 0
0.085 0.655 0
0.086 0.606 0
0.116 0.67 0
0.089 0.628 0
0.136 0.646 0
0.082 0.641 0
0.151 0.627 0
0.083 0.601 0
0.103 0.616 0
0.12 0.621 0
0.103 0.596 0
0.079 0.664 0
0.113 0.578 0
0.151 0.65 0
0.089 0.671 0
0.072 0.583 0
0.092 0.657 0
0.076 0.623 0
0.098 0.605 0
0.126 0.617 0
0.153 0.659 0
0.092 0.613 0
0.12 0.657 0
0.076 0.665 0
0.135 0.646 0
0.108 0.587 0
0.066 0.644 0
0.137 0.654 0
0.16 0.592 0
0.131 0.665 0
0.136 0.605 0
0.072 0.603 0
0.09 0.62 0
0.111 0.621 0
0.087 0.577 0
0.098 0.586 0
0.095 0.625 0
0.065 0.638 0
0.108 0.617 0
0.072 0.575 0
0.084 0.637 0
0.125 0.618 0
0.066 0.609 0
0.106 0.591 0
0.078 0.609 0
0.109 0.578 0
0.146 0.589 0
0.064 0.587 0
0.121 0.625 0
0.073 0.634 0
0.124 0.631 0
0.163 0.611 0
0.14 0.632 0
0.08 0.62 0
0.089 0.648 0
0.15 0.579 0
0.133 0.613 0
0.145 0.604 0
0.16 0.609 0
0.09 0.587 0
0.115 0.617 0
0.148 0.578 0
0.097 0.657 0
0.136 0.576 0
0.079 0.577 0
0.081 0.658 0
0.143 0.654 0
0.07 0.597 0
0.164 0.58 0
0.094 0.642 0
0.064 0.601 0
0.078 0.629 0
0.121 0.674 0
0.065 0.607 0
0.069 0.672 0
0.164 0.652 0
0.153 0.648 0
0.106 0.668 0
0.093 0.646 0
0.133 0.657 0
0.081 0.628 0
0.1 0.669 0
0.082 0.6 0
0.126 0.665 0
0.123 0.529 0
0.124 0.544 0
0.069 0.502 0
0.117 0.584 0
0.077 0.54 0
0.067 0.527 0
0.113 0.586 0
0.132 0.499 0
0.1 0.54 0
0.114 0.564 0
0.123 0.581 0
0.064 0.562 0
0.098 0.59 0
0.088 0.515 0
0.098 0.555 0
0.084 0.521 0
0.14 0.554 0
0.139 0.557 0
0.112 0.586 0
0.124 0.505 0
0.059 0.591 0
0.067 0.572 0
0.142 0.523 0
0.104 0.529 0
0.117 0.585 0
0.068 0.502 0
0.129 0.52 0
0.126 0.586 0
0.098 0.581 0
0.059 0.501 0
0.109 0.498 0
0.128 0.53 0
0.068 0.55 0
0.137 0.562 0
0.087 0.567 0
0.117 0.535 0
0.111 0.567 0
0.054 0.559 0
0.106 0.517 0
0.084 0.571 0
0.082 0.498 0
0.11 0.501 0
0.109 0.56 0
0.051 0.581 0
0.058 0.511 0
0.081 0.53 0
0.065 0.528 0
0.128 0.548 0
0.09 0.504 0
0.102 0.498 0
0.066 0.591 0
0.131 0.549 0
0.144 0.538 0
0.106 0.551 0
0.124 0.512 0
0.118 0.526 0
0.115 0.54 0
0.111 0.582 0
0.049 0.523 0
0.128 0.555 0
0.051 0.525 0
0.136 0.503 0
0.108 0.577 0
0.057 0.525 0
0.133 0.537 0
0.097 0.576 0
0.068 0.564 0
0.129 0.575 0
0.106 0.493 0
0.063 0.496 0
0.114 0.551 0
0.075 0.506 0
0.113 0.5 0
0.101 0.549 0
0.128 0.565 0
0.1 0.502 0
0.104 0.544 0
0.13 0.583 0
0.093 0.523 0
0.137 0.55 0
0.076 0.511 0
0.104 0.498 0
0.071 0.559 0
0.117 0.501 0
0.121 0.556 0
0.064 0.569 0
0.065 0.539 0
0.066 0.517 0
0.138 0.495 0
0.057 0.505 0
0.083 0.519 0
0.078 0.555 0
0.122 0.534 0
0.105 0.554 0
0.128 0.578 0
0.064 0.566 0
0.089 0.542 0
0.108 0.492 0
0.113 0.516 0
0.103 0.535 0
0.078 0.476 0
0.119 0.457 0
0.076 0.496 0
0.134 0.519 0
0.127 0.463 0
0.11 0.48 0
0.058 0.521 0
0.065 0.501 0
0.048 0.463 0
0.076 0.45 0
0.081 0.515 0
0.096 0.477 0
0.129 0.528 0
0.082 0.505 0
0.129 0.511 0
0.075 0.535 0
0.123 0.472 0
0.112 0.448 0
0.112 0.546 0
0.083 0.527 0
0.144 0.534 0
0.144 0.502 0
0.139 0.485 0
0.14 0.493 0
0.101 0.514 0
0.076 0.48 0
0.076 0.529 0
0.048 0.48 0
0.073 0.487 0
0.081 0.465 0
0.122 0.459 0
0.056 0.506 0
0.052 0.504 0
0.091 0.509 0
0.105 0.536 0
0.128 0.499 0
0.077 0.485 0
0.142 0.515 0
0.09 0.464 0
0.079 0.474 0
0.135 0.536 0
0.056 0.529 0
0.051 0.544 0
0.129 0.449 0
0.13 0.544 0
0.115 0.492 0
0.102 0.519 0
0.058 0.51 0
0.053 0.503 0
0.054 0.534 0
0.134 0.541 0
0.064 0.493 0
0.104 0.498 0
0.044 0.452 0
0.084 0.488 0
0.141 0.481 0
0.098 0.483 0
0.086 0.538 0
0.082 0.463 0
0.057 0.544 0
0.107 0.524 0
0.058 0.52 0
0.08 0.523 0
0.089 0.472 0
0.117 0.516 0
0.069 0.522 0
0.066 0.514 0
0.073 0.48 0
0.122 0.47 0
0.05 0.548 0
0.069 0.493 0
0.07 0.454 0
0.118 0.523 0
0.079 0.49 0
0.089 0.543 0
0.091 0.544 0
0.113 0.48 0
0.128 0.457 0
0.1 0.473 0
0.078 0.517 0
0.111 0.466 0
0.12 0.508 0
0.061 0.527 0
0.141 0.453 0
0.088 0.475 0
0.047 0.548 0
0.109 0.477 0
0.113 0.448 0
0.128 0.51 0
0.129 0.517 0
0.083 0.481 0
0.072 0.505 0
0.13 0.523 0
0.102 0.503 0
0.132 0.458 0
0.065 0.468 0
0.08 0.521 0
0.078 0.544 0
0.137 0.47 0
0.087 0.518 0
0.073 0.461 0
0.053 0.438 0
0.083 0.471 0
0.072 0.392 0
0.068 0.419 0
0.128 0.409 0
0.061 0.411 0
0.105 0.479 0
0.067 0.449 0
0.084 0.439 0
0.056 0.476 0
0.108 0.403 0
0.082 0.468 0
0.083 0.432 0
0.043 0.439 0
0.079 0.471 0
0.103 0.412 0
0.053 0.421 0
0.1 0.444 0
0.135 0.42 0
0.124 0.467 0
0.091 0.428 0
0.053 0.414 0
0.102 0.427 0
0.078 0.436 0
0.107 0.385 0
0.088 0.457 0
0.058 0.429 0
0.081 0.434 0
0.111 0.404 0
0.058 0.393 0
0.065 0.431 0
0.124 0.423 0
0.049 0.403 0
0.13 0.427 0
0.07 0.441 0
0.113 0.438 0
0.084 0.46 0
0.121 0.426 0
0.113 0.395 0
0.09 0.463 0
0.052 0.433 0
0.102 0.421 0
0.134 0.399 0
0.064 0.421 0
0.071 0.414 0
0.083 0.403 0
0.093 0.393 0
0.121 0.431 0
0.047 0.479 0
0.136 0.386 0
0.051 0.431 0
0.133 0.423 0
0.135 0.436 0
0.06 0.473 0
0.097 0.396 0
0.051 0.405 0
0.05 0.471 0
0.057 0.383 0
0.072 0.442 0
0.063 0.438 0
0.038 0.447 0
0.057 0.384 0
0.039 0.454 0
0.108 0.432 0
0.046 0.476 0
0.071 0.438 0
0.121 0.41 0
0.077 0.461 0
0.058 0.43 0
0.07 0.399 0
0.117 0.432 0
0.108 0.427 0
0.103 0.402 0
0.052 0.436 0
0.038 0.411 0
0.05 0.422 0
0.099 0.407 0
0.079 0.408 0
0.066 0.397 0
0.105 0.457 0
0.065 0.449 0
0.115 0.473 0
0.062 0.42 0
0.124 0.41 0
0.136 0.426 0
0.06 0.42 0
0.108 0.466 0
0.102 0.459 0
0.061 0.46 0
0.116 0.428 0
0.12 0.469 0
0.047 0.4 0
0.093 0.424 0
0.103 0.389 0
0.067 0.441 0
0.126 0.383 0
0.113 0.48 0
0.048 0.404 0
0.039 0.418 0
0.129 0.344 0
0.075 0.384 0
0.088 0.335 0
0.076 0.359 0
0.141 0.311 0
0.086 0.384 0
0.072 0.384 0
0.13 0.354 0
0.08 0.304 0
0.138 0.353 0
0.079 0.338 0
0.146 0.367 0
0.127 0.376 0
0.119 0.321 0
0.143 0.347 0
0.124 0.349 0
0.052 0.347 0
0.15 0.378 0
0.053 0.381 0
0.129 0.302 0
0.086 0.379 0
0.06 0.351 0
0.149 0.333 0
0.118 0.364 0
0.07 0.326 0
0.074 0.38 0
0.111 0.374 0
0.115 0.3 0
0.149 0.344 0
0.126 0.357 0
0.103 0.374 0
0.137 0.395 0
0.07 0.3 0
0.055 0.296 0
0.13 0.339 0
0.067 0.323 0
0.107 0.339 0
0.137 0.314 0
0.084 0.372 0
0.089 0.342 0
0.069 0.362 0
0.139 0.316 0
0.141 0.368 0
0.123 0.32 0
0.055 0.355 0
0.12 0.301 0
0.052 0.36 0
0.069 0.345 0
0.107 0.363 0
0.059 0.313 0
0.062 0.392 0
0.08 0.32 0
0.14 0.335 0
0.131 0.313 0
0.105 0.375 0
0.104 0.335 0
0.106 0.34 0
0.051 0.318 0
0.12 0.322 0
0.102 0.347 0
0.094 0.393 0
0.125 0.328 0
0.149 0.329 0
0.134 0.303 0
0.054 0.304 0
0.076 0.299 0
0.082 0.306 0
0.149 0.306 0
0.099 0.324 0
0.133 0.333 0
0.111 0.313 0
0.092 0.382 0
0.084 0.301 0
0.099 0.343 0
0.122 0.39 0
0.114 0.342 0
0.134 0.307 0
0.125 0.383 0
0.104 0.307 0
0.11 0.32 0
0.072 0.296 0
0.144 0.347 0
0.106 0.334 0
0.113 0.361 0
0.107 0.327 0
0.09 0.308 0
0.056 0.393 0
0.118 0.38 0
0.091 0.348 0
0.119 0.377 0
0.058 0.327 0
0.127 0.34 0
0.099 0.389 0
0.092 0.298 0
0.078 0.3 0
0.131 0.328 0
0.121 0.318 0
0.072 0.337 0
0.095 0.393 0
0.129 0.351 0
0.133 0.265 0
0.114 0.253 0
0.146 0.278 0
0.078 0.268 0
0.135 0.246 0
0.158 0.283 0
0.103 0.343 0
0.069 0.34 0
0.152 0.295 0
0.159 0.283 0
0.161 0.256 0
0.147 0.303 0
0.066 0.284 0
0.069 0.301 0
0.089 0.285 0
0.148 0.27 0
0.089 0.321 0
0.091 0.324 0
0.081 0.31 0
0.096 0.274 0
0.118 0.345 0
0.12 0.315 0
0.12 0.299 0
0.118 0.284 0
0.066 0.276 0
0.085 0.32 0
0.102 0.294 0
0.088 0.251 0
0.113 0.255 0
0.092 0.324 0
0.123 0.293 0
0.153 0.278 0
0.079 0.271 0
0.151 0.313 0
0.123 0.32 0
0.116 0.256 0
0.066 0.273 0
0.127 0.284 0
0.109 0.269 0
0.102 0.339 0
0.121 0.247 0
0.142 0.26 0
0.097 0.303 0
0.092 0.328 0
0.071 0.346 0
0.146 0.336 0
0.137 0.342 0
0.102 0.288 0
0.136 0.32 0
0.136 0.303 0
0.131 0.323 0
0.126 0.295 0
0.141 0.304 0
0.153 0.29 0
0.118 0.308 0
0.072 0.319 0
0.157 0.259 0
0.099 0.308 0
0.076 0.291 0
0.15 0.252 0
0.092 0.266 0
0.143 0.263 0
0.116 0.284 0
0.094 0.324 0
0.158 0.31 0
0.154 0.345 0
0.15 0.345 0
0.097 0.247 0
0.128 0.334 0
0.107 0.317 0
0.07 0.305 0
0.126 0.301 0
0.164 0.251 0
0.147 0.273 0
0.108 0.308 0
0.164 0.331 0
0.138 0.289 0
0.128 0.295 0
0.079 0.288 0
0.088 0.308 0
0.082 0.302 0
0.075 0.269 0
0.1 0.278 0
0.068 0.249 0
0.104 0.26 0
0.16 0.298 0
0.156 0.337 0
0.086 0.261 0
0.164 0.292 0
0.153 0.325 0
0.162 0.329 0
0.099 0.342 0
0.08 0.254 0
0.103 0.255 0
0.073 0.28 0
0.073 0.251 0
0.11 0.318 0
0.073 0.259 0
0.123 0.318 0
0.133 0.307 0
0.19 0.284 0
0.137 0.199 0
0.161 0.21 0
0.176 0.203 0
0.1 0.251 0
0.178 0.251 0
0.132 0.249 0
0.13 0.23 0
0.181 0.278 0
0.109 0.188 0
0.106 0.286 0
0.152 0.192 0
0.161 0.254 0
0.156 0.256 0
0.162 0.274 0
0.095 0.252 0
0.156 0.192 0
0.183 0.261 0
0.096 0.187 0
0.134 0.2 0
0.104 0.24 0
0.134 0.283 0
0.107 0.218 0
0.11 0.241 0
0.19 0.193 0
0.107 0.204 0
0.15 0.26 0
0.1 0.21 0
0.162 0.286 0
0.118 0.198 0
0.118 0.189 0
0.178 0.234 0
0.189 0.242 0
0.096 0.26 0
0.121 0.283 0
0.116 0.227 0
0.141 0.221 0
0.168 0.195 0
0.194 0.274 0
0.18 0.205 0
0.183 0.236 0
0.098 0.197 0
0.191 0.186 0
0.113 0.271 0
0.131 0.211 0
0.138 0.265 0
0.135 0.198 0
0.136 0.188 0
0.122 0.233 0
0.157 0.261 0
0.126 0.186 0
0.094 0.207 0
0.172 0.247 0
0.144 0.272 0
0.132 0.249 0
0.194 0.242 0
0.152 0.207 0
0.175 0.23 0
0.178 0.286 0
0.148 0.277 0
0.163 0.229 0
0.185 0.22 0
0.097 0.246 0
0.097 0.202 0
0.13 0.212 0
0.17 0.237 0
0.104 0.27 0
0.145 0.269 0
0.194 0.239 0
0.098 0.264 0
0.142 0.229 0
0.19 0.261 0
0.124 0.26 0
0.111 0.238 0
0.102 0.187 0
0.148 0.211 0
0.11 0.278 0
0.104 0.246 0
0.167 0.279 0
0.121 0.272 0
0.096 0.198 0
0.189 0.275 0
0.154 0.237 0
0.182 0.261 0
0.137 0.253 0
0.133 0.233 0
0.124 0.282 0
0.102 0.227 0
0.194 0.261 0
0.177 0.193 0
0.12 0.265 0
0.101 0.208 0
0.108 0.259 0
0.143 0.283 0
0.17 0.251 0
0.168 0.269 0
0.095 0.274 0
0.11 0.2 0
0.13 0.282 0
0.154 0.19 0
0.177 0.218 0
0.223 0.184 0
0.178 0.225 0
0.129 0.162 0
0.219 0.152 0
0.207 0.154 0
0.138 0.209 0
0.188 0.242 0
0.166 0.221 0
0.126 0.204 0
0.138 0.217 0
0.172 0.179 0
0.219 0.183 0
0.153 0.22 0
0.205 0.246 0
0.126 0.152 0
0.134 0.164 0
0.17 0.211 0
0.166 0.209 0
0.142 0.244 0
0.166 0.153 0
0.123 0.165 0
0.157 0.154 0
0.153 0.189 0
0.127 0.244 0
0.128 0.153 0
0.158 0.156 0
0.143 0.215 0
0.222 0.239 0
0.187 0.177 0
0.163 0.16 0
0.208 0.23 0
0.183 0.19 0
0.162 0.151 0
0.132 0.21 0
0.141 0.151 0
0.158 0.238 0
0.204 0.201 0
0.147 0.21 0
0.148 0.159 0
0.18 0.158 0
0.148 0.242 0
0.176 0.247 0
0.212 0.228 0
0.185 0.217 0
0.127 0.215 0
0.218 0.21 0
0.19 0.148 0
0.169 0.242 0
0.136 0.2 0
0.218 0.248 0
0.155 0.157 0
0.126 0.164 0
0.138 0.225 0
0.192 0.215 0
0.22 0.219 0
0.188 0.181 0
0.207 0.185 0
0.22 0.154 0
0.208 0.163 0
0.131 0.165 0
0.223 0.156 0
0.132 0.208 0
0.124 0.149 0
0.148 0.231 0
0.148 0.166 0
0.131 0.192 0
0.133 0.186 0
0.208 0.213 0
0.155 0.149 0
0.143 0.235 0
0.135 0.231 0
0.177 0.182 0
0.141 0.165 0
0.153 0.191 0
0.157 0.169 0
0.127 0.214 0
0.167 0.219 0
0.182 0.24 0
0.127 0.23 0
0.209 0.148 0
0.178 0.161 0
0.127 0.229 0
0.145 0.169 0
0.126 0.213 0
0.161 0.207 0
0.204 0.246 0
0.161 0.157 0
0.154 0.159 0
0.13 0.18 0
0.219 0.214 0
0.223 0.167 0
0.128 0.21 0
0.14 0.243 0
0.22 0.172 0
0.17 0.16 0
0.177 0.202 0
0.186 0.214 0
0.22 0.198 0
0.197 0.224 0
0.219 0.1 0
0.182 0.103 0
0.25 0.194 0
0.264 0.101 0
0.209 0.127 0
0.264 0.192 0
0.205 0.158 0
0.246 0.124 0
0.227 0.156 0
0.211 0.131 0
0.266 0.114 0
0.244 0.132 0
0.203 0.135 0
0.224 0.11 0
0.209 0.159 0
0.267 0.136 0
0.208 0.099 0
0.218 0.111 0
0.195 0.161 0
0.217 0.171 0
0.259 0.13 0
0.204 0.113 0
0.255 0.171 0
0.267 0.12 0
0.27 0.108 0
0.212 0.172 0
0.203 0.15 0
0.224 0.198 0
0.193 0.116 0
0.271 0.179 0
0.183 0.13 0
0.2 0.17 0
0.215 0.117 0
0.18 0.119 0
0.207 0.155 0
0.256 0.133 0
0.253 0.161 0
0.195 0.181 0
0.224 0.167 0
0.231 0.121 0
0.265 0.155 0
0.188 0.177 0
0.179 0.187 0
0.246 0.124 0
0.26 0.171 0
0.186 0.101 0
0.251 0.187 0
0.238 0.127 0
0.18 0.102 0
0.226 0.192 0
0.239 0.172 0
0.22 0.12 0
0.227 0.168 0
0.194 0.173 0
0.262 0.145 0
0.2 0.158 0
0.254 0.147 0
0.251 0.148 0
0.263 0.197 0
0.189 0.151 0
0.24 0.177 0
0.189 0.169 0
0.174 0.194 0
0.204 0.163 0
0.185 0.149 0
0.198 0.144 0
0.191 0.172 0
0.202 0.135 0
0.253 0.153 0
0.237 0.125 0
0.211 0.199 0
0.214 0.189 0
0.256 0.199 0
0.187 0.107 0
0.246 0.165 0
0.259 0.148 0
0.18 0.159 0
0.185 0.104 0
0.264 0.19 0
0.188 0.193 0
0.239 0.126 0
0.226 0.179 0
0.241 0.123 0
0.185 0.118 0
0.238 0.193 0
0.221 0.099 0
0.239 0.169 0
0.191 0.112 0
0.223 0.198 0
0.221 0.168 0
0.216 0.13 0
0.179 0.156 0
0.241 0.168 0
0.254 0.125 0
0.273 0.131 0
0.271 0.131 0
0.243 0.193 0
0.26 0.123 0
0.267 0.135 0
0.232 0.163 0
0.339 0.16 0
0.27 0.093 0
0.334 0.088 0
0.299 0.142 0
0.299 0.119 0
0.319 0.114 0
0.28 0.065 0
0.308 0.106 0
0.324 0.161 0
0.283 0.117 0
0.323 0.162 0
0.367 0.113 0
0.304 0.084 0
0.319 0.14 0
0.294 0.085 0
0.29 0.106 0
0.28 0.124 0
0.32 0.101 0
0.342 0.113 0
0.324 0.16 0
0.303 0.116 0
0.314 0.126 0
0.347 0.114 0
0.348 0.076 0
0.289 0.117 0
0.336 0.076 0
0.356 0.07 0
0.296 0.134 0
0.314 0.154 0
0.338 0.063 0
0.346 0.086 0
0.34 0.093 0
0.289 0.073 0
0.346 0.074 0
0.269 0.066 0
0.351 0.16 0
0.328 0.108 0
0.317 0.084 0
0.319 0.148 0
0.322 0.105 0
0.34 0.106 0
0.324 0.12 0
0.324 0.153 0
0.32 0.105 0
0.288 0.067 0
0.345 0.067 0
0.274 0.074 0
0.355 0.104 0
0.271 0.105 0
0.304 0.084 0
0.271 0.07 0
0.271 0.098 0
0.31 0.086 0
0.31 0.074 0
0.305 0.068 0
0.338 0.082 0
0.286 0.104 0
0.306 0.095 0
0.316 0.149 0
0.282 0.082 0
0.285 0.077 0
0.329 0.088 0
0.295 0.127 0
0.355 0.159 0
0.341 0.072 0
0.308 0.064 0
0.286 0.152 0
0.334 0.137 0
0.306 0.065 0
0.305 0.123 0
0.318 0.102 0
0.288 0.099 0
0.351 0.131 0
0.288 0.111 0
0.296 0.065 0
0.308 0.127 0
0.36 0.081 0
0.351 0.159 0
0.308 0.11 0
0.276 0.064 0
0.345 0.112 0
0.274 0.084 0
0.34 0.063 0
0.314 0.1 0
0.346 0.137 0
0.316 0.1 0
0.279 0.069 0
0.316 0.149 0
0.308 0.086 0
0.289 0.103 0
0.352 0.065 0
0.279 0.076 0
0.289 0.099 0
0.321 0.14 0
0.347 0.138 0
0.327 0.088 0
0.366 0.13 0
0.285 0.076 0
0.338 0.109 0
0.345 0.129 0
0.294 0.078 0
0.268 0.075 0
0.252 0.073 0
0.23 0.087 0
0.315 0.099 0
0.224 0.155 0
0.269 0.163 0
0.279 0.158 0
0.312 0.083 0
0.242 0.115 0
0.223 0.113 0
0.253 0.071 0
0.246 0.092 0
0.319 0.083 0
0.246 0.141 0
0.316 0.08 0
0.32 0.12 0
0.263 0.075 0
0.272 0.158 0
0.253 0.161 0
0.25 0.123 0
0.292 0.159 0
0.268 0.095 0
0.29 0.086 0
0.259 0.073 0
0.318 0.126 0
0.32 0.142 0
0.26 0.143 0
0.238 0.089 0
0.294 0.122 0
0.248 0.119 0
0.308 0.142 0
0.25 0.14 0
0.269 0.132 0
0.243 0.109 0
0.322 0.171 0
0.262 0.084 0
0.297 0.129 0
0.254 0.094 0
0.262 0.171 0
0.254 0.169 0
0.23 0.08 0
0.252 0.117 0
0.281 0.115 0
0.241 0.171 0
0.321 0.085 0
0.247 0.142 0
0.293 0.075 0
0.31 0.084 0
0.26 0.165 0
0.277 0.148 0
0.24 0.1 0
0.26 0.122 0
0.274 0.09 0
0.287 0.127 0
0.32 0.105 0
0.285 0.085 0
0.286 0.125 0
0.314 0.102 0
0.289 0.106 0
0.252 0.149 0
0.303 0.078 0
0.302 0.074 0
0.248 0.152 0
0.242 0.117 0
0.3 0.124 0
0.268 0.081 0
0.229 0.12 0
0.253 0.144 0
0.246 0.109 0
0.242 0.11 0
0.279 0.113 0
0.267 0.103 0
0.297 0.087 0
0.242 0.146 0
0.264 0.074 0
0.24 0.14 0
0.254 0.156 0
0.309 0.16 0
0.309 0.09 0
0.226 0.103 0
0.258 0.152 0
0.228 0.129 0
0.278 0.077 0
0.314 0.16 0
0.279 0.1 0
0.247 0.115 0
0.255 0.117 0
0.226 0.151 0
0.302 0.167 0
0.279 0.15 0
0.254 0.129 0
0.289 0.095 0
0.231 0.17 0
0.228 0.17 0
0.255 0.142 0
0.241 0.09 0
0.297 0.107 0
0.244 0.1 0
0.277 0.164 0
0.372 0.056 0
0.405 0.119 0
0.444 0.071 0
0.405 0.095 0
0.395 0.095 0
0.358 0.104 0
0.375 0.093 0
0.412 0.103 0
0.398 0.126 0
0.425 0.108 0
0.399 0.039 0
0.391 0.085 0
0.382 0.119 0
0.43 0.062 0
0.415 0.102 0
0.36 0.087 0
0.351 0.048 0
0.422 0.112 0
0.4 0.07 0
0.409 0.122 0
0.376 0.114 0
0.371 0.066 0
0.426 0.057 0
0.353 0.094 0
0.373 0.089 0
0.364 0.096 0
0.432 0.061 0
0.354 0.07 0
0.439 0.052 0
0.377 0.046 0
0.35 0.073 0
0.449 0.074 0
0.368 0.089 0
0.4 0.032 0
0.427 0.065 0
0.406 0.102 0
0.397 0.119 0
0.398 0.042 0
0.447 0.082 0
0.39 0.045 0
0.439 0.121 0
0.353 0.034 0
0.375 0.064 0
0.42 0.078 0
0.368 0.03 0
0.37 0.032 0
0.352 0.067 0
0.447 0.079 0
0.358 0.03 0
0.398 0.05 0
0.417 0.036 0
0.372 0.033 0
0.387 0.074 0
0.383 0.098 0
0.414 0.032 0
0.435 0.039 0
0.359 0.104 0
0.407 0.088 0
0.411 0.033 0
0.39 0.127 0
0.426 0.078 0
0.429 0.087 0
0.409 0.047 0
0.373 0.032 0
0.445 0.117 0
0.375 0.08 0
0.356 0.077 0
0.365 0.031 0
0.427 0.063 0
0.392 0.049 0
0.426 0.068 0
0.443 0.126 0
0.387 0.033 0
0.449 0.096 0
0.425 0.113 0
0.394 0.041 0
0.423 0.048 0
0.389 0.058 0
0.417 0.061 0
0.378 0.116 0
0.359 0.081 0
0.42 0.082 0
0.361 0.048 0
0.37 0.058 0
0.393 0.125 0
0.42 0.042 0
0.413 0.078 0
0.392 0.125 0
0.388 0.059 0
0.446 0.059 0
0.368 0.07 0
0.392 0.118 0
0.357 0.06 0
0.395 0.057 0
0.379 0.119 0
0.388 0.127 0
0.394 0.101 0
0.39 0.121 0
0.373 0.072 0
0.42 0.117 0
0.46 0.023 0
0.466 0.089 0
0.414 0.091 0
0.389 0.088 0
0.388 0.082 0
0.4 0.089 0
0.453 0.114 0
0.383 0.08 0
0.392 0.028 0
0.463 0.023 0
0.392 0.051 0
0.384 0.099 0
0.384 0.118 0
0.434 0.025 0
0.381 0.035 0
0.468 0.025 0
0.444 0.063 0
0.443 0.083 0
0.422 0.099 0
0.419 0.067 0
0.384 0.044 0
0.438 0.034 0
0.457 0.033 0
0.394 0.049 0
0.434 0.093 0
0.453 0.118 0
0.398 0.087 0
0.431 0.031 0
0.457 0.046 0
0.461 0.047 0
0.408 0.096 0
0.468 0.092 0
0.403 0.042 0
0.439 0.028 0
0.445 0.08 0
0.376 0.077 0
0.391 0.051 0
0.411 0.09 0
0.378 0.114 0
0.386 0.109 0
0.413 0.084 0
0.437 0.037 0
0.41 0.08 0
0.397 0.09 0
0.411 0.038 0
0.46 0.029 0
0.408 0.059 0
0.441 0.029 0
0.468 0.071 0
0.403 0.096 0
0.442 0.119 0
0.388 0.033 0
0.472 0.119 0
0.475 0.051 0
0.439 0.035 0
0.375 0.03 0
0.387 0.081 0
0.431 0.054 0
0.466 0.104 0
0.438 0.043 0
0.445 0.034 0
0.395 0.025 0
0.418 0.048 0
0.43 0.026 0
0.391 0.055 0
0.44 0.066 0
0.458 0.114 0
0.45 0.098 0
0.435 0.106 0
0.391 0.072 0
0.428 0.113 0
0.388 0.064 0
0.461 0.12 0
0.438 0.115 0
0.472 0.03 0
0.471 0.091 0
0.463 0.023 0
0.376 0.084 0
0.465 0.099 0
0.443 0.119 0
0.414 0.066 0
0.393 0.026 0
0.391 0.072 0
0.457 0.08 0
0.47 0.103 0
0.426 0.066 0
0.384 0.053 0
0.392 0.092 0
0.404 0.074 0
0.388 0.03 0
0.453 0.026 0
0.448 0.063 0
0.376 0.06 0
0.451 0.117 0
0.475 0.076 0
0.439 0.111 0
0.418 0.061 0
0.422 0.09 0
0.398 0.043 0
0.439 0.035 0
0.444 0.04 0
0.419 0.077 0
0.439 0.111 0
0.492 0.087 0
0.5 0.059 0
0.44 0.104 0
0.489 0.086 0
0.411 0.027 0
0.441 0.058 0
0.486 0.103 0
0.434 0.095 0
0.448 0.059 0
0.484 0.1 0
0.417 0.057 0
0.413 0.072 0
0.472 0.114 0
0.439 0.038 0
0.452 0.035 0
0.409 0.024 0
0.492 0.031 0
0.414 0.052 0
0.479 0.093 0
0.42 0.074 0
0.417 0.078 0
0.463 0.076 0
0.437 0.098 0
0.47 0.08 0
0.494 0.112 0
0.417 0.083 0
0.49 0.096 0
0.424 0.114 0
0.502 0.113 0
0.415 0.087 0
0.508 0.082 0
0.457 0.116 0
0.433 0.098 0
0.443 0.113 0
0.43 0.06 0
0.48 0.106 0
0.411 0.043 0
0.416 0.082 0
0.413 0.105 0
0.454 0.033 0
0.504 0.057 0
0.409 0.026 0
0.42 0.023 0
0.44 0.032 0
0.466 0.092 0
0.492 0.024 0
0.505 0.114 0
0.429 0.041 0
0.422 0.041 0
0.41 0.08 0
0.487 0.088 0
0.473 0.089 0
0.475 0.086 0
0.463 0.083 0
0.442 0.055 0
0.427 0.023 0
0.504 0.032 0
0.478 0.102 0
0.429 0.11 0
0.419 0.068 0
0.477 0.073 0
0.468 0.055 0
0.445 0.104 0
0.469 0.092 0
0.464 0.1 0
0.464 0.094 0
0.438 0.059 0
0.487 0.048 0
0.5 0.057 0
0.452 0.019 0
0.496 0.037 0
0.449 0.09 0
0.477 0.106 0
0.482 0.048 0
0.453 0.116 0
0.465 0.109 0
0.414 0.081 0
0.469 0.04 0
0.457 0.064 0
0.432 0.022 0
0.415 0.044 0
0.486 0.083 0
0.463 0.077 0
0.496 0.096 0
0.429 0.051 0
0.477 0.038 0
0.489 0.068 0
0.478 0.026 0
0.432 0.038 0
0.495 0.112 0
0.462 0.086 0
0.408 0.059 0
0.483 0.104 0
0.432 0.039 0
0.434 0.107 0
0.502 0.084 0
0.432 0.022 0
0.458 0.088 0
0.483 0.097 0
0.538 0.091 0
0.507 0.031 0
0.489 0.061 0
0.536 0.095 0
0.516 0.045 0
0.486 0.1 0
0.53 0.072 0
0.539 0.095 0
0.52 0.088 0
0.503 0.058 0
0.513 0.029 0
0.474 0.064 0
0.457 0.066 0
0.5 0.024 0
0.453 0.072 0
0.54 0.05 0
0.522 0.047 0
0.472 0.097 0
0.503 0.04 0
0.473 0.082 0
0.516 0.08 0
0.52 0.066 0
0.473 0.063 0
0.456 0.074 0
0.521 0.057 0
0.533 0.036 0
0.531 0.087 0
0.504 0.097 0
0.53 0.031 0
0.544 0.021 0
0.552 0.046 0
0.481 0.092 0
0.491 0.088 0
0.464 0.038 0
0.528 0.036 0
0.539 0.088 0
0.49 0.05 0
0.542 0.091 0
0.497 0.053 0
0.521 0.072 0
0.479 0.075 0
0.468 0.086 0
0.527 0.029 0
0.518 0.083 0
0.496 0.023 0
0.521 0.091 0
0.516 0.074 0
0.535 0.058 0
0.523 0.079 0
0.46 0.045 0
0.474 0.06 0
0.521 0.046 0
0.541 0.066 0
0.518 0.115 0
0.55 0.085 0
0.462 0.033 0
0.47 0.032 0
0.517 0.118 0
0.486 0.087 0
0.483 0.078 0
0.465 0.077 0
0.47 0.102 0
0.539 0.093 0
0.461 0.109 0
0.455 0.023 0
0.549 0.077 0
0.532 0.111 0
0.507 0.095 0
0.495 0.053 0
0.503 0.103 0
0.514 0.022 0
0.519 0.103 0
0.499 0.08 0
0.495 0.077 0
0.515 0.104 0
0.484 0.053 0
0.498 0.097 0
0.464 0.115 0
0.544 0.091 0
0.472 0.059 0
0.471 0.106 0
0.49 0.039 0
0.541 0.024 0
0.527 0.082 0
0.546 0.075 0
0.476 0.059 0
0.522 0.049 0
0.474 0.063 0
0.463 0.101 0
0.489 0.04 0
0.544 0.065 0
0.533 0.101 0
0.481 0.067 0
0.507 0.029 0
0.495 0.098 0
0.537 0.118 0
0.494 0.025 0
0.532 0.047 0
0.529 0.105 0
0.577 0.036 0
0.53 0.033 0
0.582 0.039 0
0.609 0.11 0
0.614 0.049 0
0.616 0.111 0
0.564 0.091 0
0.577 0.097 0
0.583 0.064 0
0.62 0.078 0
0.522 0.066 0
0.615 0.039 0
0.552 0.047 0
0.529 0.094 0
0.596 0.087 0
0.601 0.056 0
0.535 0.092 0
0.561 0.084 0
0.586 0.096 0
0.616 0.058 0
0.537 0.045 0
0.532 0.09 0
0.526 0.035 0
0.53 0.04 0
0.525 0.08 0
0.522 0.094 0
0.532 0.055 0
0.577 0.085 0
0.548 0.018 0
0.611 0.072 0
0.581 0.082 0
0.573 0.07 0
0.525 0.056 0
0.568 0.082 0
0.577 0.085 0
0.538 0.051 0
0.613 0.069 0
0.534 0.015 0
0.535 0.033 0
0.595 0.037 0
0.611 0.051 0
0.523 0.073 0
0.582 0.026 0
0.559 0.055 0
0.604 0.082 0
0.571 0.027 0
0.605 0.051 0
0.555 0.013 0
0.522 0.043 0
0.528 0.013 0
0.531 0.084 0
0.576 0.066 0
0.587 0.103 0
0.606 0.054 0
0.54 0.037 0
0.604 0.04 0
0.557 0.019 0
0.579 0.034 0
0.613 0.024 0
0.522 0.094 0
0.594 0.065 0
0.539 0.06 0
0.568 0.06 0
0.522 0.086 0
0.599 0.05 0
0.571 0.102 0
0.587 0.039 0
0.534 0.019 0
0.526 0.084 0
0.6 0.076 0
0.58 0.078 0
0.565 0.075 0
0.522 0.035 0
0.531 0.072 0
0.526 0.012 0
0.58 0.082 0
0.553 0.029 0
0.544 0.011 0
0.534 0.109 0
0.601 0.045 0
0.549 0.036 0
0.607 0.08 0
0.558 0.047 0
0.604 0.031 0
0.606 0.035 0
0.527 0.093 0
0.561 0.06 0
0.555 0.068 0
0.587 0.03 0
0.565 0.088 0
0.585 0.021 0
0.61 0.076 0
0.605 0.04 0
0.545 0.108 0
0.567 0.039 0
0.584 0.064 0
0.527 0.061 0
0.596 0.104 0
0.592 0.067 0
0.662 0.102 0
0.628 0.042 0
0.683 0.03 0
0.593 0.07 0
0.619 0.02 0
0.606 0.109 0
0.664 0.079 0
0.612 0.027 0
0.659 0.09 0
0.593 0.094 0
0.622 0.067 0
0.641 0.038 0
0.657 0.051 0
0.682 0.091 0
0.614 0.021 0
0.666 0.098 0
0.585 0.04 0
0.681 0.053 0
0.583 0.044 0
0.63 0.067 0
0.626 0.091 0
0.637 0.082 0
0.605 0.078 0
0.607 0.013 0
0.608 0.081 0
0.667 0.082 0
0.619 0.102 0
0.649 0.101 0
0.594 0.066 0
0.667 0.027 0
0.643 0.044 0
0.669 0.013 0
0.626 0.055 0
0.631 0.022 0
0.659 0.015 0
0.676 0.102 0
0.604 0.1 0
0.642 0.066 0
0.623 0.082 0
0.652 0.099 0
0.632 0.021 0
0.672 0.021 0
0.612 0.024 0
0.674 0.037 0
0.661 0.089 0
0.646 0.067 0
0.68 0.101 0
0.657 0.056 0
0.604 0.112 0
0.6 0.112 0
0.598 0.098 0
0.672 0.037 0
0.645 0.05 0
0.612 0.024 0
0.639 0.049 0
0.638 0.055 0
0.606 0.049 0
0.676 0.072 0
0.678 0.072 0
0.679 0.083 0
0.672 0.023 0
0.608 0.071 0
0.677 0.081 0
0.681 0.07 0
0.65 0.017 0
0.638 0.1 0
0.631 0.031 0
0.618 0.03 0
0.662 0.08 0
0.598 0.079 0
0.616 0.048 0
0.585 0.098 0
0.59 0.104 0
0.65 0.101 0
0.624 0.105 0
0.671 0.028 0
0.672 0.077 0
0.639 0.012 0
0.637 0.058 0
0.652 0.014 0
0.621 0.016 0
0.639 0.09 0
0.667 0.054 0
0.588 0.036 0
0.602 0.094 0
0.588 0.082 0
0.616 0.028 0
0.595 0.033 0
0.612 0.043 0
0.615 0.077 0
0.619 0.098 0
0.606 0.033 0
0.636 0.081 0
0.601 0.102 0
0.67 0.091 0
0.61 0.107 0
0.663 0.072 0
0.61 0.076 0
0.662 0.024 0
0.673 0.108 0
0.735 0.069 0
0.747 0.044 0
0.649 0.037 0
0.713 0.116 0
0.652 0.1 0
0.712 0.096 0
0.711 0.078 0
0.742 0.102 0
0.698 0.129 0
0.69 0.083 0
0.676 0.069 0
0.702 0.101 0
0.722 0.037 0
0.662 0.051 0
0.744 0.048 0
0.708 0.121 0
0.732 0.122 0
0.678 0.053 0
0.723 0.104 0
0.687 0.117 0
0.733 0.084 0
0.711 0.07 0
0.674 0.088 0
0.687 0.125 0
0.674 0.045 0
0.671 0.077 0
0.663 0.039 0
0.659 0.125 0
0.738 0.041 0
0.724 0.101 0
0.678 0.033 0
0.68 0.102 0
0.716 0.129 0
0.698 0.08 0
0.747 0.031 0
0.681 0.065 0
0.652 0.045 0
0.737 0.051 0
0.656 0.076 0
0.715 0.056 0
0.683 0.048 0
0.728 0.126 0
0.695 0.108 0
0.72 0.112 0
0.692 0.121 0
0.667 0.049 0
0.741 0.099 0
0.68 0.067 0
0.684 0.112 0
0.737 0.101 0
0.744 0.063 0
0.678 0.038 0
0.655 0.106 0
0.656 0.066 0
0.731 0.123 0
0.743 0.107 0
0.722 0.105 0
0.731 0.121 0
0.674 0.051 0
0.719 0.057 0
0.68 0.084 0
0.73 0.102 0
0.709 0.07 0
0.669 0.099 0
0.716 0.109 0
0.681 0.109 0
0.716 0.063 0
0.707 0.065 0
0.697 0.083 0
0.708 0.113 0
0.717 0.118 0
0.742 0.04 0
0.706 0.079 0
0.683 0.097 0
0.729 0.108 0
0.704 0.104 0
0.738 0.064 0
0.674 0.105 0
0.702 0.045 0
0.651 0.06 0
0.65 0.109 0
0.665 0.101 0
0.709 0.03 0
0.749 0.055 0
0.714 0.055 0
0.7 0.068 0
0.747 0.038 0
0.685 0.038 0
0.685 0.127 0
0.664 0.108 0
0.728 0.072 0
0.74 0.058 0
0.714 0.079 0
0.672 0.034 0
0.672 0.082 0
0.723 0.055 0
0.695 0.084 0
0.745 0.098 0
0.728 0.094 0
0.675 0.063 0
0.801 0.065 0
0.712 0.07 0
0.738 0.113 0
0.753 0.064 0
0.722 0.122 0
0.801 0.116 0
0.772 0.123 0
0.773 0.079 0
0.773 0.118 0
0.728 0.124 0
0.758 0.115 0
0.8 0.141 0
0.794 0.092 0
0.719 0.076 0
0.781 0.065 0
0.709 0.123 0
0.791 0.102 0
0.716 0.08 0
0.8 0.121 0
0.788 0.109 0
0.763 0.101 0
0.808 0.068 0
0.744 0.152 0
0.807 0.159 0
0.741 0.154 0
0.751 0.09 0
0.71 0.131 0
0.721 0.137 0
0.788 0.067 0
0.778 0.102 0
0.805 0.077 0
0.776 0.091 0
0.8 0.152 0
0.776 0.163 0
0.743 0.097 0
0.724 0.099 0
0.712 0.114 0
0.736 0.077 0
0.728 0.133 0
0.752 0.154 0
0.769 0.087 0
0.804 0.105 0
0.725 0.117 0
0.755 0.122 0
0.719 0.157 0
0.804 0.093 0
0.767 0.106 0
0.75 0.133 0
0.745 0.094 0
0.72 0.08 0
0.71 0.147 0
0.738 0.07 0
0.73 0.093 0
0.751 0.112 0
0.76 0.09 0
0.748 0.116 0
0.739 0.097 0
0.726 0.09 0
0.727 0.082 0
0.751 0.089 0
0.768 0.109 0
0.718 0.079 0
0.715 0.077 0
0.729 0.126 0
0.736 0.088 0
0.765 0.149 0
0.794 0.087 0
0.807 0.071 0
0.734 0.121 0
0.805 0.157 0
0.789 0.074 0
0.742 0.14 0
0.803 0.149 0
0.72 0.104 0
0.714 0.154 0
0.741 0.139 0
0.787 0.074 0
0.724 0.098 0
0.736 0.149 0
0.728 0.148 0
0.718 0.147 0
0.711 0.118 0
0.789 0.154 0
0.745 0.118 0
0.713 0.085 0
0.797 0.113 0
0.774 0.148 0
0.718 0.157 0
0.714 0.093 0
0.736 0.087 0
0.749 0.097 0
0.802 0.162 0
0.737 0.127 0
0.755 0.124 0
0.788 0.082 0
0.745 0.163 0
0.755 0.127 0
0.805 0.154 0
0.722 0.068 0
0.723 0.147 0
0.827 0.157 0
0.752 0.166 0
0.849 0.145 0
0.812 0.185 0
0.779 0.14 0
0.757 0.103 0
0.782 0.191 0
0.838 0.11 0
0.848 0.124 0
0.826 0.132 0
0.849 0.127 0
0.82 0.139 0
0.807 0.169 0
0.8 0.133 0
0.802 0.133 0
0.749 0.116 0
0.794 0.116 0
0.849 0.132 0
0.818 0.184 0
0.749 0.177 0
0.795 0.103 0
0.787 0.192 0
0.769 0.095 0
0.805 0.099 0
0.796 0.128 0
0.801 0.12 0
0.817 0.098 0
0.813 0.19 0
0.796 0.1 0
0.804 0.191 0
0.825 0.127 0
0.825 0.182 0
0.761 0.153 0
0.817 0.166 0
0.831 0.17 0
0.822 0.144 0
0.844 0.108 0
0.786 0.181 0
0.815 0.095 0
0.776 0.176 0
0.804 0.149 0
0.797 0.148 0
0.835 0.143 0
0.773 0.189 0
0.758 0.13 0
0.76 0.16 0
0.762 0.155 0
0.817 0.192 0
0.753 0.165 0
0.842 0.135 0
0.751 0.176 0
0.788 0.138 0
0.753 0.101 0
0.751 0.171 0
0.801 0.12 0
0.759 0.138 0
0.775 0.164 0
0.8 0.164 0
0.802 0.176 0
0.826 0.105 0
0.792 0.144 0
0.773 0.137 0
0.836 0.108 0
0.816 0.192 0
0.827 0.127 0
0.756 0.157 0
0.763 0.142 0
0.77 0.133 0
0.813 0.157 0
0.775 0.153 0
0.82 0.189 0
0.799 0.136 0
0.776 0.104 0
0.76 0.161 0
0.848 0.169 0
0.762 0.121 0
0.784 0.133 0
0.823 0.175 0
0.756 0.104 0
0.768 0.141 0
0.832 0.129 0
0.793 0.183 0
0.808 0.168 0
0.804 0.194 0
0.753 0.162 0
0.763 0.136 0
0.774 0.189 0
0.827 0.156 0
0.832 0.11 0
0.754 0.175 0
0.799 0.123 0
0.769 0.103 0
0.823 0.181 0
0.769 0.19 0
0.812 0.171 0
0.828 0.1 0
0.833 0.153 0
0.84 0.186 0
0.76 0.157 0
0.838 0.194 0
0.889 0.211 0
0.811 0.172 0
0.803 0.179 0
0.795 0.228 0
0.857 0.23 0
0.816 0.2 0
0.797 0.233 0
0.806 0.202 0
0.805 0.15 0
0.843 0.187 0
0.854 0.194 0
0.871 0.196 0
0.801 0.184 0
0.855 0.229 0
0.828 0.209 0
0.802 0.222 0
0.835 0.198 0
0.795 0.237 0
0.884 0.243 0
0.81 0.181 0
0.834 0.231 0
0.834 0.199 0
0.859 0.243 0
0.893 0.194 0
0.889 0.178 0
0.84 0.219 0
0.804 0.189 0
0.834 0.24 0
0.848 0.234 0
0.872 0.211 0
0.811 0.205 0
0.872 0.212 0
0.796 0.227 0
0.875 0.151 0
0.811 0.217 0
0.83 0.205 0
0.843 0.178 0
0.853 0.245 0
0.816 0.238 0
0.877 0.215 0
0.809 0.158 0
0.822 0.242 0
0.822 0.213 0
0.823 0.244 0
0.814 0.201 0
0.893 0.238 0
0.799 0.23 0
0.831 0.244 0
0.844 0.193 0
0.804 0.244 0
0.874 0.187 0
0.836 0.238 0
0.811 0.221 0
0.832 0.149 0
0.887 0.192 0
0.861 0.238 0
0.804 0.234 0
0.867 0.198 0
0.881 0.196 0
0.827 0.179 0
0.817 0.193 0
0.87 0.239 0
0.798 0.24 0
0.807 0.245 0
0.83 0.147 0
0.844 0.164 0
0.888 0.221 0
0.855 0.233 0
0.807 0.156 0
0.795 0.223 0
0.802 0.237 0
0.816 0.221 0
0.882 0.221 0
0.815 0.171 0
0.885 0.158 0
0.819 0.184 0
0.824 0.155 0
0.797 0.203 0
0.815 0.148 0
0.879 0.181 0
0.857 0.158 0
0.891 0.16 0
0.83 0.154 0
0.82 0.189 0
0.816 0.189 0
0.814 0.187 0
0.801 0.217 0
0.852 0.195 0
0.867 0.22 0
0.835 0.241 0
0.887 0.165 0
0.859 0.222 0
0.879 0.235 0
0.798 0.221 0
0.855 0.18 0
0.845 0.183 0
0.877 0.179 0
0.814 0.162 0
0.82 0.167 0
0.836 0.208 0
0.891 0.273 0
0.837 0.273 0
0.863 0.222 0
0.838 0.202 0
0.879 0.211 0
0.885 0.209 0
0.858 0.224 0
0.876 0.251 0
0.839 0.261 0
0.894 0.19 0
0.82 0.276 0
0.817 0.224 0
0.855 0.196 0
0.834 0.202 0
0.863 0.265 0
0.898 0.217 0
0.872 0.262 0
0.882 0.19 0
0.835 0.183 0
0.831 0.236 0
0.88 0.204 0
0.852 0.236 0
0.871 0.213 0
0.891 0.257 0
0.849 0.194 0
0.895 0.277 0
0.82 0.191 0
0.87 0.225 0
0.903 0.282 0
0.898 0.231 0
0.865 0.256 0
0.829 0.254 0
0.914 0.227 0
0.859 0.19 0
0.915 0.239 0
0.832 0.219 0
0.837 0.197 0
0.826 0.241 0
0.9 0.272 0
0.884 0.187 0
0.858 0.274 0
0.889 0.266 0
0.83 0.237 0
0.87 0.282 0
0.845 0.248 0
0.829 0.235 0
0.829 0.226 0
0.823 0.196 0
0.871 0.232 0
0.848 0.251 0
0.915 0.279 0
0.876 0.184 0
0.866 0.261 0
0.898 0.217 0
0.835 0.241 0
0.909 0.209 0
0.881 0.229 0
0.904 0.21 0
0.876 0.214 0
0.877 0.259 0
0.848 0.239 0
0.889 0.192 0
0.9 0.194 0
0.894 0.201 0
0.903 0.264 0
0.912 0.261 0
0.864 0.234 0
0.82 0.255 0
0.835 0.185 0
0.9 0.247 0
0.835 0.221 0
0.861 0.245 0
0.902 0.244 0
0.871 0.27 0
0.82 0.182 0
0.897 0.262 0
0.882 0.2 0
0.905 0.263 0
0.867 0.229 0
0.883 0.235 0
0.843 0.23 0
0.819 0.225 0
0.88 0.214 0
0.903 0.191 0
0.852 0.191 0
0.827 0.195 0
0.837 0.269 0
0.821 0.23 0
0.901 0.186 0
0.914 0.275 0
0.85 0.272 0
0.844 0.193 0
0.91 0.245 0
0.834 0.195 0
0.84 0.249 0
0.822 0.272 0
0.908 0.217 0
0.85 0.272 0
0.86 0.262 0
0.888 0.253 0
0.923 0.265 0
0.893 0.289 0
0.902 0.266 0
0.837 0.351 0
0.869 0.345 0
0.886 0.274 0
0.877 0.289 0
0.902 0.296 0
0.884 0.26 0
0.846 0.337 0
0.884 0.353 0
0.885 0.295 0
0.918 0.354 0
0.889 0.262 0
0.856 0.331 0
0.853 0.329 0
0.866 0.287 0
0.878 0.355 0
0.872 0.303 0
0.881 0.294 0
0.883 0.26 0
0.918 0.27 0
0.876 0.287 0
0.856 0.326 0
0.881 0.338 0
0.919 0.305 0
0.858 0.258 0
0.918 0.348 0
0.863 0.314 0
0.841 0.321 0
0.855 0.349 0
0.863 0.275 0
0.855 0.269 0
0.853 0.347 0
0.854 0.337 0
0.911 0.289 0
0.914 0.354 0
0.893 0.289 0
0.839 0.3 0
0.835 0.293 0
0.896 0.288 0
0.897 0.343 0
0.887 0.337 0
0.877 0.282 0
0.889 0.267 0
0.881 0.302 0
0.891 0.338 0
0.851 0.312 0
0.859 0.287 0
0.923 0.314 0
0.88 0.263 0
0.848 0.332 0
0.908 0.317 0
0.864 0.268 0
0.882 0.353 0
0.869 0.291 0
0.912 0.329 0
0.878 0.279 0
0.853 0.301 0
0.905 0.279 0
0.842 0.296 0
0.925 0.291 0
0.836 0.341 0
0.905 0.318 0
0.881 0.265 0
0.858 0.292 0
0.901 0.33 0
0.883 0.274 0
0.885 0.278 0
0.911 0.301 0
0.845 0.346 0
0.871 0.263 0
0.894 0.343 0
0.894 0.318 0
0.912 0.328 0
0.887 0.342 0
0.88 0.307 0
0.854 0.334 0
0.87 0.29 0
0.93 0.324 0
0.892 0.256 0
0.835 0.284 0
0.898 0.271 0
0.929 0.304 0
0.876 0.303 0
0.843 0.284 0
0.834 0.313 0
0.93 0.302 0
0.91 0.327 0
0.901 0.268 0
0.919 0.272 0
0.931 0.283 0
0.882 0.28 0
0.856 0.268 0
0.921 0.356 0
0.9 0.277 0
0.86 0.345 0
0.883 0.256 0
0.859 0.297 0
0.9 0.298 0
0.925 0.384 0
0.94 0.362 0
0.935 0.401 0
0.861 0.379 0
0.905 0.365 0
0.924 0.399 0
0.936 0.389 0
0.931 0.366 0
0.858 0.396 0
0.846 0.393 0
0.848 0.38 0
0.932 0.329 0
0.853 0.381 0
0.944 0.317 0
0.91 0.375 0
0.867 0.35 0
0.928 0.33 0
0.861 0.334 0
0.913 0.413 0
0.866 0.316 0
0.887 0.389 0
0.864 0.408 0
0.885 0.35 0
0.846 0.344 0
0.873 0.332 0
0.89 0.403 0
0.895 0.364 0
0.853 0.384 0
0.939 0.328 0
0.887 0.356 0
0.928 0.373 0
0.898 0.372 0
0.923 0.335 0
0.933 0.357 0
0.927 0.364 0
0.873 0.368 0
0.919 0.357 0
0.855 0.34 0
0.936 0.316 0
0.945 0.325 0
0.932 0.322 0
0.871 0.41 0
0.944 0.393 0
0.945 0.387 0
0.848 0.332 0
0.938 0.385 0
0.858 0.34 0
0.941 0.386 0
0.865 0.409 0
0.94 0.389 0
0.862 0.383 0
0.863 0.389 0
0.894 0.315 0
0.885 0.371 0
0.885 0.381 0
0.871 0.35 0
0.928 0.405 0
0.928 0.363 0
0.906 0.403 0
0.867 0.381 0
0.923 0.394 0
0.927 0.36 0
0.925 0.411 0
0.925 0.411 0
0.887 0.362 0
0.929 0.384 0
0.86 0.351 0
0.85 0.407 0
0.905 0.405 0
0.942 0.37 0
0.896 0.338 0
0.91 0.364 0
0.866 0.411 0
0.871 0.323 0
0.908 0.327 0
0.938 0.321 0
0.943 0.367 0
0.865 0.407 0
0.944 0.372 0
0.895 0.384 0
0.932 0.385 0
0.943 0.397 0
0.905 0.402 0
0.846 0.399 0
0.908 0.404 0
0.89 0.405 0
0.937 0.326 0
0.932 0.362 0
0.855 0.331 0
0.928 0.373 0
0.895 0.366 0
0.869 0.324 0
0.944 0.384 0
0.93 0.324 0
0.87 0.333 0
0.892 0.407 0
0.922 0.363 0
0.88 0.4 0
0.865 0.341 0
0.898 0.354 0
0.952 0.398 0
0.886 0.421 0
0.952 0.397 0
0.922 0.398 0
0.895 0.407 0
0.916 0.438 0
0.943 0.46 0
0.893 0.442 0
0.915 0.403 0
0.864 0.379 0
0.937 0.42 0
0.857 0.386 0
0.866 0.452 0
0.9 0.432 0
0.946 0.453 0
0.886 0.428 0
0.951 0.4 0
0.943 0.422 0
0.933 0.448 0
0.892 0.389 0
0.925 0.376 0
0.855 0.383 0
0.953 0.395 0
0.9 0.439 0
0.863 0.393 0
0.942 0.395 0
0.873 0.472 0
0.927 0.414 0
0.921 0.452 0
0.946 0.44 0
0.952 0.412 0
0.86 0.433 0
0.873 0.389 0
0.888 0.412 0
0.879 0.402 0
0.864 0.42 0
0.927 0.459 0
0.863 0.451 0
0.95 0.404 0
0.898 0.422 0
0.875 0.439 0
0.873 0.455 0
0.871 0.419 0
0.865 0.468 0
0.868 0.407 0
0.878 0.455 0
0.954 0.474 0
0.918 0.459 0
0.895 0.375 0
0.89 0.428 0
0.869 0.402 0
0.927 0.431 0
0.882 0.402 0
0.938 0.41 0
0.904 0.422 0
0.906 0.4 0
0.874 0.423 0
0.904 0.397 0
0.941 0.443 0
0.877 0.431 0
0.951 0.447 0
0.941 0.394 0
0.902 0.459 0
0.89 0.458 0
0.943 0.403 0
0.884 0.466 0
0.905 0.456 0
0.884 0.462 0
0.915 0.475 0
0.919 0.418 0
0.933 0.438 0
0.901 0.395 0
0.925 0.404 0
0.923 0.41 0
0.893 0.439 0
0.955 0.453 0
0.899 0.393 0
0.943 0.388 0
0.868 0.468 0
0.955 0.427 0
0.941 0.419 0
0.872 0.397 0
0.866 0.466 0
0.922 0.437 0
0.915 0.471 0
0.858 0.473 0
0.908 0.42 0
0.931 0.441 0
0.913 0.461 0
0.874 0.39 0
0.891 0.411 0
0.893 0.444 0
0.871 0.451 0
0.871 0.44 0
0.912 0.403 0
0.93 0.439 0
0.899 0.406 0
0.882 0.443 0
0.906 0.408 0
0.924 0.411 0
0.889 0.496 0
0.924 0.497 0
0.933 0.486 0
0.883 0.522 0
0.925 0.468 0
0.878 0.462 0
0.923 0.539 0
0.862 0.46 0
0.918 0.502 0
0.951 0.49 0
0.859 0.502 0
0.912 0.494 0
0.954 0.452 0
0.929 0.509 0
0.921 0.45 0
0.896 0.467 0
0.958 0.509 0
0.921 0.501 0
0.954 0.542 0
0.901 0.546 0
0.881 0.484 0
0.92 0.538 0
0.915 0.452 0
0.88 0.53 0
0.866 0.548 0
0.918 0.451 0
0.915 0.468 0
0.875 0.49 0
0.907 0.518 0
0.901 0.477 0
0.952 0.503 0
0.882 0.484 0
0.937 0.517 0
0.879 0.512 0
0.895 0.488 0
0.929 0.532 0
0.955 0.545 0
0.872 0.524 0
0.926 0.525 0
0.898 0.513 0
0.91 0.477 0
0.876 0.497 0
0.922 0.464 0
0.929 0.485 0
0.944 0.548 0
0.875 0.513 0
0.956 0.521 0
0.865 0.466 0
0.909 0.506 0
0.95 0.485 0
0.896 0.528 0
0.906 0.524 0
0.88 0.545 0
0.933 0.479 0
0.883 0.498 0
0.905 0.515 0
0.887 0.523 0
0.888 0.452 0
0.951 0.543 0
0.929 0.5 0
0.899 0.535 0
0.928 0.544 0
0.951 0.453 0
0.873 0.505 0
0.875 0.486 0
0.952 0.464 0
0.884 0.489 0
0.862 0.484 0
0.948 0.463 0
0.915 0.481 0
0.889 0.509 0
0.902 0.54 0
0.943 0.485 0
0.939 0.523 0
0.904 0.483 0
0.879 0.498 0
0.919 0.512 0
0.953 0.462 0
0.887 0.545 0
0.917 0.54 0
0.913 0.475 0
0.919 0.53 0
0.858 0.518 0
0.955 0.449 0
0.939 0.495 0
0.911 0.461 0
0.925 0.496 0
0.95 0.532 0
0.946 0.469 0
0.858 0.449 0
0.886 0.524 0
0.951 0.506 0
0.907 0.505 0
0.954 0.546 0
0.884 0.466 0
0.888 0.524 0
0.881 0.518 0
0.867 0.519 0
0.909 0.492 0
0.874 0.481 0
0.903 0.541 0
0.946 0.596 0
0.927 0.524 0
0.874 0.601 0
0.916 0.587 0
0.865 0.528 0
0.925 0.54 0
0.946 0.574 0
0.865 0.547 0
0.859 0.543 0
0.937 0.541 0
0.879 0.543 0
0.86 0.582 0
0.942 0.541 0
0.913 0.533 0
0.873 0.529 0
0.892 0.536 0
0.851 0.598 0
0.854 0.594 0
0.945 0.599 0
0.866 0.548 0
0.851 0.605 0
0.933 0.524 0
0.885 0.586 0
0.889 0.588 0
0.88 0.6 0
0.908 0.589 0
0.905 0.525 0
0.861 0.572 0
0.942 0.528 0
0.948 0.534 0
0.884 0.595 0
0.917 0.564 0
0.94 0.545 0
0.891 0.564 0
0.933 0.561 0
0.947 0.582 0
0.902 0.573 0
0.913 0.585 0
0.943 0.596 0
0.923 0.552 0
0.858 0.514 0
0.892 0.591 0
0.918 0.586 0
0.851 0.594 0
0.855 0.588 0
0.919 0.568 0
0.874 0.586 0
0.863 0.529 0
0.904 0.548 0
0.936 0.537 0
0.871 0.567 0
0.885 0.545 0
0.879 0.542 0
0.865 0.568 0
0.917 0.593 0
0.878 0.609 0
0.928 0.524 0
0.868 0.578 0
0.924 0.545 0
0.917 0.609 0
0.938 0.548 0
0.857 0.543 0
0.883 0.559 0
0.947 0.591 0
0.941 0.541 0
0.917 0.585 0
0.872 0.538 0
0.902 0.562 0
0.948 0.576 0
0.928 0.599 0
0.891 0.552 0
0.851 0.563 0
0.917 0.608 0
0.868 0.531 0
0.891 0.582 0
0.932 0.56 0
0.926 0.535 0
0.858 0.582 0
0.929 0.605 0
0.919 0.588 0
0.86 0.551 0
0.874 0.533 0
0.853 0.59 0
0.859 0.597 0
0.922 0.584 0
0.899 0.59 0
0.939 0.524 0
0.859 0.546 0
0.926 0.537 0
0.871 0.538 0
0.938 0.545 0
0.903 0.557 0
0.901 0.516 0
0.857 0.578 0
0.933 0.525 0
0.861 0.59 0
0.939 0.562 0
0.91 0.609 0
0.894 0.526 0
0.887 0.568 0
0.895 0.569 0
0.896 0.633 0
0.895 0.572 0
0.839 0.653 0
0.871 0.576 0
0.925 0.645 0
0.921 0.598 0
0.857 0.598 0
0.838 0.659 0
0.842 0.578 0
0.837 0.614 0
0.835 0.568 0
0.841 0.624 0
0.886 0.659 0
0.835 0.578 0
0.854 0.632 0
0.927 0.592 0
0.899 0.597 0
0.843 0.628 0
0.882 0.622 0
0.864 0.638 0
0.88 0.631 0
0.859 0.62 0
0.873 0.594 0
0.905 0.638 0
0.834 0.575 0
0.844 0.616 0
0.923 0.589 0
0.895 0.597 0
0.845 0.617 0
0.927 0.614 0
0.837 0.585 0
0.896 0.648 0
0.837 0.604 0
0.843 0.649 0
0.889 0.583 0
0.836 0.655 0
0.856 0.582 0
0.837 0.615 0
0.848 0.565 0
0.838 0.612 0
0.915 0.645 0
0.865 0.656 0
0.835 0.662 0
0.859 0.578 0
0.914 0.612 0
0.836 0.636 0
0.886 0.624 0
0.833 0.648 0
0.917 0.636 0
0.883 0.622 0
0.876 0.583 0
0.84 0.591 0
0.894 0.569 0
0.92 0.595 0
0.903 0.607 0
0.879 0.621 0
0.918 0.633 0
0.844 0.614 0
0.921 0.615 0
0.931 0.598 0
0.926 0.595 0
0.921 0.6 0
0.871 0.588 0
0.847 0.577 0
0.853 0.615 0
0.923 0.614 0
0.85 0.591 0
0.917 0.626 0
0.843 0.567 0
0.927 0.619 0
0.859 0.608 0
0.842 0.605 0
0.926 0.59 0
0.875 0.611 0
0.849 0.617 0
0.882 0.567 0
0.898 0.653 0
0.875 0.591 0
0.897 0.643 0
0.93 0.588 0
0.886 0.579 0
0.862 0.656 0
0.901 0.605 0
0.863 0.62 0
0.927 0.652 0
0.924 0.636 0
0.904 0.588 0
0.832 0.571 0
0.852 0.603 0
0.901 0.579 0
0.88 0.636 0
0.88 0.583 0
0.925 0.619 0
0.924 0.614 0
0.859 0.57 0
0.869 0.568 0
0.858 0.609 0
0.923 0.627 0
0.867 0.631 0
0.832 0.657 0
0.844 0.665 0
0.83 0.663 0
0.826 0.657 0
0.872 0.648 0
0.856 0.66 0
0.809 0.655 0
0.894 0.68 0
0.88 0.663 0
0.895 0.69 0
0.837 0.671 0
0.878 0.693 0
0.809 0.693 0
0.868 0.684 0
0.851 0.679 0
0.867 0.62 0
0.848 0.704 0
0.868 0.628 0
0.841 0.657 0
0.843 0.637 0
0.835 0.681 0
0.861 0.713 0
0.87 0.639 0
0.858 0.688 0
0.828 0.665 0
0.891 0.624 0
0.878 0.699 0
0.868 0.634 0
0.867 0.704 0
0.889 0.642 0
0.857 0.647 0
0.828 0.63 0
0.859 0.707 0
0.874 0.665 0
0.888 0.687 0
0.807 0.671 0
0.826 0.651 0
0.809 0.65 0
0.872 0.618 0
0.81 0.713 0
0.819 0.715 0
0.884 0.703 0
0.812 0.685 0
0.881 0.647 0
0.902 0.715 0
0.819 0.682 0
0.851 0.665 0
0.846 0.625 0
0.903 0.686 0
0.818 0.651 0
0.836 0.647 0
0.843 0.712 0
0.828 0.625 0
0.842 0.642 0
0.854 0.655 0
0.814 0.67 0
0.87 0.653 0
0.837 0.621 0
0.811 0.659 0
0.85 0.655 0
0.848 0.67 0
0.835 0.68 0
0.862 0.67 0
0.858 0.685 0
0.865 0.664 0
0.818 0.666 0
0.821 0.648 0
0.822 0.626 0
0.891 0.648 0
0.876 0.691 0
0.868 0.681 0
0.833 0.692 0
0.855 0.618 0
0.812 0.633 0
0.834 0.65 0
0.879 0.655 0
0.814 0.684 0
0.892 0.708 0
0.864 0.698 0
0.871 0.688 0
0.854 0.665 0
0.874 0.677 0
0.83 0.673 0
0.806 0.685 0
0.858 0.637 0
0.864 0.667 0
0.868 0.715 0
0.898 0.688 0
0.868 0.632 0
0.872 0.622 0
0.848 0.701 0
0.816 0.644 0
0.901 0.701 0
0.808 0.716 0
0.836 0.715 0
0.837 0.625 0
0.848 0.679 0
0.868 0.657 0
0.848 0.662 0
0.88 0.737 0
0.86 0.721 0
0.861 0.756 0
0.796 0.752 0
0.805 0.717 0
0.813 0.745 0
0.788 0.754 0
0.797 0.724 0
0.88 0.738 0
0.815 0.722 0
0.832 0.743 0
0.79 0.738 0
0.804 0.723 0
0.865 0.751 0
0.862 0.752 0
0.788 0.667 0
0.864 0.662 0
0.815 0.749 0
0.83 0.748 0
0.844 0.729 0
0.801 0.702 0
0.804 0.698 0
0.848 0.665 0
0.787 0.727 0
0.844 0.682 0
0.851 0.693 0
0.805 0.75 0
0.817 0.66 0
0.875 0.729 0
0.817 0.678 0
0.864 0.664 0
0.859 0.68 0
0.814 0.708 0
0.827 0.684 0
0.845 0.752 0
0.818 0.695 0
0.863 0.755 0
0.833 0.74 0
0.823 0.752 0
0.82 0.734 0
0.862 0.688 0
0.859 0.699 0
0.872 0.702 0
0.884 0.667 0
0.824 0.7 0
0.836 0.662 0
0.868 0.749 0
0.864 0.712 0
0.829 0.693 0
0.834 0.699 0
0.864 0.733 0
0.851 0.748 0
0.845 0.681 0
0.859 0.754 0
0.825 0.702 0
0.793 0.695 0
0.85 0.756 0
0.865 0.687 0
0.863 0.688 0
0.858 0.709 0
0.833 0.677 0
0.786 0.746 0
0.867 0.709 0
0.812 0.697 0
0.868 0.735 0
0.832 0.697 0
0.84 0.666 0
0.805 0.739 0
0.807 0.694 0
0.828 0.674 0
0.834 0.686 0
0.808 0.717 0
0.861 0.685 0
0.857 0.72 0
0.844 0.742 0
0.853 0.682 0
0.853 0.726 0
0.786 0.724 0
0.812 0.697 0
0.883 0.732 0
0.799 0.682 0
0.787 0.684 0
0.851 0.691 0
0.87 0.7 0
0.8 0.723 0
0.88 0.752 0
0.816 0.668 0
0.848 0.724 0
0.88 0.671 0
0.85 0.712 0
0.798 0.711 0
0.842 0.705 0
0.868 0.74 0
0.821 0.753 0
0.882 0.729 0
0.798 0.724 0
0.882 0.754 0
0.839 0.742 0
0.806 0.673 0
0.818 0.741 0
0.832 0.749 0
0.78 0.746 0
0.824 0.762 0
0.743 0.708 0
0.778 0.727 0
0.837 0.732 0
0.77 0.742 0
0.752 0.788 0
0.758 0.779 0
0.759 0.726 0
0.802 0.781 0
0.77 0.723 0
0.78 0.748 0
0.771 0.794 0
0.822 0.791 0
0.813 0.71 0
0.811 0.773 0
0.813 0.736 0
0.795 0.725 0
0.78 0.753 0
0.78 0.785 0
0.761 0.737 0
0.767 0.738 0
0.841 0.723 0
0.81 0.72 0
0.826 0.756 0
0.753 0.777 0
0.749 0.71 0
0.833 0.785 0
0.792 0.795 0
0.818 0.729 0
0.744 0.783 0
0.805 0.789 0
0.773 0.797 0
0.798 0.744 0
0.829 0.783 0
0.749 0.75 0
0.787 0.707 0
0.835 0.734 0
0.831 0.735 0
0.756 0.768 0
0.831 0.727 0
0.746 0.712 0
0.818 0.719 0
0.823 0.771 0
0.806 0.755 0
0.762 0.708 0
0.75 0.78 0
0.774 0.779 0
0.747 0.733 0
0.781 0.783 0
0.776 0.783 0
0.824 0.803 0
0.831 0.798 0
0.809 0.724 0
0.794 0.773 0
0.799 0.741 0
0.777 0.803 0
0.772 0.779 0
0.794 0.711 0
0.802 0.743 0
0.744 0.75 0
0.751 0.736 0
0.769 0.727 0
0.794 0.744 0
0.818 0.774 0
0.787 0.754 0
0.816 0.803 0
0.791 0.78 0
0.819 0.72 0
0.826 0.706 0
0.829 0.786 0
0.836 0.756 0
0.778 0.774 0
0.774 0.78 0
0.806 0.763 0
0.817 0.748 0
0.75 0.785 0
0.755 0.757 0
0.833 0.774 0
0.82 0.774 0
0.826 0.779 0
0.758 0.755 0
0.749 0.768 0
0.796 0.769 0
0.759 0.743 0
0.757 0.717 0
0.804 0.733 0
0.769 0.711 0
0.778 0.713 0
0.745 0.738 0
0.791 0.704 0
0.784 0.751 0
0.792 0.727 0
0.747 0.799 0
0.786 0.705 0
0.744 0.752 0
0.828 0.796 0
0.759 0.777 0
0.825 0.744 0
0.733 0.791 0
0.805 0.787 0
0.777 0.834 0
0.765 0.748 0
0.801 0.775 0
0.808 0.832 0
0.802 0.843 0
0.787 0.807 0
0.773 0.745 0
0.733 0.769 0
0.728 0.779 0
0.767 0.778 0
0.772 0.818 0
0.743 0.838 0
0.713 0.802 0
0.731 0.787 0
0.729 0.821 0
0.795 0.749 0
0.802 0.839 0
0.773 0.796 0
0.732 0.772 0
0.778 0.747 0
0.716 0.745 0
0.806 0.822 0
0.716 0.813 0
0.739 0.756 0
0.747 0.756 0
0.761 0.816 0
0.798 0.841 0
0.805 0.823 0
0.785 0.832 0
0.754 0.747 0
0.778 0.776 0
0.801 0.772 0
0.736 0.842 0
0.808 0.818 0
0.751 0.838 0
0.713 0.792 0
0.776 0.785 0
0.767 0.764 0
0.724 0.791 0
0.726 0.819 0
0.781 0.76 0
0.781 0.827 0
0.764 0.833 0
0.792 0.811 0
0.731 0.824 0
0.759 0.78 0
0.723 0.836 0
0.809 0.81 0
0.791 0.776 0
0.781 0.788 0
0.763 0.771 0
0.794 0.839 0
0.79 0.801 0
0.734 0.78 0
0.746 0.764 0
0.746 0.816 0
0.719 0.797 0
0.792 0.76 0
0.773 0.746 0
0.809 0.826 0
0.762 0.84 0
0.736 0.795 0
0.724 0.842 0
0.714 0.835 0
0.74 0.754 0
0.741 0.828 0
0.72 0.771 0
0.761 0.764 0
0.806 0.81 0
0.755 0.814 0
0.72 0.817 0
0.72 0.812 0
0.795 0.786 0
0.803 0.763 0
0.752 0.785 0
0.733 0.809 0
0.779 0.776 0
0.765 0.831 0
0.715 0.838 0
0.785 0.839 0
0.751 0.797 0
0.735 0.818 0
0.75 0.845 0
0.799 0.79 0
0.77 0.838 0
0.805 0.817 0
0.802 0.838 0
0.807 0.754 0
0.737 0.779 0
0.766 0.836 0
0.738 0.777 0
0.743 0.774 0
0.76 0.806 0
0.751 0.761 0
0.811 0.773 0
0.774 0.81 0
0.753 0.761 0
0.715 0.794 0
0.699 0.81 0
0.682 0.861 0
0.748 0.787 0
0.677 0.832 0
0.727 0.882 0
0.743 0.851 0
0.67 0.832 0
0.672 0.825 0
0.671 0.877 0
0.736 0.85 0
0.675 0.887 0
0.707 0.827 0
0.667 0.852 0
0.71 0.811 0
0.679 0.809 0
0.704 0.815 0
0.722 0.809 0
0.733 0.841 0
0.654 0.816 0
0.712 0.828 0
0.717 0.788 0
0.737 0.825 0
0.731 0.838 0
0.685 0.814 0
0.726 0.879 0
0.738 0.856 0
0.748 0.862 0
0.741 0.866 0
0.654 0.845 0
0.712 0.865 0
0.722 0.788 0
0.746 0.794 0
0.726 0.855 0
0.665 0.837 0
0.684 0.811 0
0.67 0.794 0
0.709 0.882 0
0.732 0.872 0
0.691 0.872 0
0.694 0.81 0
0.705 0.855 0
0.692 0.824 0
0.711 0.878 0
0.666 0.822 0
0.725 0.847 0
0.678 0.799 0
0.686 0.864 0
0.714 0.792 0
0.727 0.855 0
0.676 0.853 0
0.66 0.848 0
0.718 0.81 0
0.71 0.852 0
0.717 0.876 0
0.658 0.79 0
0.701 0.878 0
0.712 0.882 0
0.671 0.803 0
0.653 0.873 0
0.746 0.879 0
0.744 0.826 0
0.681 0.802 0
0.682 0.871 0
0.67 0.834 0
0.747 0.797 0
0.704 0.818 0
0.714 0.795 0
0.715 0.838 0
0.722 0.874 0
0.652 0.789 0
0.696 0.875 0
0.651 0.886 0
0.699 0.826 0
0.722 0.85 0
0.689 0.881 0
0.719 0.885 0
0.737 0.877 0
0.667 0.826 0
0.701 0.834 0
0.724 0.832 0
0.731 0.84 0
0.672 0.871 0
0.672 0.787 0
0.672 0.837 0
0.661 0.88 0
0.715 0.847 0
0.718 0.877 0
0.738 0.796 0
0.675 0.79 0
0.702 0.879 0
0.676 0.86 0
0.728 0.849 0
0.652 0.874 0
0.65 0.83 0
0.659 0.847 0
0.65 0.881 0
0.737 0.883 0
0.713 0.872 0
0.748 0.884 0
0.719 0.859 0
0.616 0.91 0
0.614 0.905 0
0.649 0.85 0
0.618 0.916 0
0.671 0.861 0
0.658 0.864 0
0.604 0.888 0
0.637 0.843 0
0.621 0.932 0
0.627 0.915 0
0.607 0.904 0
0.578 0.85 0
0.603 0.852 0
0.582 0.936 0
0.669 0.868 0
0.579 0.902 0
0.631 0.918 0
0.661 0.888 0
0.581 0.862 0
0.675 0.935 0
0.661 0.932 0
0.656 0.866 0
0.599 0.925 0
0.608 0.897 0
0.666 0.85 0
0.578 0.88 0
0.648 0.89 0
0.636 0.922 0
0.63 0.917 0
0.582 0.906 0
0.629 0.937 0
0.626 0.89 0
0.614 0.926 0
0.667 0.843 0
0.607 0.857 0
0.594 0.887 0
0.595 0.928 0
0.59 0.864 0
0.63 0.849 0
0.671 0.915 0
0.66 0.886 0
0.65 0.908 0
0.61 0.893 0
0.602 0.893 0
0.644 0.857 0
0.578 0.892 0
0.587 0.871 0
0.593 0.936 0
0.611 0.902 0
0.599 0.86 0
0.624 0.892 0
0.589 0.866 0
0.663 0.934 0
0.597 0.919 0
0.644 0.889 0
0.596 0.854 0
0.65 0.894 0
0.616 0.91 0
0.605 0.927 0
0.609 0.849 0
0.626 0.892 0
0.617 0.895 0
0.592 0.916 0
0.591 0.89 0
0.619 0.854 0
0.654 0.906 0
0.622 0.901 0
0.622 0.862 0
0.669 0.87 0
0.581 0.902 0
0.645 0.89 0
0.6 0.922 0
0.608 0.841 0
0.614 0.911 0
0.65 0.852 0
0.59 0.896 0
0.594 0.849 0
0.613 0.926 0
0.671 0.917 0
0.657 0.904 0
0.628 0.856 0
0.669 0.879 0
0.632 0.92 0
0.596 0.886 0
0.662 0.878 0
0.594 0.843 0
0.633 0.852 0
0.649 0.917 0
0.614 0.846 0
0.58 0.914 0
0.669 0.918 0
0.625 0.846 0
0.635 0.863 0
0.637 0.898 0
0.622 0.849 0
0.649 0.932 0
0.578 0.899 0
0.606 0.858 0
0.594 0.86 0
0.671 0.842 0
0.505 0.983 0
0.534 0.885 0
0.556 0.969 0
0.546 0.91 0
0.576 0.912 0
0.494 0.948 0
0.556 0.942 0
0.516 0.957 0
0.542 0.885 0
0.518 0.903 0
0.512 0.937 0
0.571 0.954 0
0.549 0.971 0
0.58 0.905 0
0.531 0.924 0
0.513 0.976 0
0.571 0.97 0
0.571 0.915 0
0.508 0.896 0
0.566 0.907 0
0.558 0.945 0
0.567 0.978 0
0.561 0.932 0
0.557 0.942 0
0.527 0.945 0
0.522 0.903 0
0.589 0.886 0
0.514 0.958 0
0.499 0.939 0
0.501 0.94 0
0.539 0.921 0
0.536 0.911 0
0.549 0.955 0
0.525 0.953 0
0.582 0.912 0
0.509 0.925 0
0.57 0.933 0
0.567 0.955 0
0.539 0.924 0
0.52 0.956 0
0.524 0.961 0
0.526 0.927 0
0.552 0.895 0
0.546 0.954 0
0.518 0.961 0
0.541 0.923 0
0.535 0.887 0
0.493 0.901 0
0.59 0.931 0
0.533 0.984 0
0.565 0.927 0
0.533 0.905 0
0.559 0.952 0
0.545 0.916 0
0.529 0.934 0
0.557 0.945 0
0.527 0.981 0
0.538 0.947 0
0.549 0.975 0
0.496 0.973 0
0.549 0.889 0
0.536 0.959 0
0.538 0.953 0
0.572 0.984 0
0.53 0.939 0
0.504 0.896 0
0.547 0.984 0
0.586 0.885 0
0.521 0.982 0
0.532 0.98 0
0.578 0.923 0
0.529 0.942 0
0.518 0.965 0
0.58 0.965 0
0.533 0.944 0
0.533 0.935 0
0.494 0.932 0
0.561 0.925 0
0.561 0.974 0
0.523 0.904 0
0.524 0.912 0
0.585 0.953 0
0.548 0.916 0
0.547 0.938 0
0.512 0.974 0
0.592 0.903 0
0.556 0.907 0
0.578 0.913 0
0.523 0.975 0
0.585 0.913 0
0.543 0.95 0
0.524 0.901 0
0.567 0.949 0
0.537 0.96 0
0.516 0.949 0
0.565 0.899 0
0.497 0.902 0
0.567 0.925 0
0.503 0.936 0
0.525 0.91 0
0.379 0.425 1
0.314 0.452 1
0.349 0.499 1
0.373 0.473 1
0.295 0.425 1
0.371 0.439 1
0.311 0.48 1
0.374 0.44 1
0.344 0.489 1
0.309 0.495 1
0.332 0.42 1
0.299 0.509 1
0.369 0.51 1
0.342 0.477 1
0.363 0.473 1
0.367 0.435 1
0.308 0.416 1
0.378 0.435 1
0.337 0.414 1
0.353 0.439 1
0.39 0.466 1
0.318 0.42 1
0.326 0.513 1
0.378 0.444 1
0.335 0.423 1
0.363 0.513 1
0.373 0.503 1
0.372 0.446 1
0.35 0.447 1
0.371 0.51 1
0.392 0.464 1
0.361 0.479 1
0.34 0.429 1
0.314 0.434 1
0.343 0.415 1
0.342 0.512 1
0.303 0.495 1
0.379 0.487 1
0.349 0.467 1
0.315 0.468 1
0.381 0.451 1
0.344 0.483 1
0.346 0.414 1
0.337 0.438 1
0.377 0.446 1
0.355 0.447 1
0.323 0.478 1
0.357 0.495 1
0.305 0.476 1
0.319 0.504 1
0.328 0.426 1
0.339 0.509 1
0.298 0.447 1
0.372 0.454 1
0.33 0.448 1
0.39 0.432 1
0.358 0.447 1
0.295 0.428 1
0.391 0.513 1
0.38 0.495 1
0.378 0.503 1
0.313 0.418 1
0.328 0.484 1
0.372 0.438 1
0.367 0.462 1
0.338 0.435 1
0.314 0.487 1
0.325 0.482 1
0.394 0.453 1
0.335 0.503 1
0.3 0.419 1
0.327 0.507 1
0.302 0.506 1
0.376 0.422 1
0.313 0.475 1
0.366 0.453 1
0.362 0.449 1
0.385 0.478 1
0.378 0.444 1
0.381 0.49 1
0.369 0.514 1
0.388 0.46 1
0.366 0.497 1
0.322 0.459 1
0.366 0.43 1
0.378 0.425 1
0.394 0.489 1
0.357 0.455 1
0.332 0.502 1
0.343 0.507 1
0.357 0.498 1
0.34 0.446 1
0.301 0.474 1
0.392 0.429 1
0.348 0.502 1
0.348 0.444 1
0.335 0.444 1
0.3 0.441 1
0.308 0.514 1
0.346 0.435 1
0.352 0.458 1
0.417 0.417 1
0.359 0.419 1
0.404 0.419 1
0.417 0.438 1
0.399 0.374 1
0.353 0.375 1
0.366 0.421 1
0.427 0.413 1
0.368 0.398 1
0.388 0.445 1
0.358 0.397 1
0.361 0.466 1
0.347 0.373 1
0.362 0.429 1
0.391 0.444 1
0.417 0.446 1
0.428 0.374 1
0.397 0.422 1
0.384 0.444 1
0.39 0.453 1
0.431 0.383 1
0.38 0.393 1
0.38 0.427 1
0.403 0.424 1
0.396 0.389 1
0.409 0.451 1
0.407 0.379 1
0.416 0.461 1
0.418 0.412 1
0.354 0.412 1
0.391 0.431 1
0.361 0.428 1
0.404 0.449 1
0.415 0.427 1
0.403 0.464 1
0.425 0.371 1
0.339 0.41 1
0.421 0.454 1
0.432 0.409 1
0.354 0.434 1
0.349 0.453 1
0.354 0.443 1
0.352 0.46 1
0.423 0.453 1
0.359 0.394 1
0.34 0.446 1
0.391 0.398 1
0.399 0.442 1
0.337 0.389 1
0.409 0.411 1
0.403 0.44 1
0.368 0.46 1
0.402 0.431 1
0.34 0.464 1
0.403 0.465 1
0.407 0.462 1
0.341 0.433 1
0.409 0.375 1
0.338 0.445 1
0.422 0.416 1
0.402 0.418 1
0.37 0.432 1
0.379 0.419 1
0.377 0.432 1
0.381 0.423 1
0.431 0.381 1
0.344 0.465 1
0.37 0.446 1
0.415 0.407 1
0.395 0.371 1
0.397 0.411 1
0.43 0.378 1
0.417 0.398 1
0.43 0.446 1
0.417 0.417 1
0.368 0.37 1
0.359 0.452 1
0.355 0.461 1
0.394 0.379 1
0.41 0.43 1
0.333 0.396 1
0.369 0.378 1
0.339 0.421 1
0.42 0.424 1
0.333 0.461 1
0.373 0.437 1
0.362 0.378 1
0.343 0.403 1
0.429 0.462 1
0.365 0.383 1
0.405 0.437 1
0.397 0.428 1
0.352 0.449 1
0.423 0.386 1
0.398 0.388 1
0.41 0.406 1
0.387 0.459 1
0.423 0.429 1
0.359 0.458 1
0.461 0.345 1
0.387 0.358 1
0.417 0.356 1
0.47 0.383 1
0.484 0.345 1
0.416 0.426 1
0.411 0.37 1
0.481 0.379 1
0.472 0.405 1
0.478 0.378 1
0.451 0.441 1
0.399 0.393 1
0.419 0.358 1
0.441 0.345 1
0.483 0.362 1
0.446 0.376 1
0.453 0.375 1
0.421 0.438 1
0.429 0.387 1
0.454 0.419 1
0.398 0.409 1
0.394 0.352 1
0.414 0.371 1
0.402 0.37 1
0.397 0.42 1
0.467 0.359 1
0.414 0.428 1
0.456 0.424 1
0.475 0.375 1
0.391 0.394 1
0.409 0.44 1
0.399 0.398 1
0.443 0.381 1
0.404 0.391 1
0.401 0.365 1
0.4 0.433 1
0.457 0.384 1
0.394 0.364 1
0.475 0.437 1
0.407 0.357 1
0.39 0.43 1
0.454 0.396 1
0.456 0.426 1
0.482 0.421 1
0.422 0.365 1
0.427 0.396 1
0.394 0.4 1
0.481 0.398 1
0.434 0.415 1
0.422 0.413 1
0.468 0.385 1
0.39 0.444 1
0.428 0.423 1
0.424 0.393 1
0.477 0.357 1
0.39 0.434 1
0.436 0.413 1
0.48 0.418 1
0.427 0.42 1
0.44 0.349 1
0.472 0.369 1
0.481 0.417 1
0.385 0.416 1
0.443 0.404 1
0.469 0.36 1
0.416 0.428 1
0.396 0.41 1
0.423 0.399 1
0.482 0.434 1
0.444 0.393 1
0.484 0.426 1
0.468 0.395 1
0.469 0.444 1
0.458 0.368 1
0.418 0.365 1
0.409 0.397 1
0.47 0.395 1
0.445 0.432 1
0.393 0.348 1
0.448 0.403 1
0.429 0.348 1
0.444 0.367 1
0.475 0.346 1
0.401 0.359 1
0.46 0.428 1
0.434 0.369 1
0.39 0.436 1
0.411 0.443 1
0.412 0.373 1
0.413 0.388 1
0.444 0.36 1
0.407 0.347 1
0.418 0.399 1
0.427 0.359 1
0.384 0.425 1
0.469 0.43 1
0.45 0.388 1
0.454 0.408 1
0.456 0.391 1
0.397 0.351 1
0.53 0.358 1
0.558 0.432 1
0.54 0.414 1
0.556 0.42 1
0.522 0.41 1
0.519 0.422 1
0.469 0.427 1
0.553 0.355 1
0.474 0.417 1
0.495 0.389 1
0.516 0.37 1
0.551 0.381 1
0.489 0.375 1
0.534 0.35 1
0.493 0.353 1
0.526 0.359 1
0.532 0.371 1
0.552 0.4 1
0.557 0.393 1
0.536 0.388 1
0.509 0.382 1
0.49 0.389 1
0.46 0.433 1
0.505 0.346 1
0.53 0.389 1
0.509 0.367 1
0.511 0.421 1
0.483 0.411 1
0.557 0.347 1
0.477 0.391 1
0.532 0.393 1
0.47 0.359 1
0.511 0.439 1
0.526 0.405 1
0.527 0.372 1
0.482 0.427 1
0.555 0.38 1
0.554 0.424 1
0.495 0.35 1
0.482 0.439 1
0.499 0.405 1
0.522 0.391 1
0.488 0.366 1
0.474 0.424 1
0.491 0.39 1
0.538 0.429 1
0.546 0.436 1
0.472 0.343 1
0.5 0.42 1
0.464 0.379 1
0.519 0.418 1
0.507 0.392 1
0.534 0.39 1
0.525 0.406 1
0.464 0.4 1
0.551 0.432 1
0.542 0.347 1
0.501 0.423 1
0.546 0.354 1
0.541 0.36 1
0.545 0.394 1
0.466 0.409 1
0.521 0.426 1
0.532 0.439 1
0.464 0.421 1
0.51 0.401 1
0.469 0.359 1
0.515 0.348 1
0.512 0.358 1
0.47 0.438 1
0.527 0.362 1
0.483 0.412 1
0.482 0.385 1
0.558 0.386 1
0.481 0.402 1
0.463 0.353 1
0.544 0.419 1
0.505 0.405 1
0.527 0.344 1
0.531 0.382 1
0.533 0.353 1
0.537 0.428 1
0.525 0.426 1
0.471 0.35 1
0.485 0.404 1
0.523 0.34 1
0.487 0.417 1
0.534 0.434 1
0.479 0.356 1
0.478 0.406 1
0.54 0.418 1
0.504 0.4 1
0.487 0.37 1
0.501 0.369 1
0.512 0.341 1
0.46 0.423 1
0.459 0.434 1
0.484 0.402 1
0.528 0.42 1
0.526 0.413 1
0.589 0.382 1
0.529 0.419 1
0.572 0.365 1
0.604 0.35 1
0.56 0.349 1
0.551 0.346 1
0.561 0.424 1
0.54 0.44 1
0.57 0.403 1
0.531 0.38 1
0.538 0.394 1
0.58 0.389 1
0.53 0.446 1
0.519 0.425 1
0.547 0.397 1
0.542 0.438 1
0.569 0.399 1
0.58 0.403 1
0.537 0.366 1
0.531 0.362 1
0.565 0.435 1
0.525 0.442 1
0.538 0.435 1
0.578 0.422 1
0.572 0.405 1
0.585 0.402 1
0.522 0.41 1
0.601 0.37 1
0.582 0.366 1
0.525 0.404 1
0.614 0.431 1
0.585 0.368 1
0.555 0.37 1
0.556 0.352 1
0.526 0.399 1
0.589 0.395 1
0.586 0.382 1
0.567 0.415 1
0.555 0.411 1
0.559 0.362 1
0.593 0.378 1
0.615 0.431 1
0.571 0.374 1
0.523 0.403 1
0.572 0.374 1
0.612 0.436 1
0.601 0.367 1
0.602 0.426 1
0.613 0.402 1
0.569 0.431 1
0.549 0.361 1
0.528 0.388 1
0.57 0.353 1
0.545 0.444 1
0.613 0.395 1
0.562 0.35 1
0.558 0.397 1
0.614 0.428 1
0.61 0.427 1
0.597 0.36 1
0.533 0.388 1
0.611 0.379 1
0.614 0.427 1
0.61 0.432 1
0.588 0.409 1
0.584 0.366 1
0.551 0.372 1
0.587 0.35 1
0.594 0.37 1
0.534 0.359 1
0.538 0.433 1
0.582 0.413 1
0.526 0.445 1
0.544 0.358 1
0.598 0.423 1
0.592 0.408 1
0.568 0.356 1
0.603 0.432 1
0.541 0.416 1
0.596 0.354 1
0.586 0.434 1
0.55 0.354 1
0.527 0.433 1
0.522 0.417 1
0.597 0.41 1
0.541 0.409 1
0.534 0.382 1
0.558 0.426 1
0.608 0.436 1
0.52 0.443 1
0.569 0.355 1
0.528 0.411 1
0.597 0.386 1
0.56 0.372 1
0.528 0.362 1
0.597 0.416 1
0.554 0.434 1
0.536 0.407 1
0.536 0.41 1
0.57 0.443 1
0.655 0.44 1
0.624 0.444 1
0.613 0.412 1
0.576 0.445 1
0.625 0.429 1
0.619 0.47 1
0.608 0.392 1
0.611 0.4 1
0.638 0.452 1
0.564 0.476 1
0.602 0.393 1
0.637 0.481 1
0.578 0.386 1
0.56 0.467 1
0.6 0.432 1
0.636 0.445 1
0.582 0.431 1
0.651 0.382 1
0.586 0.415 1
0.631 0.481 1
0.558 0.445 1
0.651 0.443 1
0.578 0.422 1
0.589 0.387 1
0.623 0.416 1
0.653 0.394 1
0.625 0.42 1
0.562 0.385 1
0.591 0.463 1
0.641 0.43 1
0.594 0.448 1
0.616 0.442 1
0.605 0.407 1
0.561 0.423 1
0.562 0.457 1
0.56 0.415 1
0.635 0.389 1
0.627 0.469 1
0.651 0.398 1
0.656 0.465 1
0.584 0.446 1
0.622 0.429 1
0.603 0.416 1
0.597 0.462 1
0.583 0.426 1
0.619 0.455 1
0.616 0.447 1
0.639 0.413 1
0.567 0.385 1
0.626 0.399 1
0.611 0.46 1
0.584 0.445 1
0.657 0.472 1
0.658 0.456 1
0.634 0.466 1
0.606 0.439 1
0.578 0.425 1
0.581 0.454 1
0.558 0.429 1
0.635 0.422 1
0.58 0.396 1
0.595 0.464 1
0.621 0.428 1
0.643 0.392 1
0.643 0.403 1
0.577 0.41 1
0.651 0.407 1
0.558 0.401 1
0.647 0.401 1
0.604 0.443 1
0.594 0.413 1
0.608 0.462 1
0.569 0.437 1
0.606 0.394 1
0.583 0.382 1
0.589 0.447 1
0.606 0.434 1
0.657 0.467 1
0.565 0.478 1
0.638 0.476 1
0.622 0.441 1
0.565 0.436 1
0.655 0.412 1
0.583 0.44 1
0.577 0.436 1
0.592 0.459 1
0.651 0.387 1
0.579 0.429 1
0.608 0.405 1
0.581 0.416 1
0.637 0.395 1
0.651 0.439 1
0.567 0.44 1
0.633 0.458 1
0.624 0.472 1
0.609 0.458 1
0.567 0.4 1
0.62 0.456 1
0.622 0.451 1
0.597 0.464 1
0.659 0.528 1
0.648 0.489 1
0.589 0.537 1
0.659 0.495 1
0.593 0.558 1
0.605 0.553 1
0.61 0.57 1
0.662 0.499 1
0.644 0.571 1
0.639 0.528 1
0.619 0.544 1
0.657 0.478 1
0.611 0.529 1
0.613 0.506 1
0.65 0.539 1
0.626 0.534 1
0.609 0.495 1
0.582 0.548 1
0.602 0.482 1
0.579 0.5 1
0.599 0.499 1
0.625 0.497 1
0.666 0.569 1
0.581 0.566 1
0.62 0.511 1
0.579 0.569 1
0.58 0.485 1
0.619 0.562 1
0.635 0.551 1
0.64 0.519 1
0.661 0.479 1
0.638 0.514 1
0.583 0.501 1
0.648 0.53 1
0.582 0.524 1
0.662 0.503 1
0.598 0.496 1
0.644 0.474 1
0.647 0.548 1
0.583 0.553 1
0.574 0.571 1
0.664 0.499 1
0.605 0.474 1
0.631 0.552 1
0.611 0.497 1
0.632 0.537 1
0.632 0.48 1
0.641 0.472 1
0.62 0.471 1
0.618 0.475 1
0.631 0.486 1
0.61 0.486 1
0.642 0.488 1
0.58 0.507 1
0.657 0.515 1
0.59 0.536 1
0.57 0.531 1
0.625 0.498 1
0.585 0.474 1
0.603 0.487 1
0.607 0.501 1
0.652 0.522 1
0.645 0.486 1
0.637 0.481 1
0.619 0.542 1
0.6 0.504 1
0.616 0.523 1
0.6 0.558 1
0.598 0.491 1
0.643 0.53 1
0.575 0.522 1
0.637 0.489 1
0.642 0.548 1
0.638 0.542 1
0.637 0.528 1
0.621 0.472 1
0.62 0.521 1
0.621 0.489 1
0.664 0.48 1
0.615 0.489 1
0.634 0.537 1
0.606 0.5 1
0.637 0.52 1
0.642 0.493 1
0.642 0.558 1
0.608 0.514 1
0.586 0.516 1
0.62 0.487 1
0.601 0.512 1
0.665 0.543 1
0.656 0.499 1
0.624 0.496 1
0.605 0.526 1
0.615 0.536 1
0.636 0.539 1
0.668 0.517 1
0.619 0.472 1
0.635 0.567 1
0.629 0.5 1
0.602 0.512 1
0.63 0.568 1
0.58 0.576 1
0.579 0.569 1
0.57 0.533 1
0.604 0.601 1
0.561 0.59 1
0.622 0.578 1
0.636 0.531 1
0.611 0.575 1
0.649 0.583 1
0.64 0.557 1
0.622 0.601 1
0.641 0.546 1
0.651 0.554 1
0.624 0.583 1
0.628 0.573 1
0.62 0.623 1
0.576 0.579 1
0.647 0.559 1
0.606 0.56 1
0.622 0.56 1
0.619 0.627 1
0.639 0.579 1
0.557 0.559 1
0.583 0.599 1
0.634 0.533 1
0.628 0.549 1
0.556 0.61 1
0.581 0.562 1
0.574 0.545 1
0.601 0.561 1
0.567 0.601 1
0.648 0.588 1
0.581 0.598 1
0.563 0.531 1
0.605 0.543 1
0.611 0.62 1
0.635 0.58 1
0.574 0.541 1
0.648 0.595 1
0.624 0.582 1
0.56 0.604 1
0.604 0.573 1
0.582 0.53 1
0.559 0.591 1
0.622 0.527 1
0.617 0.598 1
0.584 0.624 1
0.576 0.625 1
0.653 0.566 1
0.558 0.552 1
0.564 0.612 1
0.574 0.598 1
0.57 0.53 1
0.618 0.595 1
0.624 0.62 1
0.557 0.546 1
0.569 0.612 1
0.641 0.583 1
0.601 0.561 1
0.606 0.617 1
0.641 0.572 1
0.571 0.62 1
0.604 0.621 1
0.586 0.58 1
0.634 0.607 1
0.652 0.536 1
0.641 0.537 1
0.555 0.618 1
0.629 0.588 1
0.63 0.62 1
0.65 0.583 1
0.62 0.582 1
0.554 0.596 1
0.6 0.556 1
0.593 0.596 1
0.649 0.527 1
0.572 0.543 1
0.592 0.538 1
0.578 0.561 1
0.593 0.575 1
0.626 0.604 1
0.624 0.613 1
0.585 0.557 1
0.58 0.539 1
0.61 0.59 1
0.635 0.584 1
0.598 0.605 1
0.632 0.574 1
0.65 0.539 1
0.583 0.599 1
0.576 0.619 1
0.642 0.573 1
0.573 0.529 1
0.591 0.568 1
0.642 0.546 1
0.645 0.597 1
0.642 0.624 1
0.568 0.543 1
0.646 0.542 1
0.504 0.643 1
0.537 0.606 1
0.519 0.583 1
0.508 0.632 1
0.538 0.582 1
0.513 0.643 1
0.53 0.613 1
0.561 0.587 1
0.564 0.584 1
0.541 0.589 1
0.504 0.648 1
0.59 0.672 1
0.529 0.645 1
0.536 0.653 1
0.568 0.613 1
0.508 0.614 1
0.546 0.665 1
0.526 0.661 1
0.574 0.643 1
0.512 0.596 1
0.548 0.674 1
0.499 0.627 1
0.589 0.618 1
0.547 0.652 1
0.559 0.602 1
0.57 0.628 1
0.512 0.64 1
0.533 0.643 1
0.543 0.589 1
0.558 0.669 1
0.586 0.669 1
0.574 0.65 1
0.522 0.628 1
0.499 0.677 1
0.567 0.623 1
0.591 0.601 1
0.566 0.647 1
0.568 0.606 1
0.507 0.615 1
0.542 0.663 1
0.522 0.665 1
0.544 0.604 1
0.545 0.654 1
0.582 0.664 1
0.505 0.599 1
0.567 0.659 1
0.577 0.637 1
0.522 0.62 1
0.558 0.654 1
0.533 0.646 1
0.539 0.64 1
0.556 0.621 1
0.551 0.645 1
0.556 0.615 1
0.587 0.64 1
0.585 0.656 1
0.536 0.662 1
0.542 0.664 1
0.561 0.643 1
0.597 0.647 1
0.542 0.669 1
0.574 0.654 1
0.542 0.616 1
0.574 0.583 1
0.583 0.623 1
0.591 0.661 1
0.521 0.633 1
0.577 0.669 1
0.53 0.651 1
0.528 0.612 1
0.539 0.659 1
0.51 0.664 1
0.502 0.657 1
0.52 0.644 1
0.589 0.671 1
0.582 0.599 1
0.566 0.682 1
0.556 0.655 1
0.499 0.606 1
0.541 0.614 1
0.52 0.582 1
0.569 0.608 1
0.583 0.644 1
0.593 0.662 1
0.536 0.675 1
0.522 0.669 1
0.524 0.588 1
0.554 0.67 1
0.553 0.598 1
0.533 0.659 1
0.529 0.626 1
0.502 0.608 1
0.515 0.595 1
0.503 0.642 1
0.519 0.677 1
0.505 0.636 1
0.593 0.594 1
0.577 0.6 1
0.538 0.649 1
0.528 0.626 1
0.557 0.65 1
0.55 0.644 1
0.549 0.642 1
0.47 0.643 1
0.512 0.632 1
0.513 0.685 1
0.473 0.681 1
0.477 0.674 1
0.528 0.693 1
0.495 0.629 1
0.471 0.608 1
0.502 0.647 1
0.526 0.655 1
0.476 0.607 1
0.527 0.693 1
0.469 0.635 1
0.493 0.608 1
0.476 0.646 1
0.485 0.608 1
0.509 0.636 1
0.493 0.697 1
0.472 0.647 1
0.562 0.657 1
0.549 0.677 1
0.521 0.623 1
0.487 0.696 1
0.537 0.683 1
0.547 0.689 1
0.498 0.629 1
0.557 0.665 1
0.524 0.636 1
0.475 0.676 1
0.556 0.605 1
0.569 0.641 1
0.559 0.633 1
0.546 0.613 1
0.498 0.677 1
0.533 0.632 1
0.554 0.679 1
0.484 0.652 1
0.472 0.697 1
0.516 0.61 1
0.519 0.631 1
0.531 0.638 1
0.486 0.617 1
0.478 0.616 1
0.482 0.675 1
0.514 0.692 1
0.498 0.688 1
0.542 0.628 1
0.524 0.601 1
0.54 0.636 1
0.566 0.671 1
0.546 0.608 1
0.52 0.682 1
0.563 0.604 1
0.494 0.616 1
0.538 0.627 1
0.473 0.624 1
0.538 0.643 1
0.484 0.636 1
0.478 0.615 1
0.5 0.608 1
0.525 0.646 1
0.473 0.604 1
0.555 0.603 1
0.564 0.601 1
0.49 0.697 1
0.543 0.669 1
0.562 0.687 1
0.538 0.667 1
0.499 0.66 1
0.514 0.641 1
0.527 0.659 1
0.47 0.661 1
0.484 0.678 1
0.499 0.68 1
0.513 0.655 1
0.497 0.664 1
0.502 0.637 1
0.486 0.63 1
0.56 0.626 1
0.568 0.669 1
0.516 0.631 1
0.537 0.657 1
0.489 0.64 1
0.529 0.667 1
0.487 0.653 1
0.473 0.607 1
0.565 0.685 1
0.489 0.629 1
0.552 0.646 1
0.552 0.652 1
0.474 0.666 1
0.529 0.675 1
0.47 0.668 1
0.471 0.653 1
0.533 0.672 1
0.561 0.607 1
0.494 0.667 1
0.411 0.624 1
0.486 0.692 1
0.467 0.632 1
0.449 0.684 1
0.419 0.628 1
0.461 0.663 1
0.404 0.662 1
0.477 0.686 1
0.464 0.68 1
0.413 0.621 1
0.494 0.638 1
0.411 0.63 1
0.445 0.606 1
0.423 0.671 1
0.426 0.612 1
0.455 0.647 1
0.432 0.672 1
0.495 0.67 1
0.459 0.696 1
0.492 0.625 1
0.427 0.633 1
0.44 0.625 1
0.429 0.666 1
0.444 0.652 1
0.412 0.668 1
0.419 0.64 1
0.415 0.686 1
0.486 0.603 1
0.452 0.609 1
0.459 0.683 1
0.441 0.691 1
0.456 0.675 1
0.472 0.682 1
0.446 0.648 1
0.426 0.614 1
0.489 0.653 1
0.462 0.674 1
0.439 0.601 1
0.4 0.616 1
0.431 0.648 1
0.445 0.616 1
0.399 0.612 1
0.489 0.623 1
0.407 0.679 1
0.459 0.663 1
0.438 0.599 1
0.447 0.695 1
0.494 0.608 1
0.418 0.61 1
0.455 0.686 1
0.421 0.609 1
0.493 0.601 1
0.471 0.624 1
0.496 0.604 1
0.431 0.655 1
0.49 0.638 1
0.469 0.674 1
0.412 0.609 1
0.497 0.626 1
0.43 0.655 1
0.452 0.675 1
0.482 0.688 1
0.487 0.631 1
0.446 0.67 1
0.471 0.682 1
0.408 0.647 1
0.421 0.662 1
0.404 0.65 1
0.429 0.615 1
0.399 0.616 1
0.411 0.619 1
0.497 0.682 1
0.479 0.646 1
0.42 0.686 1
0.497 0.614 1
0.494 0.672 1
0.478 0.661 1
0.425 0.695 1
0.489 0.616 1
0.465 0.598 1
0.468 0.62 1
0.415 0.627 1
0.494 0.696 1
0.449 0.631 1
0.465 0.602 1
0.457 0.672 1
0.427 0.6 1
0.456 0.6 1
0.406 0.598 1
0.417 0.619 1
0.423 0.606 1
0.484 0.68 1
0.456 0.639 1
0.401 0.621 1
0.46 0.645 1
0.4 0.604 1
0.422 0.62 1
0.421 0.602 1
0.404 0.662 1
0.482 0.604 1
0.355 0.617 1
0.358 0.58 1
0.356 0.653 1
0.382 0.567 1
0.383 0.64 1
0.359 0.594 1
0.382 0.593 1
0.415 0.646 1
0.358 0.569 1
0.363 0.569 1
0.419 0.582 1
0.342 0.573 1
0.327 0.571 1
0.368 0.562 1
0.351 0.569 1
0.38 0.58 1
0.352 0.611 1
0.387 0.56 1
0.351 0.633 1
0.354 0.584 1
0.33 0.648 1
0.328 0.595 1
0.414 0.56 1
0.39 0.623 1
0.36 0.633 1
0.39 0.604 1
0.383 0.655 1
0.423 0.591 1
0.391 0.629 1
0.385 0.611 1
0.339 0.596 1
0.417 0.591 1
0.381 0.594 1
0.402 0.646 1
0.353 0.615 1
0.394 0.579 1
0.397 0.576 1
0.382 0.567 1
0.387 0.576 1
0.402 0.642 1
0.328 0.621 1
0.392 0.58 1
0.344 0.612 1
0.401 0.643 1
0.421 0.629 1
0.382 0.603 1
0.379 0.62 1
0.36 0.622 1
0.362 0.641 1
0.371 0.576 1
0.424 0.634 1
0.401 0.641 1
0.427 0.606 1
0.413 0.562 1
0.381 0.627 1
0.425 0.648 1
0.413 0.607 1
0.359 0.631 1
0.398 0.592 1
0.387 0.642 1
0.344 0.558 1
0.33 0.633 1
0.376 0.65 1
0.364 0.573 1
0.395 0.609 1
0.395 0.597 1
0.371 0.627 1
0.395 0.617 1
0.404 0.644 1
0.356 0.59 1
0.406 0.642 1
0.339 0.576 1
0.41 0.59 1
0.341 0.601 1
0.408 0.567 1
0.333 0.618 1
0.341 0.566 1
0.414 0.608 1
0.363 0.621 1
0.328 0.62 1
0.38 0.603 1
0.336 0.65 1
0.367 0.615 1
0.342 0.61 1
0.391 0.584 1
0.336 0.653 1
0.424 0.559 1
0.369 0.573 1
0.384 0.585 1
0.344 0.602 1
0.403 0.654 1
0.39 0.634 1
0.383 0.657 1
0.413 0.635 1
0.351 0.627 1
0.368 0.6 1
0.343 0.627 1
0.426 0.568 1
0.411 0.649 1
0.409 0.612 1
0.372 0.527 1
0.326 0.526 1
0.334 0.541 1
0.361 0.566 1
0.383 0.554 1
0.318 0.564 1
0.305 0.54 1
0.381 0.577 1
0.328 0.568 1
0.32 0.511 1
0.389 0.582 1
0.357 0.543 1
0.391 0.56 1
0.305 0.542 1
0.316 0.584 1
0.337 0.543 1
0.318 0.578 1
0.355 0.544 1
0.354 0.533 1
0.355 0.558 1
0.374 0.597 1
0.349 0.585 1
0.308 0.504 1
0.359 0.523 1
0.345 0.541 1
0.31 0.526 1
0.308 0.566 1
0.298 0.554 1
0.319 0.563 1
0.305 0.593 1
0.329 0.56 1
0.311 0.572 1
0.32 0.592 1
0.368 0.524 1
0.309 0.522 1
0.322 0.587 1
0.317 0.508 1
0.314 0.534 1
0.378 0.597 1
0.296 0.597 1
0.317 0.583 1
0.359 0.514 1
0.358 0.502 1
0.305 0.514 1
0.391 0.586 1
0.332 0.526 1
0.391 0.558 1
0.297 0.559 1
0.324 0.584 1
0.308 0.499 1
0.385 0.59 1
0.386 0.558 1
0.355 0.55 1
0.297 0.525 1
0.335 0.534 1
0.386 0.56 1
0.328 0.559 1
0.379 0.559 1
0.34 0.55 1
0.353 0.566 1
0.301 0.594 1
0.308 0.598 1
0.396 0.597 1
0.315 0.582 1
0.308 0.518 1
0.304 0.574 1
0.358 0.581 1
0.337 0.592 1
0.316 0.566 1
0.325 0.58 1
0.369 0.546 1
0.384 0.576 1
0.357 0.522 1
0.31 0.566 1
0.306 0.567 1
0.366 0.566 1
0.384 0.52 1
0.356 0.505 1
0.342 0.597 1
0.378 0.587 1
0.307 0.533 1
0.324 0.544 1
0.377 0.576 1
0.304 0.582 1
0.392 0.578 1
0.352 0.54 1
0.336 0.568 1
0.366 0.574 1
0.381 0.538 1
0.341 0.557 1
0.336 0.567 1
0.356 0.585 1
0.303 0.57 1
0.308 0.553 1
0.322 0.591 1
0.365 0.54 1
0.367 0.507 1
0.319 0.533 1
0.359 0.519 1
0.347 0.521 1
