0.137 0.548 0
0.145 0.553 0
0.136 0.57 0
0.19 0.606 0
0.161 0.574 0
0.192 0.55 0
0.11 0.539 0
0.174 0.552 0
0.182 0.582 0
0.185 0.602 0
0.152 0.553 0
0.113 0.553 0
0.153 0.581 0
0.125 0.555 0
0.144 0.612 0
0.147 0.557 0
0.2 0.586 0
0.172 0.565 0
0.194 0.584 0
0.13 0.54 0
0.117 0.585 0
0.2 0.545 0
0.176 0.532 0
0.199 0.574 0
0.16 0.579 0
0.175 0.577 0
0.154 0.574 0
0.116 0.604 0
0.173 0.597 0
0.208 0.589 0
0.165 0.542 0
0.174 0.538 0
0.165 0.521 0
0.149 0.534 0
0.191 0.541 0
0.169 0.581 0
0.148 0.539 0
0.149 0.59 0
0.128 0.525 0
0.153 0.582 0
0.159 0.586 0
0.147 0.572 0
0.199 0.577 0
0.135 0.538 0
0.111 0.52 0
0.128 0.551 0
0.192 0.608 0
0.136 0.518 0
0.183 0.52 0
0.186 0.532 0
0.16 0.578 0
0.177 0.607 0
0.192 0.603 0
0.181 0.529 0
0.131 0.531 0
0.206 0.556 0
0.134 0.595 0
0.179 0.531 0
0.123 0.56 0
0.184 0.536 0
0.152 0.589 0
0.138 0.568 0
0.152 0.527 0
0.178 0.614 0
0.115 0.604 0
0.16 0.546 0
0.118 0.524 0
0.161 0.601 0
0.205 0.531 0
0.201 0.613 0
0.114 0.58 0
0.193 0.54 0
0.163 0.532 0
0.119 0.588 0
0.204 0.611 0
0.152 0.578 0
0.12 0.528 0
0.111 0.562 0
0.121 0.538 0
0.196 0.556 0
0.142 0.602 0
0.135 0.544 0
0.11 0.581 0
0.158 0.553 0
0.112 0.554 0
0.125 0.6 0
0.156 0.607 0
0.143 0.564 0
0.164 0.528 0
0.124 0.524 0
0.19 0.546 0
0.166 0.584 0
0.189 0.517 0
0.113 0.589 0
0.153 0.583 0
0.148 0.607 0
0.14 0.587 0
0.17 0.6 0
0.183 0.611 0
0.209 0.58 0
0.138 0.581 0
0.104 0.564 0
0.152 0.607 0
0.139 0.543 0
0.076 0.563 0
0.097 0.612 0
0.106 0.604 0
0.07 0.609 0
0.092 0.603 0
0.123 0.6 0
0.124 0.624 0
0.149 0.573 0
0.147 0.639 0
0.155 0.559 0
0.089 0.566 0
0.075 0.641 0
0.128 0.623 0
0.116 0.636 0
0.077 0.57 0
0.127 0.628 0
0.098 0.606 0
0.104 0.576 0
0.127 0.631 0
0.116 0.558 0
0.085 0.595 0
0.081 0.56 0
0.098 0.616 0
0.128 0.624 0
0.145 0.552 0
0.068 0.626 0
0.124 0.591 0
0.148 0.564 0
0.083 0.603 0
0.118 0.623 0
0.111 0.57 0
0.149 0.62 0
0.147 0.563 0
0.07 0.55 0
0.157 0.596 0
0.072 0.568 0
0.127 0.583 0
0.069 0.621 0
0.091 0.575 0
0.167 0.609 0
0.136 0.557 0
0.133 0.581 0
0.141 0.623 0
0.162 0.611 0
0.113 0.564 0
0.112 0.626 0
0.078 0.633 0
0.148 0.639 0
0.07 0.641 0
0.102 0.605 0
0.081 0.545 0
0.072 0.599 0
0.081 0.545 0
0.082 0.588 0
0.152 0.553 0
0.071 0.626 0
0.163 0.581 0
0.079 0.601 0
0.078 0.546 0
0.069 0.566 0
0.154 0.549 0
0.152 0.605 0
0.13 0.597 0
0.126 0.602 0
0.103 0.552 0
0.137 0.641 0
0.15 0.547 0
0.12 0.612 0
0.09 0.594 0
0.099 0.623 0
0.145 0.604 0
0.074 0.61 0
0.085 0.546 0
0.143 0.574 0
0.155 0.587 0
0.11 0.55 0
0.158 0.622 0
0.135 0.544 0
0.15 0.551 0
0.162 0.627 0
0.141 0.583 0
0.146 0.628 0
0.122 0.558 0
0.16 0.55 0
0.091 0.597 0
0.07 0.639 0
0.114 0.55 0
0.126 0.59 0
0.111 0.592 0
0.095 0.575 0
0.165 0.555 0
0.076 0.621 0
0.12 0.632 0
0.118 0.637 0
0.102 0.568 0
0.151 0.548 0
0.117 0.633 0
0.07 0.657 0
0.089 0.648 0
0.119 0.597 0
0.048 0.613 0
0.102 0.628 0
0.037 0.614 0
0.114 0.625 0
0.087 0.662 0
0.055 0.656 0
0.118 0.67 0
0.049 0.681 0
0.118 0.66 0
0.132 0.637 0
0.087 0.599 0
0.087 0.662 0
0.049 0.6 0
0.054 0.657 0
0.11 0.64 0
0.035 0.64 0
0.08 0.591 0
0.107 0.681 0
0.108 0.646 0
0.126 0.634 0
0.119 0.649 0
0.096 0.619 0
0.128 0.614 0
0.082 0.664 0
0.127 0.591 0
0.079 0.68 0
0.08 0.616 0
0.042 0.655 0
0.051 0.671 0
0.116 0.673 0
0.097 0.651 0
0.055 0.618 0
0.08 0.67 0
0.067 0.673 0
0.071 0.652 0
0.076 0.608 0
0.068 0.584 0
0.119 0.639 0
0.118 0.606 0
0.033 0.587 0
0.093 0.608 0
0.072 0.619 0
0.118 0.601 0
0.082 0.641 0
0.099 0.621 0
0.078 0.611 0
0.059 0.597 0
0.051 0.646 0
0.103 0.599 0
0.067 0.646 0
0.094 0.663 0
0.098 0.662 0
0.085 0.586 0
0.049 0.655 0
0.113 0.62 0
0.085 0.621 0
0.112 0.679 0
0.056 0.621 0
0.096 0.616 0
0.078 0.596 0
0.106 0.62 0
0.125 0.595 0
0.079 0.62 0
0.118 0.63 0
0.054 0.623 0
0.048 0.661 0
0.091 0.633 0
0.123 0.664 0
0.063 0.675 0
0.123 0.642 0
0.068 0.67 0
0.072 0.632 0
0.12 0.679 0
0.035 0.613 0
0.057 0.609 0
0.06 0.65 0
0.12 0.678 0
0.116 0.585 0
0.048 0.594 0
0.121 0.677 0
0.082 0.651 0
0.106 0.632 0
0.103 0.642 0
0.094 0.603 0
0.067 0.653 0
0.13 0.635 0
0.123 0.676 0
0.066 0.588 0
0.071 0.598 0
0.073 0.67 0
0.097 0.587 0
0.068 0.639 0
0.098 0.606 0
0.065 0.644 0
0.118 0.644 0
0.067 0.652 0
0.028 0.763 0
0.111 0.736 0
0.082 0.758 0
0.09 0.712 0
0.073 0.714 0
0.105 0.674 0
0.089 0.748 0
0.027 0.761 0
0.046 0.708 0
0.112 0.765 0
0.068 0.733 0
0.074 0.761 0
0.045 0.749 0
0.109 0.71 0
0.055 0.673 0
0.11 0.689 0
0.072 0.689 0
0.088 0.742 0
0.024 0.764 0
0.103 0.679 0
0.09 0.684 0
0.112 0.745 0
0.069 0.734 0
0.096 0.673 0
0.029 0.713 0
0.038 0.667 0
0.067 0.763 0
0.058 0.752 0
0.044 0.758 0
0.03 0.757 0
0.089 0.735 0
0.087 0.696 0
0.075 0.759 0
0.03 0.685 0
0.097 0.758 0
0.031 0.692 0
0.106 0.737 0
0.02 0.719 0
0.022 0.743 0
0.039 0.759 0
0.064 0.666 0
0.114 0.683 0
0.113 0.764 0
0.037 0.703 0
0.113 0.749 0
0.027 0.759 0
0.034 0.735 0
0.054 0.676 0
0.049 0.696 0
0.062 0.696 0
0.113 0.765 0
0.058 0.671 0
0.116 0.666 0
0.028 0.759 0
0.103 0.752 0
0.039 0.729 0
0.076 0.731 0
0.044 0.711 0
0.099 0.747 0
0.079 0.755 0
0.04 0.73 0
0.115 0.712 0
0.114 0.75 0
0.108 0.765 0
0.025 0.696 0
0.075 0.72 0
0.048 0.733 0
0.057 0.695 0
0.023 0.724 0
0.073 0.713 0
0.092 0.665 0
0.056 0.712 0
0.101 0.734 0
0.079 0.699 0
0.11 0.674 0
0.077 0.733 0
0.113 0.717 0
0.02 0.723 0
0.115 0.677 0
0.113 0.736 0
0.118 0.684 0
0.116 0.737 0
0.097 0.732 0
0.114 0.73 0
0.093 0.679 0
0.054 0.666 0
0.095 0.737 0
0.099 0.754 0
0.042 0.677 0
0.054 0.688 0
0.111 0.75 0
0.057 0.679 0
0.102 0.666 0
0.045 0.761 0
0.091 0.757 0
0.056 0.76 0
0.044 0.705 0
0.045 0.675 0
0.05 0.677 0
0.075 0.758 0
0.05 0.797 0
0.085 0.742 0
0.091 0.796 0
0.042 0.76 0
0.05 0.803 0
0.119 0.739 0
0.076 0.726 0
0.083 0.781 0
0.136 0.805 0
0.133 0.783 0
0.052 0.78 0
0.06 0.741 0
0.057 0.787 0
0.041 0.796 0
0.051 0.785 0
0.126 0.812 0
0.087 0.778 0
0.094 0.722 0
0.063 0.822 0
0.084 0.794 0
0.117 0.754 0
0.102 0.76 0
0.055 0.819 0
0.04 0.784 0
0.058 0.767 0
0.113 0.798 0
0.099 0.75 0
0.08 0.777 0
0.12 0.808 0
0.14 0.808 0
0.114 0.801 0
0.065 0.723 0
0.043 0.785 0
0.063 0.782 0
0.068 0.813 0
0.078 0.769 0
0.061 0.722 0
0.137 0.802 0
0.064 0.763 0
0.08 0.811 0
0.121 0.794 0
0.13 0.817 0
0.071 0.818 0
0.088 0.75 0
0.127 0.821 0
0.082 0.794 0
0.095 0.767 0
0.068 0.728 0
0.132 0.74 0
0.097 0.745 0
0.086 0.722 0
0.08 0.804 0
0.099 0.741 0
0.047 0.737 0
0.047 0.777 0
0.066 0.758 0
0.097 0.819 0
0.122 0.737 0
0.123 0.822 0
0.066 0.807 0
0.069 0.778 0
0.064 0.723 0
0.081 0.778 0
0.105 0.727 0
0.059 0.728 0
0.093 0.722 0
0.045 0.732 0
0.118 0.785 0
0.124 0.786 0
0.111 0.734 0
0.096 0.818 0
0.11 0.733 0
0.094 0.779 0
0.063 0.774 0
0.103 0.813 0
0.138 0.79 0
0.071 0.742 0
0.065 0.735 0
0.116 0.778 0
0.125 0.734 0
0.046 0.742 0
0.044 0.775 0
0.102 0.795 0
0.125 0.726 0
0.063 0.736 0
0.088 0.809 0
0.138 0.751 0
0.128 0.804 0
0.114 0.748 0
0.09 0.776 0
0.053 0.746 0
0.04 0.729 0
0.104 0.738 0
0.067 0.767 0
0.044 0.8 0
0.048 0.816 0
0.051 0.805 0
0.068 0.745 0
0.051 0.737 0
0.105 0.735 0
0.162 0.844 0
0.116 0.862 0
0.108 0.849 0
0.106 0.862 0
0.173 0.808 0
0.174 0.786 0
0.112 0.821 0
0.132 0.835 0
0.096 0.865 0
0.091 0.801 0
0.138 0.863 0
0.106 0.781 0
0.144 0.859 0
0.138 0.829 0
0.083 0.803 0
0.126 0.838 0
0.123 0.864 0
0.082 0.839 0
0.098 0.834 0
0.133 0.813 0
0.147 0.792 0
0.122 0.826 0
0.145 0.839 0
0.101 0.798 0
0.131 0.782 0
0.096 0.873 0
0.133 0.847 0
0.166 0.847 0
0.107 0.791 0
0.142 0.79 0
0.12 0.862 0
0.17 0.856 0
0.152 0.806 0
0.093 0.798 0
0.115 0.863 0
0.085 0.866 0
0.169 0.84 0
0.167 0.787 0
0.111 0.82 0
0.137 0.829 0
0.16 0.879 0
0.113 0.847 0
0.137 0.863 0
0.081 0.83 0
0.12 0.85 0
0.112 0.815 0
0.114 0.805 0
0.08 0.849 0
0.145 0.813 0
0.155 0.861 0
0.099 0.861 0
0.169 0.842 0
0.151 0.837 0
0.097 0.811 0
0.109 0.852 0
0.161 0.779 0
0.121 0.874 0
0.158 0.85 0
0.172 0.869 0
0.097 0.826 0
0.082 0.861 0
0.092 0.822 0
0.164 0.835 0
0.151 0.866 0
0.111 0.79 0
0.078 0.863 0
0.157 0.779 0
0.162 0.833 0
0.105 0.81 0
0.169 0.836 0
0.121 0.878 0
0.082 0.83 0
0.096 0.836 0
0.108 0.801 0
0.14 0.8 0
0.081 0.862 0
0.122 0.801 0
0.133 0.789 0
0.157 0.795 0
0.178 0.787 0
0.118 0.786 0
0.166 0.783 0
0.151 0.787 0
0.175 0.875 0
0.167 0.824 0
0.141 0.863 0
0.165 0.797 0
0.079 0.831 0
0.093 0.79 0
0.107 0.849 0
0.127 0.871 0
0.161 0.876 0
0.146 0.819 0
0.11 0.825 0
0.123 0.854 0
0.126 0.837 0
0.105 0.867 0
0.164 0.838 0
0.105 0.851 0
0.126 0.829 0
0.123 0.908 0
0.135 0.845 0
0.189 0.895 0
0.139 0.913 0
0.155 0.91 0
0.195 0.883 0
0.203 0.836 0
0.179 0.853 0
0.163 0.888 0
0.209 0.835 0
0.173 0.885 0
0.188 0.834 0
0.146 0.84 0
0.124 0.895 0
0.175 0.829 0
0.191 0.846 0
0.158 0.833 0
0.15 0.825 0
0.203 0.836 0
0.166 0.85 0
0.205 0.822 0
0.154 0.885 0
0.196 0.849 0
0.197 0.856 0
0.188 0.84 0
0.17 0.865 0
0.147 0.872 0
0.125 0.829 0
0.16 0.818 0
0.153 0.847 0
0.156 0.904 0
0.126 0.882 0
0.146 0.841 0
0.181 0.879 0
0.134 0.878 0
0.12 0.831 0
0.143 0.883 0
0.186 0.913 0
0.178 0.89 0
0.183 0.915 0
0.199 0.872 0
0.209 0.848 0
0.125 0.824 0
0.183 0.901 0
0.211 0.82 0
0.189 0.826 0
0.189 0.852 0
0.198 0.841 0
0.14 0.835 0
0.194 0.896 0
0.133 0.854 0
0.169 0.838 0
0.17 0.882 0
0.15 0.891 0
0.194 0.823 0
0.18 0.879 0
0.194 0.837 0
0.129 0.828 0
0.142 0.912 0
0.124 0.914 0
0.195 0.841 0
0.157 0.903 0
0.121 0.87 0
0.138 0.913 0
0.117 0.894 0
0.158 0.822 0
0.135 0.901 0
0.15 0.884 0
0.126 0.851 0
0.12 0.881 0
0.192 0.872 0
0.156 0.912 0
0.19 0.86 0
0.163 0.873 0
0.122 0.86 0
0.191 0.883 0
0.128 0.891 0
0.204 0.847 0
0.178 0.831 0
0.148 0.89 0
0.117 0.831 0
0.123 0.893 0
0.113 0.84 0
0.191 0.904 0
0.204 0.872 0
0.191 0.835 0
0.128 0.878 0
0.18 0.877 0
0.152 0.893 0
0.16 0.845 0
0.186 0.886 0
0.206 0.845 0
0.112 0.835 0
0.121 0.839 0
0.204 0.863 0
0.153 0.848 0
0.182 0.916 0
0.145 0.895 0
0.141 0.865 0
0.161 0.874 0
0.221 0.878 0
0.187 0.862 0
0.265 0.934 0
0.194 0.867 0
0.214 0.943 0
0.258 0.855 0
0.228 0.893 0
0.178 0.88 0
0.262 0.952 0
0.214 0.936 0
0.218 0.86 0
0.204 0.939 0
0.238 0.905 0
0.207 0.908 0
0.239 0.888 0
0.21 0.853 0
0.196 0.874 0
0.236 0.9 0
0.18 0.898 0
0.241 0.86 0
0.254 0.918 0
0.249 0.885 0
0.237 0.883 0
0.26 0.905 0
0.242 0.894 0
0.208 0.91 0
0.233 0.931 0
0.18 0.921 0
0.264 0.93 0
0.201 0.888 0
0.228 0.854 0
0.256 0.87 0
0.231 0.858 0
0.201 0.893 0
0.186 0.926 0
0.246 0.894 0
0.241 0.895 0
0.217 0.919 0
0.219 0.91 0
0.178 0.939 0
0.191 0.863 0
0.24 0.946 0
0.245 0.862 0
0.27 0.952 0
0.188 0.899 0
0.244 0.928 0
0.225 0.923 0
0.269 0.916 0
0.242 0.856 0
0.235 0.905 0
0.251 0.89 0
0.218 0.921 0
0.235 0.884 0
0.216 0.886 0
0.182 0.884 0
0.23 0.859 0
0.255 0.93 0
0.219 0.953 0
0.186 0.907 0
0.252 0.901 0
0.184 0.94 0
0.223 0.908 0
0.233 0.858 0
0.269 0.935 0
0.197 0.874 0
0.192 0.917 0
0.196 0.879 0
0.219 0.928 0
0.265 0.907 0
0.278 0.88 0
0.209 0.931 0
0.215 0.936 0
0.236 0.88 0
0.248 0.867 0
0.235 0.929 0
0.276 0.864 0
0.212 0.86 0
0.202 0.929 0
0.191 0.906 0
0.192 0.859 0
0.225 0.942 0
0.23 0.912 0
0.192 0.909 0
0.254 0.86 0
0.27 0.893 0
0.212 0.896 0
0.236 0.903 0
0.253 0.875 0
0.189 0.926 0
0.252 0.864 0
0.276 0.864 0
0.268 0.935 0
0.183 0.951 0
0.229 0.864 0
0.269 0.863 0
0.276 0.91 0
0.182 0.9 0
0.202 0.929 0
0.277 0.862 0
0.202 0.933 0
0.309 0.955 0
0.271 0.878 0
0.317 0.893 0
0.304 0.9 0
0.286 0.928 0
0.359 0.926 0
0.322 0.923 0
0.35 0.92 0
0.35 0.887 0
0.323 0.881 0
0.354 0.951 0
0.321 0.954 0
0.339 0.936 0
0.308 0.953 0
0.299 0.879 0
0.33 0.927 0
0.32 0.971 0
0.321 0.954 0
0.277 0.888 0
0.33 0.94 0
0.3 0.958 0
0.339 0.922 0
0.299 0.975 0
0.357 0.933 0
0.307 0.902 0
0.323 0.935 0
0.31 0.931 0
0.338 0.971 0
0.339 0.93 0
0.32 0.879 0
0.288 0.881 0
0.33 0.946 0
0.301 0.919 0
0.313 0.917 0
0.364 0.932 0
0.302 0.976 0
0.313 0.921 0
0.316 0.907 0
0.354 0.959 0
0.344 0.968 0
0.336 0.961 0
0.345 0.949 0
0.327 0.884 0
0.348 0.918 0
0.32 0.926 0
0.289 0.937 0
0.333 0.941 0
0.328 0.95 0
0.304 0.925 0
0.328 0.927 0
0.274 0.879 0
0.284 0.975 0
0.339 0.962 0
0.354 0.97 0
0.355 0.895 0
0.348 0.933 0
0.29 0.916 0
0.322 0.926 0
0.343 0.931 0
0.271 0.884 0
0.332 0.888 0
0.293 0.904 0
0.305 0.952 0
0.31 0.93 0
0.29 0.887 0
0.318 0.89 0
0.292 0.968 0
0.29 0.926 0
0.27 0.945 0
0.307 0.976 0
0.338 0.955 0
0.338 0.9 0
0.365 0.922 0
0.338 0.972 0
0.273 0.93 0
0.315 0.883 0
0.279 0.952 0
0.301 0.885 0
0.292 0.901 0
0.352 0.878 0
0.305 0.93 0
0.344 0.929 0
0.303 0.959 0
0.267 0.902 0
0.314 0.926 0
0.267 0.966 0
0.288 0.895 0
0.288 0.928 0
0.283 0.944 0
0.272 0.915 0
0.35 0.91 0
0.289 0.882 0
0.266 0.962 0
0.293 0.913 0
0.317 0.935 0
0.268 0.92 0
0.268 0.953 0
0.309 0.961 0
0.282 0.944 0
0.298 0.884 0
0.355 0.925 0
0.43 0.924 0
0.401 0.96 0
0.392 0.929 0
0.44 0.917 0
0.38 0.938 0
0.427 0.89 0
0.387 0.965 0
0.416 0.949 0
0.404 0.889 0
0.375 0.932 0
0.358 0.97 0
0.348 0.941 0
0.361 0.943 0
0.427 0.969 0
0.368 0.967 0
0.394 0.982 0
0.36 0.921 0
0.425 0.911 0
0.407 0.939 0
0.352 0.895 0
0.367 0.912 0
0.383 0.946 0
0.393 0.963 0
0.413 0.96 0
0.438 0.934 0
0.362 0.968 0
0.406 0.959 0
0.445 0.977 0
0.396 0.937 0
0.417 0.907 0
0.363 0.899 0
0.37 0.951 0
0.422 0.922 0
0.401 0.981 0
0.44 0.935 0
0.377 0.929 0
0.377 0.947 0
0.429 0.984 0
0.42 0.977 0
0.383 0.904 0
0.357 0.939 0
0.414 0.988 0
0.355 0.898 0
0.406 0.918 0
0.391 0.921 0
0.384 0.915 0
0.399 0.91 0
0.383 0.897 0
0.428 0.891 0
0.429 0.93 0
0.36 0.955 0
0.434 0.97 0
0.445 0.923 0
0.431 0.944 0
0.417 0.938 0
0.402 0.979 0
0.399 0.936 0
0.387 0.941 0
0.403 0.984 0
0.426 0.97 0
0.445 0.939 0
0.419 0.897 0
0.43 0.945 0
0.41 0.924 0
0.425 0.923 0
0.398 0.977 0
0.42 0.892 0
0.438 0.971 0
0.423 0.954 0
0.397 0.902 0
0.408 0.906 0
0.403 0.987 0
0.413 0.89 0
0.362 0.915 0
0.447 0.979 0
0.387 0.904 0
0.405 0.911 0
0.395 0.902 0
0.395 0.969 0
0.396 0.956 0
0.372 0.954 0
0.402 0.965 0
0.412 0.962 0
0.406 0.923 0
0.402 0.89 0
0.377 0.907 0
0.371 0.92 0
0.409 0.936 0
0.35 0.913 0
0.429 0.9 0
0.441 0.941 0
0.359 0.976 0
0.427 0.951 0
0.388 0.904 0
0.391 0.9 0
0.426 0.922 0
0.419 0.95 0
0.354 0.946 0
0.386 0.906 0
0.484 0.969 0
0.485 0.97 0
0.502 0.931 0
0.466 0.913 0
0.47 0.965 0
0.451 0.913 0
0.491 0.976 0
0.506 0.962 0
0.547 0.895 0
0.524 0.973 0
0.542 0.977 0
0.535 0.98 0
0.525 0.907 0
0.471 0.922 0
0.458 0.906 0
0.531 0.964 0
0.469 0.908 0
0.488 0.937 0
0.465 0.975 0
0.49 0.973 0
0.545 0.929 0
0.461 0.901 0
0.508 0.899 0
0.493 0.976 0
0.462 0.924 0
0.477 0.901 0
0.49 0.969 0
0.459 0.924 0
0.46 0.972 0
0.46 0.976 0
0.526 0.969 0
0.511 0.925 0
0.479 0.892 0
0.499 0.974 0
0.538 0.921 0
0.468 0.964 0
0.466 0.907 0
0.457 0.967 0
0.485 0.93 0
0.457 0.896 0
0.481 0.923 0
0.538 0.957 0
0.487 0.988 0
0.479 0.984 0
0.496 0.94 0
0.533 0.931 0
0.521 0.909 0
0.457 0.969 0
0.489 0.97 0
0.467 0.932 0
0.472 0.926 0
0.496 0.981 0
0.501 0.961 0
0.472 0.896 0
0.485 0.947 0
0.505 0.968 0
0.517 0.914 0
0.542 0.98 0
0.477 0.93 0
0.528 0.898 0
0.475 0.932 0
0.508 0.958 0
0.514 0.9 0
0.517 0.935 0
0.495 0.977 0
0.494 0.979 0
0.458 0.937 0
0.464 0.908 0
0.484 0.924 0
0.516 0.964 0
0.546 0.943 0
0.522 0.889 0
0.467 0.912 0
0.492 0.932 0
0.504 0.986 0
0.467 0.909 0
0.514 0.97 0
0.485 0.905 0
0.544 0.911 0
0.461 0.894 0
0.483 0.953 0
0.513 0.901 0
0.547 0.898 0
0.541 0.979 0
0.518 0.962 0
0.536 0.962 0
0.502 0.937 0
0.523 0.952 0
0.498 0.905 0
0.494 0.926 0
0.462 0.918 0
0.509 0.927 0
0.513 0.974 0
0.536 0.941 0
0.459 0.92 0
0.46 0.948 0
0.533 0.966 0
0.484 0.945 0
0.532 0.974 0
0.542 0.965 0
0.539 0.919 0
0.496 0.951 0
0.499 0.95 0
0.54 0.959 0
0.53 0.907 0
0.534 0.927 0
0.558 0.879 0
0.521 0.872 0
0.497 0.95 0
0.558 0.909 0
0.492 0.898 0
0.561 0.898 0
0.571 0.944 0
0.539 0.93 0
0.531 0.893 0
0.505 0.938 0
0.566 0.875 0
0.507 0.884 0
0.527 0.908 0
0.497 0.965 0
0.491 0.903 0
0.568 0.942 0
0.549 0.878 0
0.581 0.951 0
0.548 0.9 0
0.519 0.885 0
0.583 0.899 0
0.54 0.907 0
0.543 0.957 0
0.549 0.934 0
0.536 0.932 0
0.581 0.923 0
0.514 0.952 0
0.578 0.933 0
0.556 0.929 0
0.562 0.937 0
0.501 0.953 0
0.506 0.907 0
0.499 0.904 0
0.512 0.953 0
0.483 0.972 0
0.57 0.967 0
0.516 0.923 0
0.49 0.957 0
0.533 0.939 0
0.506 0.959 0
0.548 0.93 0
0.51 0.971 0
0.571 0.912 0
0.552 0.956 0
0.488 0.889 0
0.515 0.895 0
0.514 0.886 0
0.534 0.93 0
0.512 0.914 0
0.492 0.878 0
0.511 0.893 0
0.533 0.895 0
0.494 0.961 0
0.486 0.892 0
0.562 0.901 0
0.509 0.941 0
0.544 0.927 0
0.488 0.878 0
0.511 0.937 0
0.508 0.937 0
0.49 0.949 0
0.564 0.902 0
0.531 0.887 0
0.499 0.909 0
0.56 0.964 0
0.524 0.919 0
0.512 0.913 0
0.484 0.935 0
0.579 0.951 0
0.521 0.932 0
0.566 0.941 0
0.533 0.887 0
0.487 0.889 0
0.522 0.959 0
0.581 0.874 0
0.515 0.9 0
0.489 0.944 0
0.489 0.882 0
0.499 0.925 0
0.499 0.922 0
0.582 0.968 0
0.506 0.893 0
0.521 0.921 0
0.558 0.932 0
0.502 0.888 0
0.581 0.885 0
0.496 0.961 0
0.493 0.891 0
0.547 0.935 0
0.496 0.942 0
0.538 0.965 0
0.577 0.964 0
0.507 0.893 0
0.555 0.931 0
0.514 0.849 0
0.571 0.859 0
0.508 0.842 0
0.508 0.922 0
0.535 0.91 0
0.536 0.858 0
0.516 0.904 0
0.58 0.901 0
0.569 0.846 0
0.594 0.889 0
0.513 0.847 0
0.583 0.896 0
0.51 0.91 0
0.576 0.87 0
0.568 0.91 0
0.541 0.836 0
0.585 0.917 0
0.566 0.882 0
0.57 0.883 0
0.568 0.841 0
0.545 0.87 0
0.547 0.833 0
0.504 0.902 0
0.5 0.847 0
0.578 0.92 0
0.501 0.92 0
0.508 0.867 0
0.567 0.867 0
0.568 0.864 0
0.529 0.907 0
0.537 0.881 0
0.542 0.912 0
0.551 0.861 0
0.599 0.905 0
0.585 0.889 0
0.516 0.895 0
0.509 0.868 0
0.567 0.889 0
0.501 0.862 0
0.555 0.849 0
0.588 0.834 0
0.554 0.89 0
0.537 0.878 0
0.597 0.898 0
0.584 0.828 0
0.585 0.903 0
0.59 0.922 0
0.599 0.855 0
0.598 0.854 0
0.564 0.863 0
0.599 0.878 0
0.513 0.869 0
0.559 0.861 0
0.582 0.863 0
0.555 0.895 0
0.541 0.879 0
0.585 0.824 0
0.589 0.924 0
0.595 0.922 0
0.578 0.889 0
0.585 0.916 0
0.517 0.844 0
0.522 0.883 0
0.529 0.884 0
0.575 0.824 0
0.593 0.833 0
0.599 0.889 0
0.501 0.825 0
0.577 0.858 0
0.555 0.86 0
0.53 0.913 0
0.573 0.91 0
0.576 0.844 0
0.557 0.91 0
0.565 0.922 0
0.58 0.856 0
0.589 0.839 0
0.539 0.917 0
0.585 0.877 0
0.514 0.916 0
0.563 0.891 0
0.584 0.849 0
0.505 0.829 0
0.513 0.906 0
0.595 0.851 0
0.59 0.883 0
0.556 0.827 0
0.572 0.908 0
0.554 0.924 0
0.521 0.859 0
0.558 0.908 0
0.538 0.862 0
0.569 0.895 0
0.57 0.92 0
0.586 0.902 0
0.58 0.827 0
0.517 0.826 0
0.541 0.882 0
0.509 0.853 0
0.538 0.924 0
0.519 0.826 0
0.54 0.844 0
0.546 0.773 0
0.574 0.806 0
0.529 0.839 0
0.522 0.814 0
0.527 0.865 0
0.527 0.84 0
0.544 0.866 0
0.571 0.845 0
0.513 0.839 0
0.523 0.846 0
0.594 0.849 0
0.586 0.85 0
0.596 0.805 0
0.569 0.829 0
0.556 0.793 0
0.512 0.836 0
0.52 0.819 0
0.533 0.858 0
0.547 0.834 0
0.531 0.85 0
0.515 0.795 0
0.523 0.818 0
0.561 0.861 0
0.602 0.844 0
0.585 0.796 0
0.593 0.863 0
0.583 0.814 0
0.575 0.817 0
0.569 0.851 0
0.53 0.858 0
0.583 0.806 0
0.54 0.854 0
0.596 0.861 0
0.561 0.835 0
0.583 0.864 0
0.515 0.798 0
0.539 0.841 0
0.526 0.809 0
0.603 0.826 0
0.55 0.805 0
0.576 0.86 0
0.553 0.814 0
0.607 0.787 0
0.517 0.781 0
0.556 0.772 0
0.536 0.85 0
0.551 0.78 0
0.56 0.774 0
0.545 0.777 0
0.584 0.802 0
0.605 0.802 0
0.53 0.858 0
0.529 0.839 0
0.605 0.816 0
0.601 0.846 0
0.575 0.835 0
0.581 0.813 0
0.556 0.816 0
0.548 0.793 0
0.524 0.809 0
0.58 0.791 0
0.559 0.861 0
0.552 0.809 0
0.577 0.828 0
0.535 0.856 0
0.552 0.855 0
0.605 0.845 0
0.534 0.793 0
0.542 0.86 0
0.555 0.841 0
0.538 0.854 0
0.568 0.822 0
0.53 0.855 0
0.597 0.818 0
0.576 0.788 0
0.525 0.802 0
0.515 0.808 0
0.602 0.82 0
0.581 0.794 0
0.516 0.794 0
0.589 0.846 0
0.578 0.848 0
0.539 0.779 0
0.566 0.773 0
0.593 0.786 0
0.607 0.79 0
0.607 0.794 0
0.546 0.81 0
0.547 0.803 0
0.595 0.811 0
0.515 0.826 0
0.54 0.807 0
0.555 0.786 0
0.539 0.859 0
0.54 0.772 0
0.512 0.808 0
0.596 0.804 0
0.585 0.831 0
0.608 0.745 0
0.599 0.723 0
0.54 0.764 0
0.583 0.775 0
0.522 0.733 0
0.529 0.732 0
0.589 0.82 0
0.549 0.723 0
0.606 0.778 0
0.592 0.76 0
0.531 0.724 0
0.606 0.751 0
0.593 0.804 0
0.572 0.747 0
0.573 0.738 0
0.602 0.771 0
0.567 0.81 0
0.565 0.796 0
0.612 0.768 0
0.565 0.722 0
0.531 0.799 0
0.524 0.722 0
0.531 0.789 0
0.563 0.801 0
0.532 0.775 0
0.569 0.745 0
0.521 0.82 0
0.554 0.723 0
0.613 0.786 0
0.522 0.801 0
0.548 0.779 0
0.575 0.797 0
0.525 0.783 0
0.536 0.734 0
0.578 0.783 0
0.559 0.727 0
0.583 0.745 0
0.533 0.802 0
0.587 0.795 0
0.588 0.822 0
0.517 0.771 0
0.525 0.725 0
0.546 0.744 0
0.558 0.782 0
0.515 0.771 0
0.607 0.725 0
0.587 0.734 0
0.54 0.769 0
0.535 0.809 0
0.57 0.812 0
0.549 0.746 0
0.572 0.798 0
0.583 0.726 0
0.578 0.77 0
0.56 0.742 0
0.528 0.755 0
0.586 0.799 0
0.605 0.776 0
0.562 0.803 0
0.561 0.821 0
0.607 0.767 0
0.519 0.742 0
0.588 0.733 0
0.613 0.784 0
0.55 0.822 0
0.573 0.82 0
0.551 0.756 0
0.572 0.744 0
0.558 0.766 0
0.528 0.75 0
0.553 0.819 0
0.57 0.733 0
0.578 0.817 0
0.583 0.787 0
0.514 0.751 0
0.606 0.76 0
0.6 0.728 0
0.531 0.792 0
0.521 0.735 0
0.576 0.745 0
0.587 0.742 0
0.588 0.76 0
0.523 0.811 0
0.584 0.821 0
0.609 0.778 0
0.599 0.749 0
0.544 0.754 0
0.52 0.734 0
0.606 0.806 0
0.574 0.755 0
0.606 0.77 0
0.584 0.735 0
0.58 0.782 0
0.613 0.763 0
0.537 0.744 0
0.541 0.807 0
0.532 0.734 0
0.611 0.728 0
0.562 0.735 0
0.516 0.755 0
0.594 0.73 0
0.593 0.66 0
0.556 0.668 0
0.557 0.755 0
0.579 0.684 0
0.594 0.701 0
0.525 0.741 0
0.514 0.673 0
0.6 0.745 0
0.563 0.697 0
0.514 0.697 0
0.53 0.707 0
0.517 0.702 0
0.531 0.744 0
0.558 0.735 0
0.533 0.705 0
0.6 0.75 0
0.604 0.723 0
0.51 0.736 0
0.526 0.693 0
0.553 0.665 0
0.573 0.702 0
0.541 0.718 0
0.589 0.671 0
0.549 0.742 0
0.569 0.754 0
0.544 0.688 0
0.526 0.677 0
0.586 0.686 0
0.557 0.724 0
0.581 0.748 0
0.529 0.663 0
0.558 0.705 0
0.578 0.663 0
0.555 0.722 0
0.575 0.676 0
0.534 0.695 0
0.605 0.742 0
0.57 0.717 0
0.587 0.72 0
0.51 0.714 0
0.601 0.689 0
0.538 0.688 0
0.564 0.753 0
0.573 0.68 0
0.554 0.741 0
0.535 0.718 0
0.545 0.684 0
0.523 0.747 0
0.601 0.699 0
0.608 0.67 0
0.607 0.688 0
0.549 0.708 0
0.593 0.699 0
0.6 0.706 0
0.543 0.705 0
0.519 0.742 0
0.521 0.705 0
0.549 0.717 0
0.569 0.746 0
0.594 0.683 0
0.524 0.659 0
0.533 0.702 0
0.608 0.757 0
0.551 0.711 0
0.607 0.752 0
0.532 0.681 0
0.528 0.678 0
0.562 0.739 0
0.515 0.696 0
0.555 0.759 0
0.602 0.662 0
0.589 0.74 0
0.56 0.715 0
0.533 0.676 0
0.522 0.681 0
0.542 0.732 0
0.54 0.754 0
0.553 0.683 0
0.551 0.692 0
0.526 0.724 0
0.568 0.712 0
0.599 0.747 0
0.511 0.735 0
0.565 0.747 0
0.608 0.71 0
0.544 0.66 0
0.575 0.74 0
0.557 0.664 0
0.532 0.688 0
0.539 0.745 0
0.566 0.688 0
0.551 0.747 0
0.588 0.733 0
0.582 0.702 0
0.51 0.716 0
0.567 0.757 0
0.562 0.672 0
0.577 0.748 0
0.521 0.698 0
0.537 0.66 0
0.528 0.628 0
0.559 0.618 0
0.573 0.688 0
0.565 0.616 0
0.599 0.69 0
0.587 0.622 0
0.551 0.692 0
0.512 0.605 0
0.52 0.648 0
0.509 0.694 0
0.526 0.694 0
0.577 0.601 0
0.545 0.645 0
0.509 0.656 0
0.544 0.655 0
0.552 0.627 0
0.511 0.652 0
0.557 0.606 0
0.585 0.652 0
0.564 0.631 0
0.502 0.687 0
0.533 0.695 0
0.583 0.604 0
0.58 0.63 0
0.582 0.631 0
0.556 0.626 0
0.598 0.595 0
0.596 0.631 0
0.517 0.674 0
0.511 0.658 0
0.585 0.636 0
0.593 0.667 0
0.5 0.621 0
0.541 0.686 0
0.536 0.679 0
0.541 0.668 0
0.513 0.595 0
0.506 0.607 0
0.535 0.647 0
0.5 0.634 0
0.502 0.6 0
0.517 0.614 0
0.504 0.643 0
0.585 0.647 0
0.559 0.657 0
0.512 0.625 0
0.592 0.615 0
0.588 0.631 0
0.56 0.658 0
0.591 0.604 0
0.56 0.65 0
0.557 0.597 0
0.513 0.626 0
0.593 0.604 0
0.57 0.6 0
0.506 0.679 0
0.549 0.687 0
0.591 0.598 0
0.542 0.645 0
0.585 0.653 0
0.507 0.666 0
0.544 0.661 0
0.559 0.647 0
0.53 0.629 0
0.559 0.606 0
0.556 0.623 0
0.576 0.602 0
0.511 0.673 0
0.562 0.666 0
0.569 0.658 0
0.533 0.627 0
0.586 0.637 0
0.591 0.648 0
0.537 0.654 0
0.524 0.656 0
0.499 0.683 0
0.593 0.637 0
0.597 0.603 0
0.505 0.607 0
0.511 0.689 0
0.505 0.653 0
0.596 0.666 0
0.534 0.617 0
0.543 0.671 0
0.574 0.677 0
0.584 0.656 0
0.528 0.671 0
0.567 0.679 0
0.508 0.608 0
0.505 0.656 0
0.563 0.644 0
0.542 0.66 0
0.566 0.627 0
0.503 0.622 0
0.547 0.649 0
0.585 0.653 0
0.527 0.618 0
0.537 0.68 0
0.568 0.623 0
0.481 0.616 0
0.505 0.574 0
0.493 0.585 0
0.486 0.637 0
0.554 0.584 0
0.52 0.552 0
0.49 0.637 0
0.498 0.581 0
0.569 0.612 0
0.573 0.638 0
0.492 0.559 0
0.501 0.608 0
0.524 0.578 0
0.502 0.567 0
0.516 0.587 0
0.535 0.544 0
0.516 0.629 0
0.525 0.592 0
0.491 0.545 0
0.477 0.641 0
0.487 0.616 0
0.517 0.591 0
0.555 0.563 0
0.553 0.554 0
0.511 0.585 0
0.54 0.547 0
0.567 0.566 0
0.551 0.563 0
0.541 0.627 0
0.495 0.633 0
0.537 0.584 0
0.535 0.604 0
0.512 0.617 0
0.5 0.578 0
0.535 0.548 0
0.488 0.589 0
0.488 0.583 0
0.499 0.571 0
0.479 0.602 0
0.509 0.575 0
0.477 0.588 0
0.558 0.571 0
0.56 0.576 0
0.511 0.625 0
0.51 0.64 0
0.492 0.59 0
0.564 0.64 0
0.558 0.642 0
0.554 0.576 0
0.518 0.566 0
0.57 0.567 0
0.51 0.606 0
0.552 0.549 0
0.526 0.6 0
0.528 0.634 0
0.501 0.617 0
0.51 0.605 0
0.485 0.636 0
0.479 0.642 0
0.501 0.591 0
0.568 0.614 0
0.475 0.548 0
0.548 0.629 0
0.493 0.578 0
0.538 0.571 0
0.509 0.546 0
0.497 0.64 0
0.508 0.64 0
0.538 0.546 0
0.528 0.566 0
0.505 0.601 0
0.478 0.642 0
0.519 0.603 0
0.538 0.587 0
0.529 0.556 0
0.497 0.602 0
0.55 0.624 0
0.475 0.571 0
0.563 0.556 0
0.536 0.603 0
0.533 0.627 0
0.542 0.544 0
0.484 0.561 0
0.476 0.569 0
0.484 0.551 0
0.495 0.608 0
0.566 0.605 0
0.568 0.597 0
0.527 0.633 0
0.486 0.582 0
0.544 0.552 0
0.474 0.604 0
0.527 0.624 0
0.499 0.563 0
0.486 0.549 0
0.521 0.636 0
0.563 0.585 0
0.537 0.562 0
0.486 0.595 0
0.485 0.581 0
0.509 0.508 0
0.501 0.554 0
0.508 0.549 0
0.435 0.545 0
0.434 0.503 0
0.425 0.51 0
0.438 0.506 0
0.478 0.538 0
0.422 0.527 0
0.421 0.538 0
0.422 0.514 0
0.438 0.501 0
0.484 0.53 0
0.477 0.48 0
0.419 0.521 0
0.449 0.536 0
0.421 0.49 0
0.428 0.519 0
0.415 0.512 0
0.42 0.564 0
0.47 0.576 0
0.483 0.503 0
0.418 0.577 0
0.482 0.577 0
0.469 0.497 0
0.43 0.552 0
0.458 0.549 0
0.503 0.555 0
0.42 0.508 0
0.442 0.489 0
0.506 0.518 0
0.443 0.525 0
0.419 0.512 0
0.511 0.538 0
0.423 0.53 0
0.426 0.565 0
0.465 0.478 0
0.496 0.565 0
0.463 0.487 0
0.46 0.524 0
0.487 0.536 0
0.478 0.483 0
0.513 0.516 0
0.429 0.534 0
0.444 0.535 0
0.423 0.519 0
0.463 0.501 0
0.443 0.546 0
0.418 0.513 0
0.467 0.56 0
0.498 0.519 0
0.483 0.567 0
0.506 0.505 0
0.445 0.571 0
0.456 0.569 0
0.434 0.484 0
0.418 0.532 0
0.466 0.493 0
0.422 0.54 0
0.436 0.48 0
0.475 0.5 0
0.452 0.567 0
0.418 0.547 0
0.423 0.479 0
0.508 0.524 0
0.435 0.541 0
0.429 0.515 0
0.43 0.547 0
0.497 0.517 0
0.461 0.484 0
0.464 0.511 0
0.481 0.526 0
0.485 0.528 0
0.46 0.527 0
0.428 0.539 0
0.478 0.493 0
0.468 0.552 0
0.505 0.482 0
0.433 0.524 0
0.485 0.51 0
0.415 0.51 0
0.427 0.516 0
0.507 0.483 0
0.437 0.517 0
0.435 0.521 0
0.46 0.521 0
0.439 0.551 0
0.502 0.53 0
0.499 0.569 0
0.455 0.566 0
0.475 0.511 0
0.484 0.528 0
0.484 0.575 0
0.483 0.576 0
0.433 0.559 0
0.438 0.503 0
0.479 0.556 0
0.473 0.577 0
0.489 0.53 0
0.414 0.513 0
0.398 0.471 0
0.434 0.473 0
0.408 0.469 0
0.437 0.527 0
0.454 0.463 0
0.434 0.525 0
0.374 0.481 0
0.466 0.455 0
0.432 0.537 0
0.376 0.455 0
0.374 0.471 0
0.456 0.536 0
0.472 0.531 0
0.448 0.499 0
0.416 0.479 0
0.378 0.525 0
0.399 0.5 0
0.377 0.525 0
0.44 0.486 0
0.441 0.5 0
0.414 0.523 0
0.459 0.474 0
0.421 0.48 0
0.374 0.45 0
0.382 0.46 0
0.439 0.498 0
0.376 0.525 0
0.439 0.474 0
0.408 0.537 0
0.426 0.535 0
0.445 0.545 0
0.385 0.462 0
0.407 0.547 0
0.39 0.518 0
0.423 0.544 0
0.469 0.463 0
0.393 0.489 0
0.429 0.477 0
0.408 0.536 0
0.404 0.516 0
0.453 0.5 0
0.439 0.491 0
0.46 0.507 0
0.409 0.489 0
0.439 0.51 0
0.425 0.465 0
0.427 0.512 0
0.407 0.526 0
0.42 0.461 0
0.382 0.457 0
0.383 0.462 0
0.411 0.494 0
0.41 0.543 0
0.463 0.504 0
0.441 0.513 0
0.4 0.537 0
0.382 0.536 0
0.39 0.516 0
0.455 0.532 0
0.405 0.535 0
0.441 0.501 0
0.39 0.449 0
0.455 0.544 0
0.444 0.451 0
0.412 0.515 0
0.427 0.515 0
0.453 0.529 0
0.469 0.542 0
0.401 0.5 0
0.421 0.524 0
0.395 0.496 0
0.473 0.451 0
0.389 0.542 0
0.412 0.496 0
0.468 0.518 0
0.465 0.456 0
0.388 0.512 0
0.38 0.518 0
0.405 0.508 0
0.419 0.525 0
0.441 0.517 0
0.455 0.544 0
0.44 0.515 0
0.459 0.469 0
0.46 0.48 0
0.384 0.503 0
0.378 0.456 0
0.455 0.536 0
0.387 0.506 0
0.425 0.47 0
0.44 0.477 0
0.386 0.517 0
0.438 0.482 0
0.401 0.482 0
0.414 0.504 0
0.411 0.449 0
0.429 0.475 0
0.4 0.52 0
0.459 0.527 0
0.444 0.52 0
0.418 0.438 0
0.359 0.417 0
0.41 0.511 0
0.428 0.433 0
0.378 0.48 0
0.36 0.486 0
0.369 0.471 0
0.384 0.468 0
0.359 0.457 0
0.436 0.452 0
0.414 0.505 0
0.373 0.44 0
0.387 0.447 0
0.44 0.514 0
0.352 0.472 0
0.378 0.461 0
0.407 0.506 0
0.418 0.514 0
0.35 0.424 0
0.43 0.418 0
0.448 0.472 0
0.432 0.439 0
0.386 0.45 0
0.439 0.457 0
0.423 0.439 0
0.404 0.487 0
0.419 0.502 0
0.356 0.483 0
0.41 0.513 0
0.386 0.515 0
0.352 0.506 0
0.391 0.484 0
0.435 0.476 0
0.447 0.429 0
0.379 0.493 0
0.354 0.494 0
0.387 0.48 0
0.449 0.514 0
0.439 0.425 0
0.395 0.471 0
0.412 0.418 0
0.369 0.461 0
0.391 0.436 0
0.428 0.516 0
0.414 0.456 0
0.403 0.472 0
0.368 0.442 0
0.36 0.463 0
0.414 0.487 0
0.437 0.446 0
0.43 0.494 0
0.428 0.474 0
0.362 0.446 0
0.42 0.428 0
0.444 0.465 0
0.384 0.454 0
0.398 0.424 0
0.386 0.419 0
0.356 0.442 0
0.405 0.416 0
0.414 0.445 0
0.412 0.513 0
0.399 0.478 0
0.446 0.478 0
0.363 0.438 0
0.417 0.475 0
0.428 0.515 0
0.353 0.416 0
0.409 0.423 0
0.38 0.497 0
0.421 0.445 0
0.409 0.446 0
0.413 0.49 0
0.377 0.419 0
0.382 0.505 0
0.436 0.478 0
0.413 0.437 0
0.396 0.5 0
0.419 0.477 0
0.366 0.513 0
0.428 0.432 0
0.36 0.512 0
0.446 0.416 0
0.382 0.516 0
0.436 0.456 0
0.381 0.485 0
0.44 0.43 0
0.407 0.514 0
0.437 0.503 0
0.427 0.432 0
0.361 0.487 0
0.399 0.471 0
0.349 0.507 0
0.449 0.432 0
0.374 0.509 0
0.398 0.499 0
0.375 0.465 0
0.396 0.436 0
0.436 0.445 0
0.432 0.472 0
0.369 0.411 0
0.419 0.434 0
0.401 0.334 0
0.354 0.431 0
0.355 0.358 0
0.384 0.396 0
0.381 0.426 0
0.408 0.372 0
0.391 0.339 0
0.416 0.373 0
0.381 0.402 0
0.403 0.386 0
0.388 0.398 0
0.41 0.415 0
0.411 0.368 0
0.405 0.378 0
0.416 0.349 0
0.433 0.428 0
0.401 0.398 0
0.388 0.372 0
0.435 0.367 0
0.41 0.337 0
0.416 0.334 0
0.395 0.412 0
0.356 0.427 0
0.42 0.385 0
0.345 0.432 0
0.349 0.418 0
0.393 0.429 0
0.356 0.356 0
0.368 0.338 0
0.341 0.36 0
0.405 0.43 0
0.405 0.409 0
0.339 0.414 0
0.394 0.413 0
0.342 0.36 0
0.369 0.375 0
0.429 0.335 0
0.34 0.343 0
0.42 0.393 0
0.418 0.4 0
0.36 0.418 0
0.413 0.412 0
0.428 0.399 0
0.371 0.371 0
0.368 0.346 0
0.344 0.383 0
0.394 0.359 0
0.412 0.375 0
0.43 0.394 0
0.35 0.419 0
0.395 0.362 0
0.396 0.383 0
0.417 0.371 0
0.348 0.342 0
0.354 0.398 0
0.402 0.397 0
0.392 0.433 0
0.405 0.417 0
0.438 0.335 0
0.359 0.343 0
0.338 0.334 0
0.347 0.426 0
0.38 0.41 0
0.358 0.342 0
0.381 0.366 0
0.419 0.334 0
0.351 0.356 0
0.405 0.434 0
0.397 0.355 0
0.35 0.394 0
0.418 0.338 0
0.427 0.389 0
0.428 0.415 0
0.365 0.341 0
0.355 0.35 0
0.347 0.428 0
0.434 0.358 0
0.34 0.366 0
0.347 0.339 0
0.387 0.393 0
0.341 0.397 0
0.344 0.384 0
0.419 0.427 0
0.427 0.423 0
0.367 0.421 0
0.341 0.367 0
0.348 0.335 0
0.432 0.421 0
0.357 0.408 0
0.368 0.348 0
0.407 0.434 0
0.42 0.395 0
0.42 0.414 0
0.343 0.416 0
0.357 0.41 0
0.339 0.346 0
0.391 0.429 0
0.431 0.353 0
0.428 0.378 0
0.384 0.354 0
0.381 0.349 0
0.454 0.361 0
0.401 0.381 0
0.389 0.296 0
0.418 0.375 0
0.419 0.312 0
0.456 0.358 0
0.379 0.326 0
0.4 0.287 0
0.403 0.331 0
0.385 0.371 0
0.43 0.372 0
0.38 0.377 0
0.391 0.318 0
0.426 0.312 0
0.408 0.306 0
0.421 0.314 0
0.429 0.353 0
0.423 0.368 0
0.398 0.287 0
0.413 0.336 0
0.377 0.315 0
0.434 0.359 0
0.377 0.351 0
0.448 0.281 0
0.432 0.287 0
0.386 0.316 0
0.367 0.338 0
0.42 0.376 0
0.439 0.321 0
0.458 0.36 0
0.416 0.346 0
0.398 0.373 0
0.39 0.37 0
0.381 0.281 0
0.422 0.367 0
0.367 0.314 0
0.364 0.341 0
0.375 0.342 0
0.442 0.281 0
0.382 0.289 0
0.372 0.321 0
0.378 0.332 0
0.423 0.327 0
0.379 0.345 0
0.446 0.323 0
0.42 0.364 0
0.461 0.347 0
0.409 0.304 0
0.418 0.352 0
0.417 0.346 0
0.408 0.357 0
0.42 0.298 0
0.373 0.375 0
0.44 0.381 0
0.406 0.351 0
0.394 0.303 0
0.378 0.294 0
0.446 0.283 0
0.364 0.354 0
0.462 0.321 0
0.433 0.371 0
0.417 0.313 0
0.372 0.314 0
0.414 0.291 0
0.367 0.363 0
0.445 0.314 0
0.381 0.316 0
0.434 0.365 0
0.399 0.319 0
0.385 0.361 0
0.378 0.343 0
0.449 0.31 0
0.376 0.321 0
0.435 0.369 0
0.384 0.354 0
0.459 0.33 0
0.376 0.366 0
0.453 0.343 0
0.453 0.341 0
0.462 0.349 0
0.45 0.312 0
0.435 0.317 0
0.396 0.379 0
0.37 0.341 0
0.37 0.313 0
0.428 0.341 0
0.4 0.294 0
0.376 0.371 0
0.423 0.351 0
0.363 0.346 0
0.37 0.304 0
0.362 0.353 0
0.411 0.281 0
0.454 0.37 0
0.366 0.336 0
0.432 0.289 0
0.425 0.371 0
0.425 0.337 0
0.446 0.261 0
0.491 0.321 0
0.491 0.325 0
0.437 0.327 0
0.431 0.262 0
0.405 0.298 0
0.425 0.331 0
0.445 0.298 0
0.484 0.266 0
0.405 0.272 0
0.469 0.262 0
0.487 0.316 0
0.447 0.273 0
0.423 0.32 0
0.406 0.294 0
0.428 0.281 0
0.415 0.258 0
0.488 0.341 0
0.461 0.281 0
0.471 0.304 0
0.404 0.302 0
0.462 0.305 0
0.406 0.29 0
0.4 0.344 0
0.487 0.309 0
0.402 0.296 0
0.402 0.288 0
0.4 0.276 0
0.45 0.251 0
0.478 0.266 0
0.45 0.343 0
0.413 0.301 0
0.49 0.324 0
0.432 0.266 0
0.462 0.257 0
0.486 0.265 0
0.427 0.28 0
0.477 0.3 0
0.464 0.313 0
0.399 0.344 0
0.436 0.307 0
0.473 0.328 0
0.41 0.328 0
0.483 0.3 0
0.416 0.318 0
0.457 0.307 0
0.45 0.289 0
0.438 0.285 0
0.45 0.331 0
0.41 0.305 0
0.477 0.26 0
0.479 0.287 0
0.428 0.303 0
0.491 0.269 0
0.414 0.317 0
0.479 0.291 0
0.485 0.271 0
0.475 0.334 0
0.453 0.31 0
0.438 0.317 0
0.439 0.253 0
0.425 0.34 0
0.47 0.253 0
0.47 0.3 0
0.414 0.285 0
0.405 0.272 0
0.429 0.314 0
0.443 0.322 0
0.417 0.259 0
0.406 0.321 0
0.478 0.271 0
0.405 0.343 0
0.402 0.338 0
0.423 0.292 0
0.425 0.294 0
0.49 0.292 0
0.411 0.274 0
0.492 0.259 0
0.399 0.348 0
0.444 0.315 0
0.47 0.338 0
0.475 0.295 0
0.458 0.268 0
0.436 0.344 0
0.485 0.308 0
0.46 0.271 0
0.408 0.331 0
0.436 0.321 0
0.473 0.264 0
0.478 0.322 0
0.471 0.28 0
0.458 0.296 0
0.412 0.25 0
0.427 0.261 0
0.494 0.282 0
0.423 0.26 0
0.425 0.302 0
0.481 0.342 0
0.485 0.276 0
0.4 0.052 1
0.371 0.141 1
0.397 0.086 1
0.337 0.076 1
0.323 0.123 1
0.412 0.064 1
0.331 0.079 1
0.382 0.107 1
0.362 0.045 1
0.398 0.05 1
0.338 0.14 1
0.389 0.111 1
0.339 0.049 1
0.344 0.136 1
0.413 0.073 1
0.401 0.077 1
0.322 0.078 1
0.36 0.082 1
0.365 0.136 1
0.357 0.082 1
0.377 0.06 1
0.356 0.138 1
0.365 0.105 1
0.328 0.085 1
0.41 0.089 1
0.415 0.072 1
0.399 0.043 1
0.33 0.097 1
0.415 0.087 1
0.329 0.05 1
0.373 0.066 1
0.397 0.097 1
0.396 0.127 1
0.355 0.078 1
0.381 0.061 1
0.368 0.055 1
0.397 0.13 1
0.321 0.064 1
0.382 0.055 1
0.322 0.068 1
0.379 0.103 1
0.353 0.116 1
0.418 0.059 1
0.366 0.132 1
0.408 0.063 1
0.405 0.137 1
0.417 0.1 1
0.362 0.066 1
0.391 0.07 1
0.407 0.132 1
0.33 0.099 1
0.319 0.06 1
0.361 0.111 1
0.342 0.084 1
0.342 0.084 1
0.388 0.127 1
0.385 0.072 1
0.335 0.103 1
0.385 0.073 1
0.34 0.059 1
0.357 0.121 1
0.337 0.128 1
0.383 0.05 1
0.342 0.059 1
0.377 0.086 1
0.383 0.085 1
0.323 0.123 1
0.349 0.088 1
0.343 0.047 1
0.32 0.071 1
0.366 0.112 1
0.319 0.047 1
0.34 0.13 1
0.376 0.067 1
0.324 0.071 1
0.395 0.069 1
0.343 0.111 1
0.409 0.102 1
0.408 0.123 1
0.392 0.084 1
0.339 0.1 1
0.411 0.118 1
0.334 0.091 1
0.41 0.05 1
0.373 0.124 1
0.387 0.14 1
0.32 0.104 1
0.399 0.116 1
0.325 0.107 1
0.362 0.091 1
0.333 0.047 1
0.326 0.099 1
0.357 0.062 1
0.349 0.065 1
0.342 0.08 1
0.342 0.099 1
0.373 0.113 1
0.393 0.052 1
0.354 0.079 1
0.358 0.111 1
0.387 0.036 1
0.326 0.074 1
0.352 0.024 1
0.353 0.046 1
0.301 0.031 1
0.31 0.035 1
0.307 0.064 1
0.348 0.012 1
0.317 0.088 1
0.329 0.084 1
0.375 0.033 1
0.388 0.023 1
0.367 0.097 1
0.34 0.025 1
0.32 0.069 1
0.319 0.086 1
0.352 0.042 1
0.324 0.096 1
0.382 0.028 1
0.299 0.052 1
0.297 0.02 1
0.35 0.045 1
0.321 0.04 1
0.356 0.006 1
0.39 0.067 1
0.391 0.077 1
0.385 0.037 1
0.356 0.093 1
0.384 0.084 1
0.391 0.099 1
0.334 0.084 1
0.303 0.067 1
0.361 0.018 1
0.361 0.022 1
0.373 0.006 1
0.308 0.02 1
0.391 0.063 1
0.346 0.039 1
0.297 0.052 1
0.34 0.074 1
0.355 0.034 1
0.383 0.026 1
0.38 0.053 1
0.357 0.018 1
0.337 0.019 1
0.326 0.052 1
0.313 0.063 1
0.318 0.102 1
0.35 0.019 1
0.378 0.021 1
0.3 0.095 1
0.356 0.103 1
0.329 0.015 1
0.328 0.036 1
0.333 0.084 1
0.389 0.054 1
0.338 0.032 1
0.311 0.038 1
0.332 0.014 1
0.356 0.031 1
0.376 0.014 1
0.318 0.101 1
0.305 0.031 1
0.297 0.03 1
0.394 0.039 1
0.383 0.035 1
0.386 0.101 1
0.381 0.055 1
0.345 0.004 1
0.313 0.078 1
0.3 0.076 1
0.396 0.098 1
0.361 0.029 1
0.39 0.086 1
0.346 0.06 1
0.373 0.091 1
0.338 0.096 1
0.328 0.094 1
0.304 0.103 1
0.299 0.079 1
0.378 0.09 1
0.367 0.094 1
0.305 0.022 1
0.318 0.058 1
0.303 0.024 1
0.371 0.057 1
0.318 0.055 1
0.326 0.022 1
0.386 0.027 1
0.39 0.021 1
0.346 0.085 1
0.335 0.044 1
0.317 0.029 1
0.391 0.091 1
0.388 0.059 1
0.302 0.05 1
0.301 0.031 1
0.359 0.032 1
0.354 0.043 1
0.356 0.039 1
0.41 0.017 1
0.425 0.048 1
0.424 0.03 1
0.422 0.031 1
0.412 0.046 1
0.409 0.024 1
0.336 0.001 1
0.373 0.051 1
0.378 0.008 1
0.388 0.045 1
0.336 0.021 1
0.364 0.045 1
0.399 0.026 1
0.369 0.037 1
0.433 0.038 1
0.372 0.01 1
0.411 0.025 1
0.334 0.046 1
0.42 0.034 1
0.363 0.042 1
0.419 0.047 1
0.36 0.005 1
0.375 0.017 1
0.391 0.041 1
0.386 0.043 1
0.369 0.008 1
0.429 0.006 1
0.411 0.04 1
0.354 0.001 1
0.4 0.035 1
0.358 0.003 1
0.385 0.045 1
0.351 0.014 1
0.356 0.03 1
0.402 0.001 1
0.366 0.049 1
0.431 0.016 1
0.399 0.019 1
0.35 0.052 1
0.406 0.051 1
0.385 0.054 1
0.364 0.036 1
0.356 0.047 1
0.364 0.023 1
0.417 0.023 1
0.353 0.026 1
0.388 0.037 1
0.381 0.027 1
0.423 0.029 1
0.37 0.039 1
0.385 0.04 1
0.415 0.05 1
0.424 0.032 1
0.344 0.019 1
0.376 0.04 1
0.357 0.046 1
0.41 0.004 1
0.347 0.026 1
0.351 0.008 1
0.432 0.031 1
0.409 0.014 1
0.335 0.002 1
0.393 0.022 1
0.432 0.04 1
0.371 0.019 1
0.378 0.039 1
0.369 0.032 1
0.421 0.037 1
0.343 0.023 1
0.362 0.033 1
0.383 0.048 1
0.422 0.029 1
0.396 0.033 1
0.384 0.007 1
0.386 0.026 1
0.432 0.032 1
0.35 0.021 1
0.374 0.021 1
0.421 0.012 1
0.359 0.022 1
0.364 0.051 1
0.397 0.02 1
0.349 0.007 1
0.346 0.018 1
0.354 0.052 1
0.373 0.01 1
0.419 0.026 1
0.387 0.017 1
0.354 0.048 1
0.364 0.007 1
0.391 0.026 1
0.348 0.037 1
0.358 0.028 1
0.392 0.01 1
0.407 0.001 1
0.415 0.009 1
0.373 0.022 1
0.341 0.022 1
0.364 0.043 1
0.357 0.022 1
0.385 0.008 1
0.443 0.007 1
0.426 0.003 1
0.407 0.039 1
0.425 0.001 1
0.465 0.002 1
0.464 0.04 1
0.384 0.014 1
0.475 0.022 1
0.42 0.029 1
0.438 0.029 1
0.398 0.017 1
0.434 0.019 1
0.41 0.022 1
0.478 0.031 1
0.442 0.045 1
0.437 0.011 1
0.43 0.028 1
0.471 0.041 1
0.472 0.036 1
0.432 0.048 1
0.451 0.029 1
0.407 0.007 1
0.439 0.014 1
0.457 0.055 1
0.475 0.038 1
0.448 0.024 1
0.477 0.032 1
0.434 0.027 1
0.42 0.051 1
0.404 0.042 1
0.436 0.015 1
0.462 0.05 1
0.436 0.04 1
0.447 0.001 1
0.388 0.009 1
0.439 0.018 1
0.42 0.004 1
0.454 0.046 1
0.43 0.027 1
0.421 0.018 1
0.437 0.02 1
0.385 0.054 1
0.453 0.002 1
0.446 0.023 1
0.381 0.02 1
0.404 0.05 1
0.41 0.013 1
0.386 0.008 1
0.402 0.036 1
0.382 0.035 1
0.451 0.055 1
0.442 0.009 1
0.415 0.007 1
0.451 0.025 1
0.455 0.006 1
0.436 0.019 1
0.391 0.02 1
0.447 0.024 1
0.394 0.016 1
0.464 0.003 1
0.417 0.033 1
0.44 0.006 1
0.468 0.052 1
0.452 0.033 1
0.424 0.004 1
0.409 0.053 1
0.39 0.015 1
0.466 0.003 1
0.41 0.04 1
0.384 0.041 1
0.477 0.015 1
0.383 0.033 1
0.444 0.04 1
0.382 0.051 1
0.464 0.018 1
0.448 0.041 1
0.427 0.04 1
0.479 0.017 1
0.474 0.003 1
0.463 0.048 1
0.477 0.04 1
0.4 0.044 1
0.451 0.037 1
0.413 0.046 1
0.401 0.004 1
0.405 0.015 1
0.448 0.007 1
0.433 0.021 1
0.418 0.047 1
0.38 0.041 1
0.427 0.014 1
0.467 0.028 1
0.407 0.006 1
0.382 0.025 1
0.401 0.032 1
0.431 0.008 1
0.426 0.027 1
0.413 0.008 1
0.463 0.02 1
0.505 0.006 1
0.461 0.078 1
0.488 0.032 1
0.468 0.017 1
0.512 0.022 1
0.431 0.03 1
0.431 0.024 1
0.485 0.051 1
0.432 0.049 1
0.469 0.004 1
0.457 0.029 1
0.473 0.071 1
0.511 0.069 1
0.5 0.065 1
0.514 0.051 1
0.487 0.018 1
0.433 0.065 1
0.52 0.077 1
0.468 0.017 1
0.486 0.076 1
0.492 0.075 1
0.478 0.045 1
0.461 0.041 1
0.457 0.047 1
0.425 0.007 1
0.45 0.001 1
0.438 0.065 1
0.513 0.012 1
0.492 0.026 1
0.493 0.044 1
0.516 0.044 1
0.497 0.021 1
0.449 0.004 1
0.434 0.013 1
0.513 0.033 1
0.426 0.057 1
0.508 0.031 1
0.443 0.016 1
0.454 0.024 1
0.501 0.042 1
0.516 0.002 1
0.446 0.011 1
0.509 0.069 1
0.524 0.002 1
0.459 0.002 1
0.521 0.045 1
0.474 0.075 1
0.519 0.076 1
0.476 0.06 1
0.432 0.034 1
0.522 0.024 1
0.472 0.037 1
0.521 0.011 1
0.458 0.014 1
0.447 0.06 1
0.504 0.051 1
0.497 0.06 1
0.44 0.05 1
0.425 0.004 1
0.464 0.014 1
0.445 0.052 1
0.428 0.051 1
0.443 0.025 1
0.52 0.036 1
0.482 0.016 1
0.498 0.05 1
0.489 0.014 1
0.462 0.063 1
0.488 0.02 1
0.467 0.029 1
0.469 0.017 1
0.487 0.043 1
0.435 0.037 1
0.444 0.069 1
0.505 0.004 1
0.48 0.055 1
0.494 0.052 1
0.484 0.013 1
0.514 0.062 1
0.458 0.078 1
0.463 0.04 1
0.512 0.042 1
0.432 0.025 1
0.462 0.073 1
0.508 0.013 1
0.447 0.069 1
0.448 0.044 1
0.432 0.059 1
0.506 0.029 1
0.443 0.017 1
0.474 0.036 1
0.442 0.013 1
0.463 0.048 1
0.43 0.037 1
0.44 0.022 1
0.481 0.066 1
0.516 0.045 1
0.506 0.003 1
0.465 0.068 1
0.471 0.042 1
0.51 0.108 1
0.446 0.064 1
0.488 0.09 1
0.474 0.082 1
0.536 0.108 1
0.453 0.074 1
0.498 0.044 1
0.467 0.062 1
0.446 0.081 1
0.54 0.06 1
0.534 0.086 1
0.537 0.042 1
0.495 0.032 1
0.465 0.097 1
0.538 0.042 1
0.515 0.074 1
0.456 0.045 1
0.47 0.024 1
0.478 0.107 1
0.506 0.03 1
0.457 0.057 1
0.458 0.064 1
0.46 0.033 1
0.501 0.041 1
0.531 0.061 1
0.451 0.071 1
0.45 0.05 1
0.474 0.066 1
0.479 0.054 1
0.476 0.078 1
0.495 0.02 1
0.459 0.035 1
0.521 0.071 1
0.473 0.09 1
0.529 0.075 1
0.455 0.026 1
0.463 0.045 1
0.526 0.019 1
0.531 0.061 1
0.508 0.088 1
0.462 0.035 1
0.505 0.037 1
0.48 0.057 1
0.526 0.059 1
0.532 0.04 1
0.48 0.024 1
0.524 0.042 1
0.455 0.087 1
0.507 0.093 1
0.463 0.079 1
0.482 0.111 1
0.509 0.058 1
0.479 0.084 1
0.512 0.092 1
0.52 0.06 1
0.52 0.09 1
0.488 0.077 1
0.542 0.03 1
0.519 0.107 1
0.515 0.094 1
0.448 0.07 1
0.519 0.022 1
0.48 0.018 1
0.52 0.055 1
0.529 0.064 1
0.501 0.084 1
0.494 0.042 1
0.505 0.089 1
0.5 0.095 1
0.535 0.02 1
0.484 0.1 1
0.519 0.107 1
0.473 0.025 1
0.452 0.029 1
0.454 0.091 1
0.515 0.031 1
0.453 0.097 1
0.478 0.043 1
0.45 0.092 1
0.505 0.084 1
0.492 0.099 1
0.508 0.044 1
0.507 0.076 1
0.484 0.078 1
0.48 0.108 1
0.543 0.03 1
0.534 0.111 1
0.539 0.106 1
0.491 0.102 1
0.499 0.065 1
0.48 0.104 1
0.533 0.06 1
0.453 0.063 1
0.49 0.058 1
0.45 0.068 1
0.536 0.103 1
0.517 0.055 1
0.458 0.046 1
0.45 0.053 1
0.458 0.106 1
0.43 0.104 1
0.427 0.137 1
0.478 0.143 1
0.422 0.151 1
0.456 0.127 1
0.434 0.06 1
0.464 0.101 1
0.464 0.147 1
0.404 0.087 1
0.429 0.145 1
0.447 0.106 1
0.443 0.108 1
0.429 0.141 1
0.45 0.056 1
0.437 0.095 1
0.411 0.127 1
0.419 0.072 1
0.404 0.119 1
0.398 0.091 1
0.396 0.131 1
0.389 0.069 1
0.448 0.066 1
0.475 0.063 1
0.453 0.111 1
0.473 0.111 1
0.484 0.142 1
0.46 0.055 1
0.459 0.059 1
0.435 0.118 1
0.48 0.129 1
0.425 0.093 1
0.429 0.146 1
0.453 0.06 1
0.403 0.056 1
0.396 0.15 1
0.394 0.109 1
0.419 0.116 1
0.437 0.117 1
0.411 0.107 1
0.409 0.118 1
0.462 0.102 1
0.459 0.111 1
0.414 0.138 1
0.456 0.124 1
0.413 0.128 1
0.432 0.124 1
0.452 0.137 1
0.45 0.075 1
0.486 0.059 1
0.451 0.083 1
0.465 0.103 1
0.429 0.098 1
0.469 0.056 1
0.416 0.105 1
0.441 0.148 1
0.435 0.054 1
0.452 0.091 1
0.456 0.128 1
0.411 0.131 1
0.488 0.111 1
0.446 0.147 1
0.399 0.075 1
0.39 0.075 1
0.452 0.124 1
0.488 0.09 1
0.396 0.129 1
0.449 0.061 1
0.447 0.102 1
0.471 0.122 1
0.399 0.14 1
0.42 0.114 1
0.393 0.117 1
0.461 0.065 1
0.465 0.075 1
0.429 0.064 1
0.423 0.059 1
0.419 0.084 1
0.432 0.14 1
0.472 0.154 1
0.441 0.101 1
0.417 0.068 1
0.482 0.099 1
0.46 0.064 1
0.417 0.149 1
0.443 0.097 1
0.457 0.126 1
0.392 0.057 1
0.42 0.095 1
0.487 0.128 1
0.431 0.136 1
0.417 0.058 1
0.432 0.078 1
0.393 0.062 1
0.414 0.135 1
0.454 0.129 1
0.434 0.113 1
0.438 0.098 1
0.485 0.07 1
0.426 0.105 1
0.415 0.115 1
0.339 0.112 1
0.392 0.08 1
0.342 0.082 1
0.381 0.133 1
0.371 0.054 1
0.397 0.073 1
0.396 0.065 1
0.332 0.102 1
0.33 0.099 1
0.373 0.072 1
0.393 0.091 1
0.416 0.064 1
0.387 0.08 1
0.329 0.098 1
0.367 0.06 1
0.334 0.126 1
0.341 0.062 1
0.398 0.077 1
0.37 0.066 1
0.342 0.074 1
0.332 0.09 1
0.339 0.065 1
0.336 0.116 1
0.371 0.069 1
0.333 0.148 1
0.391 0.137 1
0.355 0.06 1
0.335 0.112 1
0.345 0.119 1
0.332 0.048 1
0.351 0.116 1
0.36 0.126 1
0.409 0.128 1
0.396 0.138 1
0.36 0.129 1
0.388 0.14 1
0.396 0.137 1
0.363 0.097 1
0.399 0.063 1
0.366 0.143 1
0.415 0.123 1
0.392 0.048 1
0.383 0.057 1
0.364 0.137 1
0.427 0.048 1
0.376 0.128 1
0.331 0.051 1
0.405 0.114 1
0.417 0.092 1
0.41 0.09 1
0.412 0.147 1
0.386 0.145 1
0.408 0.105 1
0.418 0.117 1
0.348 0.071 1
0.354 0.053 1
0.355 0.054 1
0.399 0.074 1
0.427 0.128 1
0.375 0.119 1
0.329 0.135 1
0.348 0.117 1
0.368 0.095 1
0.416 0.053 1
0.36 0.083 1
0.397 0.128 1
0.379 0.052 1
0.36 0.075 1
0.379 0.113 1
0.423 0.107 1
0.356 0.147 1
0.351 0.07 1
0.401 0.1 1
0.334 0.084 1
0.355 0.138 1
0.387 0.121 1
0.427 0.101 1
0.419 0.05 1
0.425 0.094 1
0.337 0.102 1
0.405 0.078 1
0.354 0.112 1
0.416 0.072 1
0.362 0.063 1
0.404 0.117 1
0.333 0.126 1
0.366 0.11 1
0.386 0.141 1
0.374 0.122 1
0.398 0.085 1
0.407 0.052 1
0.346 0.121 1
0.388 0.066 1
0.358 0.057 1
0.42 0.136 1
0.419 0.106 1
0.391 0.076 1
0.347 0.051 1
0.388 0.103 1
0.332 0.116 1
0.405 0.031 1
0.461 0.114 1
0.394 0.052 1
0.423 0.098 1
0.438 0.031 1
0.429 0.023 1
0.415 0.023 1
0.469 0.04 1
0.412 0.071 1
0.467 0.096 1
0.396 0.092 1
0.424 0.094 1
0.426 0.085 1
0.44 0.023 1
0.452 0.041 1
0.475 0.101 1
0.389 0.026 1
0.411 0.05 1
0.416 0.094 1
0.469 0.105 1
0.45 0.108 1
0.459 0.084 1
0.451 0.093 1
0.464 0.067 1
0.462 0.029 1
0.406 0.074 1
0.433 0.106 1
0.415 0.101 1
0.398 0.108 1
0.4 0.022 1
0.471 0.074 1
0.48 0.068 1
0.468 0.108 1
0.401 0.09 1
0.467 0.029 1
0.447 0.078 1
0.432 0.09 1
0.418 0.027 1
0.482 0.054 1
0.426 0.083 1
0.464 0.115 1
0.399 0.085 1
0.449 0.047 1
0.398 0.056 1
0.39 0.088 1
0.468 0.109 1
0.484 0.097 1
0.439 0.06 1
0.463 0.02 1
0.426 0.1 1
0.449 0.1 1
0.403 0.094 1
0.398 0.112 1
0.439 0.024 1
0.387 0.053 1
0.436 0.106 1
0.384 0.089 1
0.464 0.031 1
0.475 0.022 1
0.451 0.058 1
0.437 0.077 1
0.48 0.086 1
0.407 0.084 1
0.384 0.08 1
0.393 0.067 1
0.425 0.026 1
0.395 0.088 1
0.468 0.041 1
0.45 0.063 1
0.461 0.04 1
0.442 0.111 1
0.41 0.065 1
0.407 0.079 1
0.482 0.052 1
0.457 0.066 1
0.454 0.051 1
0.439 0.1 1
0.461 0.091 1
0.453 0.025 1
0.409 0.1 1
0.437 0.034 1
0.479 0.035 1
0.396 0.103 1
0.474 0.046 1
0.441 0.12 1
0.458 0.027 1
0.407 0.095 1
0.471 0.089 1
0.476 0.096 1
0.428 0.034 1
0.467 0.029 1
0.404 0.113 1
0.42 0.061 1
0.455 0.108 1
0.454 0.029 1
0.443 0.064 1
0.405 0.112 1
0.408 0.085 1
0.408 0.101 1
0.39 0.025 1
0.961 0.956 2
0.91 0.938 2
0.916 0.978 2
0.925 1.0 2
0.935 0.96 2
0.925 0.946 2
0.93 0.961 2
0.912 0.979 2
0.947 0.974 2
0.944 0.934 2
0.93 0.978 2
0.964 0.942 2
0.905 0.993 2
0.956 0.956 2
0.982 0.973 2
0.974 0.973 2
0.937 0.961 2
0.909 0.947 2
0.979 0.936 2
0.905 0.97 2
0.945 0.963 2
0.888 0.946 2
0.967 0.969 2
0.958 0.947 2
0.924 0.947 2
0.955 0.94 2
0.896 0.975 2
0.913 0.992 2
0.953 0.957 2
0.935 0.936 2
0.977 0.988 2
0.919 0.998 2
0.93 0.995 2
0.912 0.932 2
0.973 0.954 2
0.9 0.964 2
0.971 0.932 2
0.89 0.968 2
0.9 0.969 2
0.963 0.997 2
0.936 0.997 2
0.985 0.983 2
0.897 0.978 2
0.97 0.989 2
0.896 0.971 2
0.9 0.934 2
0.937 0.956 2
0.89 0.933 2
0.941 0.955 2
0.936 0.946 2
0.936 0.994 2
0.886 0.946 2
0.911 0.961 2
0.918 0.993 2
0.906 0.942 2
0.951 0.955 2
0.895 0.998 2
0.97 0.971 2
0.905 0.989 2
0.912 0.941 2
0.898 0.94 2
0.96 1.0 2
0.943 0.972 2
0.976 0.98 2
0.986 0.985 2
0.953 0.998 2
0.912 0.943 2
0.986 0.935 2
0.906 0.985 2
0.917 0.958 2
0.91 0.949 2
0.914 0.999 2
0.923 0.995 2
0.973 0.966 2
0.902 0.941 2
0.928 0.938 2
0.973 0.997 2
0.917 0.937 2
0.971 1.0 2
0.892 0.957 2
0.933 0.955 2
0.967 0.941 2
0.918 0.966 2
0.908 0.963 2
0.937 0.979 2
0.951 0.988 2
0.886 0.958 2
0.925 0.977 2
0.945 0.993 2
0.893 0.991 2
0.915 0.972 2
0.892 0.978 2
0.979 0.994 2
0.896 0.983 2
0.938 0.987 2
0.97 0.969 2
0.891 0.963 2
0.959 0.987 2
0.969 0.99 2
0.968 0.987 2
0.95 0.957 2
0.94 0.938 2
0.892 0.95 2
0.908 0.954 2
0.914 0.924 2
0.947 0.918 2
0.907 0.982 2
0.985 0.982 2
0.982 0.989 2
0.954 0.964 2
0.943 0.918 2
0.95 0.982 2
0.955 0.949 2
0.918 0.957 2
0.89 0.981 2
0.973 0.985 2
0.886 0.98 2
0.923 0.966 2
0.942 0.986 2
0.893 1.0 2
0.982 0.936 2
0.954 0.923 2
0.886 0.945 2
0.942 0.971 2
0.897 0.94 2
0.933 0.948 2
0.901 0.962 2
0.886 0.957 2
0.907 0.935 2
0.965 0.985 2
0.889 0.94 2
0.949 0.935 2
0.937 0.924 2
0.976 0.995 2
0.913 0.962 2
0.974 0.998 2
0.968 0.939 2
0.975 0.948 2
0.922 0.946 2
0.985 0.975 2
0.925 0.994 2
0.91 0.995 2
0.975 0.969 2
0.972 0.981 2
0.981 0.941 2
0.941 0.948 2
0.888 0.952 2
0.943 0.986 2
0.985 0.972 2
0.952 0.979 2
0.925 0.927 2
0.907 0.936 2
0.921 0.964 2
0.928 0.957 2
0.9 0.939 2
0.95 0.925 2
0.951 1.0 2
0.901 0.938 2
0.931 0.936 2
0.891 0.936 2
0.942 0.931 2
0.937 0.957 2
0.934 0.948 2
0.916 0.934 2
0.954 0.918 2
0.966 0.935 2
0.983 0.978 2
0.954 0.999 2
0.945 0.998 2
0.943 0.943 2
0.986 0.922 2
0.888 0.992 2
0.914 0.969 2
0.958 0.999 2
0.895 0.979 2
0.957 0.937 2
0.975 0.988 2
0.905 0.965 2
0.935 0.94 2
0.928 0.988 2
0.944 0.927 2
0.944 0.943 2
0.924 0.99 2
0.982 0.937 2
0.957 0.947 2
0.944 0.929 2
0.952 0.931 2
0.947 0.954 2
0.91 0.921 2
0.91 0.936 2
0.978 0.959 2
0.948 0.968 2
0.924 0.947 2
0.931 0.93 2
0.913 0.986 2
0.94 0.941 2
0.925 0.984 2
0.894 0.951 2
0.945 1.0 2
0.919 0.992 2
0.895 0.954 2
0.972 0.959 2
0.949 0.905 2
0.982 0.92 2
0.921 0.95 2
0.969 0.955 2
0.923 0.954 2
0.958 0.944 2
0.956 0.924 2
0.912 0.96 2
0.982 0.999 2
0.925 0.957 2
0.913 0.917 2
0.975 0.931 2
0.891 0.934 2
0.908 0.937 2
0.914 0.99 2
0.929 0.974 2
0.937 0.961 2
0.885 0.944 2
0.949 0.926 2
0.945 0.942 2
0.93 0.92 2
0.938 0.944 2
0.942 0.976 2
0.907 0.955 2
0.893 0.994 2
0.96 0.996 2
0.955 0.979 2
0.948 0.954 2
0.958 0.983 2
0.942 0.907 2
0.911 0.971 2
0.969 0.931 2
0.97 1.0 2
0.94 0.927 2
0.907 0.907 2
0.938 0.946 2
0.914 0.999 2
0.916 0.909 2
0.936 0.909 2
0.974 0.926 2
0.94 0.921 2
0.934 0.989 2
0.886 0.982 2
0.973 0.914 2
0.97 0.989 2
0.923 0.97 2
0.967 0.949 2
0.958 0.969 2
0.916 0.919 2
0.914 0.971 2
0.932 0.988 2
0.897 0.953 2
0.98 0.976 2
0.9 0.96 2
0.942 0.99 2
0.908 0.93 2
0.902 0.967 2
0.93 0.929 2
0.894 0.972 2
0.944 0.953 2
0.975 0.979 2
0.921 0.93 2
0.949 0.942 2
0.953 0.971 2
0.926 0.947 2
0.885 0.988 2
0.911 0.994 2
0.918 0.959 2
0.961 0.923 2
0.983 0.998 2
0.981 0.945 2
0.95 0.919 2
0.973 0.943 2
0.905 0.961 2
0.961 0.948 2
0.967 0.909 2
0.968 0.926 2
0.915 0.943 2
0.891 0.934 2
0.923 1.0 2
0.92 0.991 2
0.963 0.999 2
0.906 0.996 2
0.935 0.95 2
0.957 0.946 2
0.915 0.952 2
0.905 0.954 2
0.919 0.96 2
0.929 0.932 2
0.899 0.919 2
0.973 0.957 2
0.96 0.944 2
0.899 0.916 2
0.923 0.98 2
0.892 0.939 2
0.924 0.937 2
0.981 0.942 2
0.926 0.905 2
0.883 0.959 2
0.911 0.912 2
0.926 0.94 2
0.961 0.891 2
0.885 0.885 2
0.896 0.929 2
0.967 0.966 2
0.961 0.881 2
0.974 0.962 2
0.915 0.953 2
0.916 0.938 2
0.973 0.895 2
0.97 0.91 2
0.952 0.959 2
0.951 0.932 2
0.888 0.91 2
0.948 0.91 2
0.932 0.911 2
0.961 0.937 2
0.886 0.92 2
0.976 0.935 2
0.947 0.903 2
0.912 0.947 2
0.952 0.887 2
0.942 0.923 2
0.909 0.968 2
0.896 0.89 2
0.944 0.935 2
0.913 0.884 2
0.883 0.938 2
0.887 0.908 2
0.886 0.974 2
0.97 0.957 2
0.96 0.947 2
0.948 0.889 2
0.883 0.905 2
0.906 0.887 2
0.894 0.961 2
0.896 0.963 2
0.91 0.911 2
0.886 0.908 2
0.981 0.885 2
0.934 0.889 2
0.928 0.906 2
0.962 0.888 2
0.91 0.884 2
0.93 0.972 2
0.923 0.918 2
0.956 0.896 2
0.899 0.978 2
0.976 0.908 2
0.886 0.88 2
0.97 0.932 2
0.945 0.962 2
0.924 0.949 2
0.94 0.886 2
0.917 0.966 2
0.942 0.894 2
0.966 0.934 2
0.934 0.961 2
0.935 0.972 2
0.887 0.883 2
0.945 0.944 2
0.893 0.956 2
0.972 0.962 2
0.964 0.895 2
0.899 0.887 2
0.96 0.973 2
0.9 0.933 2
0.955 0.96 2
0.948 0.921 2
0.981 0.975 2
0.939 0.957 2
0.944 0.89 2
0.924 0.956 2
0.891 0.973 2
0.961 0.91 2
0.942 0.887 2
0.883 0.939 2
0.905 0.888 2
0.898 0.972 2
0.969 0.945 2
0.919 0.925 2
0.959 0.968 2
0.928 0.919 2
0.946 0.926 2
0.923 0.912 2
0.909 0.904 2
0.957 0.935 2
0.92 0.929 2
0.923 0.962 2
0.903 0.889 2
0.897 0.92 2
0.896 0.879 2
0.923 0.904 2
0.895 0.928 2
0.935 0.91 2
0.971 0.913 2
0.905 0.951 2
0.905 0.962 2
0.911 0.914 2
0.91 0.862 2
0.955 0.899 2
0.898 0.864 2
0.972 0.928 2
0.98 0.925 2
0.942 0.925 2
0.939 0.906 2
0.974 0.859 2
0.942 0.872 2
0.972 0.92 2
0.917 0.893 2
0.949 0.846 2
0.972 0.931 2
0.942 0.893 2
0.966 0.922 2
0.885 0.876 2
0.899 0.871 2
0.97 0.912 2
0.904 0.841 2
0.901 0.911 2
0.917 0.923 2
0.969 0.934 2
0.958 0.921 2
0.967 0.865 2
0.965 0.902 2
0.977 0.867 2
0.939 0.85 2
0.959 0.919 2
0.9 0.913 2
0.951 0.848 2
0.973 0.843 2
0.949 0.931 2
0.977 0.921 2
0.957 0.933 2
0.951 0.863 2
0.973 0.932 2
0.884 0.926 2
0.884 0.912 2
0.903 0.836 2
0.971 0.869 2
0.948 0.869 2
0.904 0.888 2
0.923 0.867 2
0.971 0.861 2
0.943 0.855 2
0.956 0.878 2
0.927 0.906 2
0.903 0.869 2
0.882 0.932 2
0.928 0.895 2
0.976 0.878 2
0.919 0.907 2
0.947 0.858 2
0.929 0.885 2
0.94 0.882 2
0.923 0.837 2
0.965 0.899 2
0.935 0.926 2
0.953 0.874 2
0.889 0.843 2
0.917 0.932 2
0.923 0.924 2
0.945 0.882 2
0.924 0.835 2
0.887 0.898 2
0.883 0.895 2
0.958 0.93 2
0.971 0.844 2
0.907 0.926 2
0.888 0.846 2
0.948 0.876 2
0.885 0.834 2
0.921 0.889 2
0.964 0.851 2
0.907 0.933 2
0.9 0.929 2
0.965 0.834 2
0.945 0.92 2
0.884 0.92 2
0.925 0.874 2
0.895 0.883 2
0.922 0.863 2
0.891 0.899 2
0.898 0.931 2
0.939 0.865 2
0.888 0.929 2
0.921 0.836 2
0.96 0.917 2
0.884 0.901 2
0.928 0.887 2
0.883 0.932 2
0.936 0.89 2
0.967 0.927 2
0.885 0.892 2
0.93 0.9 2
0.895 0.907 2
0.97 0.875 2
0.898 0.848 2
0.891 0.912 2
0.948 0.895 2
0.98 0.869 2
0.972 0.866 2
0.918 0.865 2
0.957 0.825 2
0.949 0.846 2
0.97 0.837 2
0.929 0.81 2
0.893 0.853 2
0.954 0.862 2
0.964 0.879 2
0.952 0.825 2
0.922 0.828 2
0.977 0.88 2
0.94 0.852 2
0.937 0.898 2
0.922 0.822 2
0.969 0.862 2
0.915 0.838 2
0.891 0.861 2
0.974 0.891 2
0.899 0.877 2
0.907 0.902 2
0.972 0.847 2
0.926 0.899 2
0.889 0.896 2
0.921 0.867 2
0.887 0.882 2
0.97 0.817 2
0.9 0.813 2
0.978 0.88 2
0.929 0.864 2
0.919 0.882 2
0.921 0.84 2
0.935 0.902 2
0.963 0.893 2
0.894 0.843 2
0.962 0.819 2
0.982 0.882 2
0.909 0.838 2
0.952 0.856 2
0.964 0.864 2
0.901 0.816 2
0.932 0.835 2
0.918 0.868 2
0.978 0.901 2
0.899 0.828 2
0.912 0.842 2
0.904 0.859 2
0.981 0.896 2
0.887 0.855 2
0.954 0.831 2
0.935 0.896 2
0.948 0.885 2
0.982 0.84 2
0.979 0.842 2
0.91 0.909 2
0.932 0.892 2
0.918 0.838 2
0.904 0.85 2
0.902 0.852 2
0.967 0.89 2
0.927 0.862 2
0.946 0.875 2
0.932 0.824 2
0.895 0.905 2
0.888 0.864 2
0.934 0.884 2
0.918 0.878 2
0.939 0.835 2
0.886 0.839 2
0.914 0.86 2
0.979 0.85 2
0.915 0.872 2
0.905 0.866 2
0.911 0.907 2
0.894 0.865 2
0.887 0.854 2
0.977 0.869 2
0.924 0.868 2
0.902 0.874 2
0.934 0.862 2
0.917 0.865 2
0.933 0.898 2
0.971 0.874 2
0.933 0.888 2
0.918 0.826 2
0.954 0.856 2
0.895 0.883 2
0.975 0.856 2
0.933 0.883 2
0.905 0.864 2
0.975 0.891 2
0.91 0.814 2
0.944 0.861 2
0.91 0.84 2
0.927 0.893 2
0.963 0.81 2
0.911 0.852 2
0.939 0.901 2
0.946 0.79 2
0.905 0.81 2
0.917 0.782 2
0.943 0.863 2
0.989 0.817 2
0.901 0.852 2
0.916 0.87 2
0.896 0.819 2
0.921 0.781 2
0.97 0.856 2
0.892 0.781 2
0.967 0.799 2
0.95 0.81 2
0.919 0.822 2
0.925 0.803 2
0.933 0.868 2
0.913 0.784 2
0.909 0.815 2
0.914 0.777 2
0.892 0.792 2
0.972 0.79 2
0.919 0.863 2
0.954 0.784 2
0.953 0.857 2
0.973 0.787 2
0.982 0.828 2
0.905 0.83 2
0.989 0.866 2
0.942 0.82 2
0.915 0.821 2
0.955 0.808 2
0.949 0.814 2
0.969 0.843 2
0.977 0.839 2
0.927 0.813 2
0.9 0.867 2
0.942 0.786 2
0.895 0.797 2
0.905 0.869 2
0.967 0.844 2
0.897 0.778 2
0.893 0.793 2
0.898 0.828 2
0.98 0.86 2
0.971 0.85 2
0.928 0.824 2
0.907 0.806 2
0.974 0.858 2
0.99 0.863 2
0.992 0.853 2
0.969 0.817 2
0.9 0.826 2
0.965 0.847 2
0.927 0.777 2
0.892 0.874 2
0.988 0.805 2
0.981 0.854 2
0.963 0.868 2
0.928 0.873 2
0.978 0.817 2
0.962 0.812 2
0.895 0.856 2
0.897 0.788 2
0.923 0.787 2
0.984 0.841 2
0.992 0.849 2
0.947 0.787 2
0.914 0.832 2
0.96 0.839 2
0.959 0.862 2
0.96 0.874 2
0.951 0.843 2
0.913 0.868 2
0.904 0.775 2
0.965 0.831 2
0.948 0.857 2
0.925 0.795 2
0.975 0.858 2
0.943 0.851 2
0.924 0.835 2
0.945 0.852 2
0.905 0.823 2
0.924 0.833 2
0.904 0.795 2
0.927 0.848 2
0.926 0.837 2
0.896 0.822 2
0.906 0.825 2
0.898 0.856 2
0.893 0.867 2
0.922 0.828 2
0.979 0.848 2
0.928 0.84 2
0.975 0.854 2
0.894 0.813 2
0.909 0.825 2
0.951 0.818 2
0.905 0.798 2
0.934 0.867 2
0.908 0.858 2
0.941 0.753 2
0.938 0.843 2
0.926 0.804 2
0.912 0.802 2
0.924 0.84 2
0.934 0.801 2
0.985 0.806 2
0.977 0.748 2
0.905 0.81 2
0.963 0.819 2
0.899 0.766 2
0.921 0.763 2
0.918 0.829 2
0.974 0.826 2
0.967 0.825 2
0.939 0.753 2
0.96 0.795 2
0.913 0.749 2
0.891 0.758 2
0.949 0.831 2
0.948 0.826 2
0.976 0.83 2
0.943 0.805 2
0.943 0.766 2
0.892 0.813 2
0.909 0.796 2
0.918 0.751 2
0.948 0.789 2
0.962 0.836 2
0.893 0.798 2
0.984 0.822 2
0.958 0.761 2
0.893 0.763 2
0.95 0.778 2
0.955 0.803 2
0.97 0.776 2
0.971 0.827 2
0.942 0.835 2
0.897 0.797 2
0.942 0.82 2
0.974 0.804 2
0.961 0.821 2
0.944 0.751 2
0.976 0.755 2
0.914 0.783 2
0.93 0.807 2
0.907 0.821 2
0.943 0.765 2
0.9 0.834 2
0.941 0.837 2
0.898 0.843 2
0.984 0.781 2
0.899 0.748 2
0.955 0.796 2
0.958 0.806 2
0.901 0.809 2
0.898 0.756 2
0.891 0.807 2
0.988 0.801 2
0.981 0.803 2
0.9 0.813 2
0.94 0.814 2
0.961 0.774 2
0.984 0.84 2
0.962 0.842 2
0.945 0.796 2
0.924 0.787 2
0.978 0.805 2
0.956 0.777 2
0.907 0.774 2
0.978 0.781 2
0.951 0.775 2
0.892 0.764 2
0.925 0.813 2
0.948 0.769 2
0.899 0.774 2
0.971 0.796 2
0.988 0.801 2
0.895 0.747 2
0.959 0.841 2
0.927 0.752 2
0.905 0.843 2
0.989 0.75 2
0.954 0.833 2
0.955 0.813 2
0.99 0.75 2
0.981 0.799 2
0.918 0.833 2
0.977 0.747 2
0.98 0.804 2
0.904 0.801 2
0.917 0.755 2
0.891 0.799 2
0.943 0.83 2
0.897 0.784 2
0.897 0.749 2
0.91 0.77 2
0.939 0.794 2
0.986 0.794 2
0.943 0.803 2
0.953 0.787 2
0.982 0.797 2
0.926 0.745 2
0.912 0.782 2
0.943 0.79 2
0.919 0.758 2
0.929 0.756 2
0.919 0.758 2
0.889 0.751 2
0.938 0.752 2
0.961 0.787 2
0.98 0.792 2
0.934 0.716 2
0.972 0.784 2
0.913 0.779 2
0.962 0.747 2
0.941 0.798 2
0.934 0.764 2
0.949 0.717 2
0.91 0.798 2
0.939 0.773 2
0.977 0.724 2
0.943 0.797 2
0.904 0.786 2
0.944 0.802 2
0.889 0.734 2
0.962 0.756 2
0.905 0.778 2
0.98 0.806 2
0.906 0.761 2
0.947 0.768 2
0.911 0.78 2
0.889 0.73 2
0.915 0.791 2
0.954 0.781 2
0.95 0.766 2
0.889 0.778 2
0.901 0.801 2
0.911 0.788 2
0.986 0.811 2
0.943 0.761 2
0.976 0.805 2
0.902 0.8 2
0.912 0.812 2
0.966 0.807 2
0.962 0.744 2
0.915 0.808 2
0.914 0.81 2
0.898 0.778 2
0.917 0.808 2
0.956 0.781 2
0.985 0.793 2
0.931 0.777 2
0.958 0.737 2
0.956 0.753 2
0.958 0.741 2
0.893 0.808 2
0.923 0.735 2
0.945 0.791 2
0.97 0.787 2
0.945 0.788 2
0.911 0.776 2
0.986 0.727 2
0.899 0.737 2
0.93 0.814 2
0.97 0.744 2
0.916 0.733 2
0.921 0.813 2
0.942 0.792 2
0.961 0.736 2
0.929 0.717 2
0.975 0.754 2
0.899 0.764 2
0.932 0.758 2
0.98 0.746 2
0.926 0.788 2
0.927 0.743 2
0.898 0.775 2
0.976 0.743 2
0.894 0.738 2
0.967 0.79 2
0.892 0.762 2
0.926 0.737 2
0.9 0.742 2
0.971 0.787 2
0.929 0.729 2
0.902 0.734 2
0.904 0.767 2
0.945 0.757 2
0.899 0.77 2
0.949 0.727 2
0.935 0.776 2
0.95 0.778 2
0.944 0.801 2
0.903 0.808 2
0.942 0.793 2
0.935 0.79 2
0.892 0.793 2
0.929 0.773 2
0.975 0.758 2
0.923 0.762 2
0.935 0.707 2
0.966 0.752 2
0.949 0.697 2
0.973 0.715 2
0.905 0.68 2
0.933 0.682 2
0.948 0.761 2
0.898 0.758 2
0.97 0.743 2
0.948 0.776 2
0.904 0.75 2
0.878 0.776 2
0.9 0.729 2
0.888 0.699 2
0.892 0.77 2
0.976 0.76 2
0.939 0.72 2
0.893 0.738 2
0.918 0.694 2
0.954 0.695 2
0.971 0.708 2
0.938 0.698 2
0.929 0.741 2
0.975 0.725 2
0.884 0.719 2
0.88 0.777 2
0.935 0.728 2
0.905 0.696 2
0.954 0.724 2
0.884 0.741 2
0.9 0.682 2
0.949 0.681 2
0.973 0.733 2
0.933 0.75 2
0.881 0.712 2
0.882 0.679 2
0.878 0.703 2
0.883 0.75 2
0.962 0.684 2
0.909 0.691 2
0.899 0.711 2
0.967 0.742 2
0.967 0.769 2
0.97 0.698 2
0.911 0.736 2
0.943 0.73 2
0.964 0.7 2
0.962 0.703 2
0.952 0.778 2
0.893 0.77 2
0.962 0.749 2
0.974 0.764 2
0.973 0.769 2
0.895 0.68 2
0.97 0.69 2
0.975 0.738 2
0.952 0.684 2
0.903 0.701 2
0.944 0.745 2
0.927 0.723 2
0.919 0.753 2
0.931 0.71 2
0.942 0.753 2
0.881 0.706 2
0.973 0.696 2
0.937 0.759 2
0.926 0.725 2
0.968 0.755 2
0.969 0.775 2
0.93 0.77 2
0.893 0.691 2
0.901 0.737 2
0.902 0.681 2
0.944 0.733 2
0.883 0.696 2
0.953 0.683 2
0.915 0.744 2
0.959 0.766 2
0.892 0.692 2
0.926 0.766 2
0.881 0.775 2
0.914 0.745 2
0.941 0.712 2
0.879 0.755 2
0.906 0.707 2
0.902 0.736 2
0.902 0.724 2
0.944 0.761 2
0.908 0.696 2
0.879 0.717 2
0.937 0.691 2
0.893 0.681 2
0.96 0.716 2
0.89 0.759 2
0.951 0.776 2
0.947 0.765 2
0.962 0.751 2
0.947 0.752 2
0.935 0.721 2
0.931 0.64 2
0.915 0.634 2
0.882 0.706 2
0.96 0.686 2
0.9 0.633 2
0.947 0.647 2
0.865 0.697 2
0.866 0.679 2
0.902 0.66 2
0.875 0.637 2
0.951 0.625 2
0.91 0.696 2
0.945 0.701 2
0.905 0.655 2
0.958 0.703 2
0.931 0.62 2
0.902 0.649 2
0.932 0.68 2
0.917 0.629 2
0.874 0.644 2
0.955 0.684 2
0.923 0.643 2
0.916 0.668 2
0.95 0.7 2
0.876 0.698 2
0.875 0.649 2
0.925 0.615 2
0.907 0.684 2
0.894 0.609 2
0.96 0.656 2
0.884 0.696 2
0.885 0.621 2
0.882 0.659 2
0.93 0.681 2
0.955 0.645 2
0.926 0.631 2
0.965 0.61 2
0.91 0.692 2
0.873 0.666 2
0.922 0.648 2
0.958 0.693 2
0.88 0.689 2
0.891 0.631 2
0.964 0.641 2
0.89 0.625 2
0.892 0.668 2
0.895 0.63 2
0.876 0.707 2
0.961 0.694 2
0.934 0.699 2
0.954 0.693 2
0.916 0.65 2
0.938 0.667 2
0.905 0.629 2
0.906 0.706 2
0.942 0.667 2
0.93 0.667 2
0.952 0.704 2
0.918 0.68 2
0.917 0.648 2
0.896 0.665 2
0.943 0.634 2
0.923 0.648 2
0.932 0.699 2
0.94 0.668 2
0.892 0.7 2
0.957 0.659 2
0.946 0.695 2
0.916 0.616 2
0.965 0.674 2
0.902 0.661 2
0.902 0.644 2
0.892 0.689 2
0.934 0.676 2
0.904 0.676 2
0.867 0.694 2
0.912 0.692 2
0.929 0.658 2
0.963 0.612 2
0.943 0.655 2
0.895 0.697 2
0.943 0.641 2
0.865 0.622 2
0.904 0.64 2
0.923 0.709 2
0.932 0.645 2
0.919 0.674 2
0.872 0.704 2
0.887 0.62 2
0.951 0.665 2
0.909 0.704 2
0.905 0.646 2
0.911 0.696 2
0.909 0.609 2
0.931 0.661 2
0.936 0.619 2
0.876 0.644 2
0.934 0.644 2
0.889 0.653 2
0.89 0.687 2
0.866 0.671 2
0.938 0.659 2
0.92 0.581 2
0.939 0.586 2
0.909 0.63 2
0.875 0.618 2
0.862 0.625 2
0.939 0.667 2
0.895 0.594 2
0.938 0.599 2
0.931 0.612 2
0.949 0.584 2
0.92 0.634 2
0.915 0.613 2
0.876 0.603 2
0.892 0.665 2
0.929 0.627 2
0.91 0.62 2
0.884 0.623 2
0.952 0.662 2
0.942 0.65 2
0.893 0.622 2
0.894 0.63 2
0.875 0.672 2
0.918 0.639 2
0.949 0.643 2
0.87 0.648 2
0.919 0.585 2
0.914 0.668 2
0.925 0.673 2
0.886 0.614 2
0.928 0.655 2
0.929 0.591 2
0.949 0.633 2
0.92 0.632 2
0.889 0.656 2
0.958 0.632 2
0.943 0.596 2
0.945 0.633 2
0.868 0.592 2
0.952 0.659 2
0.917 0.664 2
0.934 0.616 2
0.864 0.58 2
0.865 0.605 2
0.909 0.585 2
0.899 0.67 2
0.864 0.635 2
0.93 0.641 2
0.909 0.601 2
0.961 0.596 2
0.903 0.626 2
0.889 0.612 2
0.87 0.659 2
0.938 0.586 2
0.866 0.608 2
0.918 0.665 2
0.903 0.582 2
0.908 0.669 2
0.941 0.658 2
0.901 0.608 2
0.902 0.632 2
0.925 0.648 2
0.887 0.637 2
0.955 0.585 2
0.929 0.617 2
0.905 0.66 2
0.95 0.579 2
0.96 0.669 2
0.896 0.597 2
0.953 0.617 2
0.953 0.64 2
0.897 0.62 2
0.925 0.616 2
0.884 0.586 2
0.92 0.629 2
0.885 0.672 2
0.919 0.595 2
0.936 0.672 2
0.908 0.618 2
0.936 0.579 2
0.935 0.635 2
0.875 0.595 2
0.913 0.614 2
0.928 0.666 2
0.867 0.615 2
0.929 0.635 2
0.919 0.671 2
0.863 0.651 2
0.943 0.662 2
0.936 0.633 2
0.909 0.67 2
0.888 0.656 2
0.947 0.626 2
0.961 0.585 2
0.913 0.646 2
0.898 0.582 2
0.942 0.669 2
0.875 0.628 2
0.962 0.657 2
0.898 0.643 2
0.947 0.652 2
0.95 0.572 2
0.862 0.632 2
0.91 0.561 2
0.9 0.557 2
0.878 0.561 2
0.868 0.569 2
0.949 0.613 2
0.903 0.568 2
0.936 0.62 2
0.921 0.642 2
0.948 0.559 2
0.864 0.639 2
0.941 0.56 2
0.869 0.559 2
0.925 0.591 2
0.906 0.588 2
0.933 0.583 2
0.877 0.613 2
0.863 0.63 2
0.887 0.628 2
0.929 0.597 2
0.889 0.575 2
0.912 0.557 2
0.945 0.622 2
0.943 0.565 2
0.86 0.652 2
0.913 0.563 2
0.946 0.63 2
0.905 0.654 2
0.915 0.607 2
0.878 0.586 2
0.896 0.568 2
0.89 0.609 2
0.874 0.615 2
0.952 0.59 2
0.887 0.575 2
0.925 0.579 2
0.927 0.59 2
0.946 0.573 2
0.924 0.573 2
0.89 0.628 2
0.934 0.613 2
0.922 0.635 2
0.956 0.648 2
0.888 0.585 2
0.955 0.58 2
0.883 0.58 2
0.907 0.648 2
0.916 0.638 2
0.875 0.571 2
0.944 0.599 2
0.887 0.561 2
0.877 0.637 2
0.877 0.643 2
0.887 0.56 2
0.898 0.589 2
0.875 0.655 2
0.883 0.558 2
0.949 0.629 2
0.883 0.639 2
0.872 0.612 2
0.865 0.602 2
0.952 0.62 2
0.914 0.613 2
0.898 0.586 2
0.925 0.644 2
0.945 0.624 2
0.938 0.647 2
0.952 0.567 2
0.91 0.626 2
0.861 0.61 2
0.958 0.626 2
0.926 0.648 2
0.884 0.585 2
0.942 0.624 2
0.929 0.571 2
0.918 0.62 2
0.92 0.59 2
0.955 0.595 2
0.924 0.563 2
0.893 0.579 2
0.949 0.569 2
0.922 0.559 2
0.884 0.569 2
0.937 0.566 2
0.904 0.585 2
0.878 0.555 2
0.868 0.593 2
0.863 0.602 2
0.918 0.565 2
0.959 0.591 2
0.901 0.626 2
0.921 0.583 2
0.917 0.628 2
0.896 0.6 2
0.898 0.574 2
0.93 0.585 2
0.912 0.575 2
0.893 0.564 2
0.916 0.534 2
0.938 0.587 2
0.931 0.52 2
0.884 0.499 2
0.877 0.534 2
0.932 0.529 2
0.96 0.541 2
0.909 0.503 2
0.9 0.569 2
0.928 0.532 2
0.902 0.524 2
0.921 0.554 2
0.867 0.566 2
0.937 0.536 2
0.931 0.532 2
0.882 0.527 2
0.933 0.545 2
0.895 0.587 2
0.946 0.544 2
0.896 0.55 2
0.912 0.539 2
0.95 0.523 2
0.901 0.528 2
0.94 0.547 2
0.93 0.577 2
0.911 0.519 2
0.885 0.488 2
0.923 0.563 2
0.925 0.488 2
0.955 0.574 2
0.937 0.563 2
0.937 0.521 2
0.898 0.513 2
0.949 0.547 2
0.874 0.588 2
0.927 0.522 2
0.936 0.489 2
0.951 0.495 2
0.961 0.55 2
0.887 0.558 2
0.9 0.49 2
0.91 0.547 2
0.935 0.509 2
0.878 0.546 2
0.89 0.567 2
0.941 0.56 2
0.943 0.546 2
0.888 0.58 2
0.91 0.511 2
0.938 0.541 2
0.922 0.521 2
0.959 0.528 2
0.928 0.568 2
0.901 0.499 2
0.874 0.552 2
0.885 0.531 2
0.894 0.547 2
0.89 0.536 2
0.936 0.516 2
0.927 0.512 2
0.906 0.54 2
0.922 0.544 2
0.886 0.495 2
0.937 0.531 2
0.861 0.529 2
0.926 0.504 2
0.958 0.507 2
0.866 0.527 2
0.922 0.573 2
0.861 0.507 2
0.917 0.566 2
0.889 0.503 2
0.863 0.58 2
0.959 0.571 2
0.878 0.526 2
0.898 0.578 2
0.919 0.544 2
0.936 0.565 2
0.932 0.5 2
0.937 0.52 2
0.913 0.57 2
0.862 0.559 2
0.937 0.575 2
0.96 0.49 2
0.916 0.521 2
0.952 0.588 2
0.916 0.536 2
0.876 0.541 2
0.915 0.526 2
0.882 0.523 2
0.904 0.525 2
0.902 0.509 2
0.914 0.531 2
0.941 0.539 2
0.867 0.58 2
0.96 0.504 2
0.96 0.533 2
0.922 0.513 2
0.914 0.581 2
0.922 0.534 2
0.909 0.501 2
0.892 0.541 2
0.943 0.5 2
0.878 0.549 2
0.937 0.501 2
0.909 0.489 2
0.929 0.512 2
0.928 0.552 2
0.954 0.535 2
0.894 0.554 2
0.91 0.53 2
0.928 0.471 2
0.867 0.52 2
0.956 0.53 2
0.872 0.546 2
0.885 0.497 2
0.883 0.517 2
0.916 0.518 2
0.861 0.493 2
0.87 0.485 2
0.859 0.497 2
0.903 0.533 2
0.909 0.538 2
0.958 0.469 2
0.886 0.469 2
0.901 0.472 2
0.887 0.555 2
0.908 0.48 2
0.897 0.556 2
0.861 0.506 2
0.924 0.474 2
0.95 0.532 2
0.89 0.509 2
0.87 0.491 2
0.886 0.471 2
0.893 0.475 2
0.91 0.561 2
0.888 0.539 2
0.942 0.531 2
0.948 0.488 2
0.89 0.468 2
0.948 0.513 2
0.905 0.506 2
0.944 0.474 2
0.911 0.482 2
0.953 0.526 2
0.934 0.511 2
0.869 0.49 2
0.928 0.476 2
0.935 0.502 2
0.896 0.49 2
0.875 0.537 2
0.902 0.566 2
0.883 0.561 2
0.882 0.527 2
0.948 0.491 2
0.914 0.555 2
0.885 0.517 2
0.941 0.568 2
0.941 0.511 2
0.879 0.47 2
0.953 0.555 2
0.878 0.506 2
0.883 0.489 2
0.87 0.493 2
0.871 0.539 2
0.871 0.484 2
0.919 0.504 2
0.933 0.503 2
0.898 0.549 2
0.864 0.566 2
0.953 0.512 2
0.938 0.554 2
0.904 0.533 2
0.895 0.499 2
0.939 0.548 2
0.882 0.535 2
0.899 0.476 2
0.859 0.517 2
0.929 0.49 2
0.871 0.489 2
0.923 0.568 2
0.954 0.533 2
0.87 0.499 2
0.889 0.565 2
0.918 0.519 2
0.948 0.517 2
0.913 0.549 2
0.95 0.549 2
0.866 0.49 2
0.894 0.518 2
0.864 0.549 2
0.887 0.562 2
0.957 0.49 2
0.903 0.526 2
0.866 0.545 2
0.948 0.534 2
0.93 0.567 2
0.865 0.513 2
0.91 0.491 2
0.917 0.473 2
0.932 0.504 2
0.935 0.474 2
0.881 0.509 2
0.916 0.485 2
0.927 0.421 2
0.946 0.439 2
0.907 0.425 2
0.945 0.46 2
0.926 0.469 2
0.859 0.517 2
0.935 0.506 2
0.933 0.429 2
0.929 0.518 2
0.917 0.468 2
0.904 0.436 2
0.917 0.436 2
0.94 0.421 2
0.865 0.433 2
0.915 0.435 2
0.912 0.443 2
0.948 0.5 2
0.853 0.505 2
0.867 0.481 2
0.944 0.471 2
0.945 0.449 2
0.863 0.484 2
0.888 0.423 2
0.865 0.474 2
0.866 0.509 2
0.918 0.485 2
0.86 0.462 2
0.87 0.477 2
0.858 0.469 2
0.942 0.468 2
0.917 0.48 2
0.892 0.505 2
0.891 0.482 2
0.918 0.435 2
0.944 0.43 2
0.862 0.491 2
0.864 0.468 2
0.946 0.506 2
0.888 0.478 2
0.89 0.441 2
0.863 0.486 2
0.894 0.42 2
0.884 0.503 2
0.947 0.505 2
0.875 0.471 2
0.887 0.442 2
0.878 0.448 2
0.912 0.484 2
0.935 0.443 2
0.893 0.442 2
0.871 0.469 2
0.914 0.501 2
0.852 0.46 2
0.914 0.451 2
0.95 0.469 2
0.867 0.488 2
0.901 0.473 2
0.894 0.475 2
0.898 0.466 2
0.855 0.501 2
0.882 0.475 2
0.867 0.5 2
0.871 0.5 2
0.931 0.46 2
0.889 0.478 2
0.861 0.495 2
0.857 0.463 2
0.874 0.494 2
0.932 0.493 2
0.952 0.496 2
0.917 0.476 2
0.889 0.447 2
0.905 0.465 2
0.86 0.5 2
0.92 0.498 2
0.925 0.461 2
0.92 0.486 2
0.923 0.455 2
0.922 0.465 2
0.877 0.457 2
0.869 0.424 2
0.949 0.501 2
0.856 0.452 2
0.947 0.508 2
0.885 0.449 2
0.879 0.47 2
0.933 0.425 2
0.908 0.46 2
0.886 0.504 2
0.9 0.434 2
0.864 0.513 2
0.867 0.48 2
0.907 0.457 2
0.901 0.463 2
0.886 0.442 2
0.868 0.446 2
0.94 0.385 2
0.877 0.399 2
0.95 0.441 2
0.921 0.388 2
0.894 0.464 2
0.922 0.433 2
0.865 0.383 2
0.88 0.44 2
0.872 0.476 2
0.923 0.41 2
0.937 0.407 2
0.853 0.478 2
0.939 0.393 2
0.862 0.454 2
0.865 0.403 2
0.908 0.401 2
0.927 0.4 2
0.865 0.46 2
0.925 0.385 2
0.885 0.391 2
0.907 0.396 2
0.87 0.472 2
0.86 0.415 2
0.89 0.392 2
0.876 0.482 2
0.936 0.408 2
0.938 0.439 2
0.946 0.467 2
0.937 0.395 2
0.87 0.418 2
0.909 0.435 2
0.871 0.462 2
0.928 0.434 2
0.911 0.383 2
0.854 0.447 2
0.899 0.474 2
0.896 0.48 2
0.915 0.481 2
0.899 0.437 2
0.887 0.43 2
0.883 0.396 2
0.875 0.455 2
0.931 0.426 2
0.932 0.462 2
0.927 0.475 2
0.947 0.388 2
0.933 0.389 2
0.923 0.466 2
0.876 0.46 2
0.925 0.39 2
0.857 0.429 2
0.878 0.469 2
0.853 0.445 2
0.879 0.42 2
0.93 0.474 2
0.905 0.416 2
0.928 0.447 2
0.912 0.481 2
0.91 0.421 2
0.924 0.475 2
0.878 0.432 2
0.895 0.392 2
0.92 0.448 2
0.876 0.445 2
0.906 0.48 2
0.951 0.422 2
0.949 0.449 2
0.865 0.385 2
0.867 0.456 2
0.931 0.448 2
0.875 0.403 2
0.923 0.455 2
0.895 0.442 2
0.869 0.433 2
0.912 0.424 2
0.908 0.428 2
0.858 0.409 2
0.909 0.384 2
0.871 0.418 2
0.852 0.465 2
0.87 0.416 2
0.867 0.461 2
0.862 0.404 2
0.867 0.427 2
0.911 0.472 2
0.86 0.401 2
0.924 0.43 2
0.926 0.457 2
0.863 0.461 2
0.951 0.382 2
0.878 0.419 2
0.893 0.402 2
0.931 0.402 2
0.9 0.481 2
0.868 0.433 2
0.908 0.391 2
0.944 0.394 2
0.859 0.419 2
0.892 0.353 2
0.88 0.338 2
0.89 0.384 2
0.93 0.415 2
0.939 0.359 2
0.916 0.342 2
0.896 0.368 2
0.86 0.37 2
0.864 0.368 2
0.944 0.427 2
0.948 0.407 2
0.928 0.43 2
0.934 0.344 2
0.939 0.397 2
0.851 0.369 2
0.918 0.363 2
0.939 0.394 2
0.88 0.399 2
0.931 0.43 2
0.95 0.358 2
0.88 0.378 2
0.913 0.367 2
0.92 0.399 2
0.874 0.419 2
0.876 0.348 2
0.891 0.4 2
0.915 0.429 2
0.861 0.369 2
0.924 0.364 2
0.923 0.379 2
0.853 0.349 2
0.865 0.34 2
0.865 0.365 2
0.947 0.339 2
0.909 0.375 2
0.922 0.377 2
0.86 0.421 2
0.903 0.403 2
0.899 0.373 2
0.876 0.351 2
0.945 0.405 2
0.896 0.415 2
0.856 0.409 2
0.938 0.381 2
0.853 0.432 2
0.895 0.358 2
0.934 0.348 2
0.922 0.346 2
0.945 0.375 2
0.901 0.416 2
0.933 0.36 2
0.911 0.389 2
0.944 0.426 2
0.917 0.428 2
0.886 0.431 2
0.895 0.37 2
0.923 0.368 2
0.856 0.348 2
0.909 0.403 2
0.906 0.34 2
0.928 0.391 2
0.87 0.424 2
0.858 0.366 2
0.939 0.384 2
0.945 0.369 2
0.904 0.422 2
0.913 0.39 2
0.883 0.418 2
0.931 0.425 2
0.884 0.365 2
0.897 0.389 2
0.85 0.405 2
0.904 0.429 2
0.904 0.336 2
0.904 0.38 2
0.895 0.405 2
0.923 0.343 2
0.914 0.393 2
0.935 0.424 2
0.905 0.337 2
0.857 0.425 2
0.863 0.386 2
0.95 0.393 2
0.941 0.348 2
0.892 0.353 2
0.854 0.4 2
0.936 0.418 2
0.892 0.412 2
0.915 0.431 2
0.925 0.352 2
0.873 0.374 2
0.922 0.398 2
0.919 0.381 2
0.859 0.413 2
0.905 0.396 2
0.94 0.408 2
0.895 0.4 2
0.931 0.342 2
0.858 0.338 2
0.879 0.346 2
0.898 0.334 2
0.895 0.304 2
0.867 0.399 2
0.899 0.341 2
0.903 0.341 2
0.876 0.339 2
0.935 0.337 2
0.906 0.347 2
0.907 0.362 2
0.885 0.397 2
0.843 0.318 2
0.842 0.379 2
0.851 0.367 2
0.902 0.386 2
0.845 0.308 2
0.884 0.369 2
0.908 0.388 2
0.847 0.331 2
0.924 0.343 2
0.859 0.331 2
0.92 0.309 2
0.897 0.347 2
0.864 0.323 2
0.888 0.385 2
0.913 0.332 2
0.872 0.399 2
0.922 0.331 2
0.93 0.364 2
0.909 0.396 2
0.86 0.321 2
0.841 0.331 2
0.848 0.309 2
0.881 0.374 2
0.848 0.383 2
0.85 0.395 2
0.849 0.355 2
0.884 0.362 2
0.904 0.335 2
0.936 0.372 2
0.885 0.355 2
0.852 0.381 2
0.884 0.3 2
0.841 0.329 2
0.868 0.363 2
0.912 0.37 2
0.921 0.328 2
0.875 0.368 2
0.877 0.363 2
0.905 0.388 2
0.905 0.342 2
0.939 0.345 2
0.915 0.327 2
0.862 0.314 2
0.853 0.311 2
0.86 0.331 2
0.884 0.337 2
0.912 0.358 2
0.891 0.396 2
0.869 0.35 2
0.896 0.304 2
0.857 0.306 2
0.848 0.356 2
0.925 0.35 2
0.853 0.384 2
0.877 0.36 2
0.868 0.4 2
0.91 0.303 2
0.891 0.379 2
0.935 0.314 2
0.88 0.395 2
0.893 0.367 2
0.867 0.306 2
0.895 0.334 2
0.928 0.385 2
0.907 0.386 2
0.901 0.398 2
0.916 0.33 2
0.933 0.343 2
0.894 0.368 2
0.863 0.374 2
0.913 0.334 2
0.927 0.353 2
0.931 0.304 2
0.879 0.3 2
0.85 0.336 2
0.877 0.312 2
0.935 0.376 2
0.903 0.391 2
0.902 0.319 2
0.919 0.356 2
0.893 0.339 2
0.938 0.392 2
0.875 0.384 2
0.925 0.348 2
0.893 0.386 2
0.851 0.375 2
0.904 0.388 2
0.855 0.352 2
0.85 0.354 2
0.934 0.308 2
0.885 0.377 2
0.892 0.362 2
0.939 0.324 2
0.873 0.332 2
0.878 0.384 2
0.856 0.292 2
0.843 0.314 2
0.923 0.381 2
0.864 0.327 2
0.939 0.294 2
0.923 0.325 2
0.907 0.334 2
0.893 0.351 2
0.924 0.382 2
0.902 0.333 2
0.869 0.352 2
0.846 0.338 2
0.891 0.318 2
0.849 0.354 2
0.892 0.331 2
0.861 0.31 2
0.894 0.347 2
0.858 0.378 2
0.924 0.297 2
0.91 0.311 2
0.892 0.382 2
0.857 0.286 2
0.916 0.287 2
0.879 0.386 2
0.88 0.334 2
0.933 0.288 2
0.887 0.379 2
0.845 0.378 2
0.877 0.335 2
0.883 0.336 2
0.869 0.32 2
0.888 0.371 2
0.922 0.367 2
0.86 0.329 2
0.89 0.327 2
0.888 0.319 2
0.854 0.346 2
0.917 0.355 2
0.864 0.295 2
0.902 0.307 2
0.902 0.368 2
0.919 0.294 2
0.867 0.288 2
0.884 0.321 2
0.869 0.37 2
0.926 0.297 2
0.854 0.338 2
0.858 0.381 2
0.892 0.306 2
0.871 0.308 2
0.937 0.286 2
0.875 0.34 2
0.918 0.333 2
0.892 0.313 2
0.885 0.322 2
0.873 0.307 2
0.853 0.379 2
0.869 0.313 2
0.88 0.373 2
0.879 0.32 2
0.887 0.348 2
0.929 0.38 2
0.937 0.324 2
0.911 0.355 2
0.854 0.384 2
0.844 0.35 2
0.93 0.329 2
0.875 0.292 2
0.864 0.312 2
0.919 0.372 2
0.89 0.301 2
0.91 0.368 2
0.885 0.337 2
0.907 0.348 2
0.933 0.33 2
0.893 0.351 2
0.875 0.382 2
0.868 0.376 2
0.856 0.365 2
0.924 0.34 2
0.905 0.297 2
0.942 0.379 2
0.857 0.288 2
0.93 0.361 2
0.844 0.371 2
0.884 0.347 2
0.923 0.383 2
0.91 0.316 2
0.923 0.36 2
0.931 0.364 2
0.874 0.324 2
0.919 0.347 2
0.897 0.369 2
0.842 0.343 2
0.94 0.357 2
0.853 0.102 3
0.846 0.09 3
0.935 0.117 3
0.842 0.122 3
0.863 0.131 3
0.851 0.078 3
0.861 0.068 3
0.941 0.066 3
0.916 0.115 3
0.847 0.064 3
0.906 0.124 3
0.896 0.078 3
0.897 0.095 3
0.851 0.041 3
0.855 0.061 3
0.902 0.084 3
0.941 0.109 3
0.91 0.078 3
0.923 0.043 3
0.847 0.04 3
0.907 0.083 3
0.891 0.043 3
0.849 0.111 3
0.86 0.051 3
0.853 0.059 3
0.851 0.089 3
0.87 0.068 3
0.843 0.107 3
0.848 0.085 3
0.917 0.063 3
0.883 0.131 3
0.936 0.056 3
0.925 0.124 3
0.902 0.068 3
0.924 0.051 3
0.842 0.046 3
0.881 0.088 3
0.901 0.082 3
0.842 0.128 3
0.845 0.095 3
0.858 0.135 3
0.859 0.137 3
0.929 0.105 3
0.904 0.056 3
0.842 0.084 3
0.865 0.098 3
0.921 0.099 3
0.938 0.079 3
0.87 0.086 3
0.846 0.055 3
0.927 0.112 3
0.912 0.061 3
0.911 0.132 3
0.875 0.138 3
0.93 0.105 3
0.927 0.124 3
0.909 0.085 3
0.894 0.137 3
0.925 0.068 3
0.879 0.046 3
0.872 0.114 3
0.891 0.094 3
0.846 0.088 3
0.903 0.132 3
0.861 0.072 3
0.857 0.048 3
0.855 0.092 3
0.887 0.085 3
0.902 0.114 3
0.933 0.114 3
0.876 0.13 3
0.937 0.136 3
0.876 0.044 3
0.863 0.072 3
0.89 0.078 3
0.855 0.053 3
0.854 0.091 3
0.934 0.097 3
0.926 0.054 3
0.925 0.12 3
0.895 0.063 3
0.898 0.053 3
0.892 0.122 3
0.848 0.098 3
0.857 0.041 3
0.926 0.135 3
0.897 0.126 3
0.846 0.109 3
0.884 0.103 3
0.89 0.059 3
0.918 0.105 3
0.916 0.099 3
0.851 0.126 3
0.878 0.111 3
0.842 0.11 3
0.878 0.05 3
0.876 0.082 3
0.921 0.063 3
0.929 0.116 3
0.937 0.097 3
0.83 0.096 3
0.859 0.066 3
0.819 0.107 3
0.818 0.075 3
0.822 0.069 3
0.861 0.077 3
0.83 0.045 3
0.844 0.063 3
0.889 0.04 3
0.875 0.114 3
0.873 0.055 3
0.819 0.063 3
0.893 0.091 3
0.812 0.038 3
0.907 0.048 3
0.868 0.126 3
0.873 0.115 3
0.835 0.1 3
0.902 0.114 3
0.825 0.133 3
0.847 0.034 3
0.905 0.082 3
0.894 0.133 3
0.864 0.105 3
0.861 0.075 3
0.885 0.125 3
0.859 0.093 3
0.863 0.103 3
0.836 0.106 3
0.836 0.085 3
0.906 0.052 3
0.831 0.114 3
0.838 0.094 3
0.883 0.1 3
0.894 0.073 3
0.841 0.066 3
0.834 0.077 3
0.872 0.113 3
0.897 0.074 3
0.901 0.114 3
0.895 0.036 3
0.89 0.053 3
0.891 0.108 3
0.845 0.08 3
0.818 0.057 3
0.823 0.058 3
0.877 0.054 3
0.886 0.073 3
0.868 0.11 3
0.837 0.084 3
0.845 0.079 3
0.847 0.101 3
0.819 0.108 3
0.879 0.052 3
0.817 0.064 3
0.903 0.124 3
0.86 0.071 3
0.815 0.046 3
0.85 0.052 3
0.838 0.133 3
0.871 0.113 3
0.823 0.062 3
0.866 0.071 3
0.905 0.061 3
0.865 0.054 3
0.816 0.058 3
0.825 0.077 3
0.86 0.069 3
0.838 0.13 3
0.885 0.055 3
0.843 0.108 3
0.824 0.088 3
0.832 0.129 3
0.844 0.095 3
0.836 0.093 3
0.906 0.058 3
0.81 0.08 3
0.85 0.043 3
0.875 0.106 3
0.843 0.059 3
0.888 0.083 3
0.855 0.036 3
0.864 0.059 3
0.889 0.13 3
0.865 0.121 3
0.891 0.047 3
0.883 0.107 3
0.885 0.069 3
0.834 0.104 3
0.82 0.118 3
0.833 0.068 3
0.815 0.096 3
0.899 0.079 3
0.873 0.133 3
0.843 0.094 3
0.841 0.046 3
0.864 0.035 3
0.848 0.073 3
0.827 0.071 3
0.83 0.046 3
0.862 0.072 3
0.83 0.09 3
0.851 0.033 3
0.854 0.05 3
0.885 0.068 3
0.81 0.014 3
0.869 0.009 3
0.89 0.04 3
0.886 0.087 3
0.893 0.013 3
0.907 0.052 3
0.881 0.093 3
0.847 0.063 3
0.877 0.091 3
0.858 0.096 3
0.866 0.028 3
0.83 0.059 3
0.884 0.064 3
0.876 0.016 3
0.84 0.019 3
0.85 0.003 3
0.842 0.014 3
0.847 0.033 3
0.831 0.03 3
0.868 0.035 3
0.824 0.095 3
0.891 0.028 3
0.87 0.018 3
0.9 0.024 3
0.809 0.089 3
0.889 0.027 3
0.816 0.077 3
0.893 0.02 3
0.876 0.065 3
0.85 0.066 3
0.892 0.023 3
0.881 0.019 3
0.817 0.079 3
0.833 0.062 3
0.821 0.094 3
0.843 0.093 3
0.823 0.07 3
0.818 0.085 3
0.848 0.064 3
0.909 0.077 3
0.845 0.039 3
0.851 0.059 3
0.871 0.058 3
0.824 0.07 3
0.88 0.078 3
0.848 0.036 3
0.875 0.065 3
0.902 0.019 3
0.861 0.069 3
0.877 0.034 3
0.829 0.088 3
0.905 0.003 3
0.86 0.01 3
0.904 0.065 3
0.835 0.092 3
0.877 0.038 3
0.894 0.04 3
0.86 0.074 3
0.884 0.062 3
0.894 0.08 3
0.831 0.029 3
0.819 0.042 3
0.818 0.066 3
0.904 0.064 3
0.899 0.04 3
0.809 0.064 3
0.908 0.044 3
0.811 0.053 3
0.873 0.026 3
0.832 0.004 3
0.809 0.019 3
0.901 0.041 3
0.85 0.043 3
0.822 0.086 3
0.907 0.079 3
0.887 0.049 3
0.874 0.061 3
0.809 0.043 3
0.877 0.02 3
0.859 0.015 3
0.906 0.048 3
0.881 0.014 3
0.813 0.009 3
0.853 0.073 3
0.902 0.027 3
0.902 0.026 3
0.895 0.019 3
0.866 0.03 3
0.845 0.016 3
0.895 0.078 3
0.852 0.064 3
0.87 0.04 3
0.831 0.02 3
0.906 0.038 3
0.907 0.024 3
0.914 0.078 3
0.889 0.014 3
0.927 0.045 3
0.886 0.084 3
0.926 0.032 3
0.906 0.067 3
0.865 0.082 3
0.87 0.012 3
0.867 0.028 3
0.932 0.054 3
0.885 0.035 3
0.885 0.026 3
0.898 0.006 3
0.896 0.04 3
0.936 0.061 3
0.862 0.05 3
0.928 0.081 3
0.882 0.047 3
0.945 0.003 3
0.888 0.04 3
0.877 0.019 3
0.867 0.038 3
0.859 0.052 3
0.956 0.034 3
0.929 0.067 3
0.914 0.022 3
0.881 0.017 3
0.901 0.009 3
0.949 0.007 3
0.923 0.007 3
0.858 0.06 3
0.897 0.056 3
0.89 0.081 3
0.93 0.083 3
0.92 0.014 3
0.946 0.014 3
0.868 0.072 3
0.873 0.029 3
0.861 0.082 3
0.888 0.006 3
0.92 0.059 3
0.874 0.022 3
0.879 0.003 3
0.942 0.072 3
0.899 0.06 3
0.929 0.087 3
0.947 0.032 3
0.897 0.07 3
0.907 0.004 3
0.899 0.001 3
0.895 0.021 3
0.875 0.011 3
0.932 0.051 3
0.926 0.015 3
0.867 0.012 3
0.944 0.063 3
0.946 0.047 3
0.911 0.077 3
0.863 0.043 3
0.861 0.017 3
0.901 0.01 3
0.911 0.064 3
0.947 0.058 3
0.891 0.06 3
0.88 0.048 3
0.86 0.077 3
0.93 0.064 3
0.948 0.046 3
0.907 0.022 3
0.932 0.052 3
0.902 0.032 3
0.871 0.086 3
0.95 0.082 3
0.931 0.05 3
0.896 0.032 3
0.862 0.057 3
0.894 0.026 3
0.931 0.013 3
0.894 0.078 3
0.883 0.03 3
0.905 0.062 3
0.946 0.076 3
0.872 0.036 3
0.899 0.063 3
0.883 0.046 3
0.943 0.064 3
0.892 0.039 3
0.902 0.053 3
0.88 0.061 3
0.865 0.083 3
0.925 0.054 3
0.907 0.013 3
0.919 0.052 3
0.858 0.043 3
0.871 0.055 3
0.917 0.014 3
0.86 0.064 3
0.95 0.05 3
0.861 0.085 3
0.909 0.007 3
0.969 0.106 3
0.939 0.081 3
0.927 0.097 3
0.917 0.106 3
0.905 0.139 3
0.952 0.132 3
0.905 0.099 3
0.947 0.086 3
0.978 0.064 3
0.981 0.077 3
0.995 0.066 3
0.916 0.057 3
0.976 0.095 3
0.906 0.136 3
0.905 0.113 3
0.996 0.063 3
0.919 0.09 3
0.996 0.074 3
0.973 0.13 3
0.934 0.111 3
0.987 0.118 3
0.911 0.098 3
0.943 0.099 3
0.98 0.089 3
0.928 0.093 3
0.921 0.117 3
0.987 0.112 3
0.969 0.05 3
0.927 0.07 3
0.9 0.108 3
0.918 0.12 3
0.984 0.099 3
0.926 0.113 3
0.989 0.048 3
0.896 0.085 3
0.959 0.083 3
0.918 0.047 3
0.929 0.099 3
0.932 0.117 3
0.927 0.129 3
0.961 0.084 3
0.938 0.06 3
0.973 0.116 3
0.897 0.126 3
0.983 0.049 3
0.992 0.093 3
0.969 0.128 3
0.988 0.066 3
0.99 0.088 3
0.95 0.084 3
0.952 0.074 3
0.959 0.07 3
0.932 0.086 3
0.925 0.068 3
0.911 0.065 3
0.946 0.061 3
0.941 0.133 3
0.949 0.12 3
0.908 0.044 3
0.937 0.041 3
0.962 0.05 3
0.9 0.057 3
0.945 0.093 3
0.942 0.128 3
0.936 0.099 3
0.95 0.105 3
0.927 0.131 3
0.989 0.105 3
0.947 0.079 3
0.944 0.088 3
0.923 0.099 3
0.959 0.101 3
0.988 0.101 3
0.958 0.065 3
0.986 0.081 3
0.898 0.07 3
0.954 0.109 3
0.962 0.052 3
0.949 0.056 3
0.908 0.099 3
0.96 0.121 3
0.964 0.048 3
0.926 0.05 3
0.939 0.06 3
0.91 0.122 3
0.922 0.055 3
0.965 0.138 3
0.94 0.045 3
0.899 0.063 3
0.914 0.117 3
0.924 0.062 3
0.933 0.053 3
0.934 0.071 3
0.919 0.102 3
0.916 0.114 3
0.916 0.077 3
0.909 0.068 3
0.986 0.11 3
0.915 0.089 3
0.949 0.111 3
0.857 0.133 3
0.895 0.133 3
0.906 0.099 3
0.948 0.081 3
0.915 0.07 3
0.87 0.155 3
0.915 0.146 3
0.881 0.163 3
0.865 0.162 3
0.915 0.153 3
0.941 0.067 3
0.909 0.153 3
0.862 0.122 3
0.909 0.128 3
0.937 0.127 3
0.872 0.109 3
0.916 0.128 3
0.92 0.118 3
0.917 0.112 3
0.881 0.158 3
0.879 0.16 3
0.907 0.078 3
0.917 0.071 3
0.865 0.098 3
0.919 0.121 3
0.86 0.164 3
0.905 0.138 3
0.882 0.102 3
0.881 0.075 3
0.948 0.142 3
0.878 0.162 3
0.887 0.148 3
0.903 0.156 3
0.869 0.114 3
0.953 0.132 3
0.938 0.066 3
0.927 0.066 3
0.878 0.142 3
0.935 0.099 3
0.862 0.111 3
0.954 0.139 3
0.952 0.067 3
0.901 0.127 3
0.898 0.092 3
0.894 0.107 3
0.889 0.096 3
0.941 0.147 3
0.935 0.147 3
0.907 0.091 3
0.917 0.074 3
0.88 0.073 3
0.894 0.079 3
0.877 0.126 3
0.953 0.085 3
0.894 0.068 3
0.908 0.136 3
0.894 0.087 3
0.94 0.121 3
0.857 0.135 3
0.944 0.166 3
0.892 0.112 3
0.943 0.097 3
0.917 0.114 3
0.922 0.14 3
0.918 0.075 3
0.913 0.163 3
0.941 0.101 3
0.869 0.1 3
0.862 0.129 3
0.873 0.111 3
0.939 0.108 3
0.905 0.131 3
0.871 0.137 3
0.903 0.079 3
0.893 0.079 3
0.922 0.125 3
0.878 0.077 3
0.953 0.08 3
0.882 0.076 3
0.912 0.114 3
0.882 0.124 3
0.941 0.101 3
0.918 0.131 3
0.879 0.076 3
0.942 0.078 3
0.952 0.136 3
0.888 0.089 3
0.931 0.085 3
0.909 0.162 3
0.94 0.154 3
0.894 0.114 3
0.855 0.071 3
0.922 0.078 3
0.883 0.122 3
0.877 0.154 3
0.895 0.066 3
0.856 0.104 3
0.933 0.136 3
0.9 0.138 3
0.891 0.086 3
0.842 0.102 3
0.83 0.13 3
0.912 0.055 3
0.874 0.063 3
0.87 0.109 3
0.849 0.072 3
0.853 0.106 3
0.832 0.053 3
0.828 0.103 3
0.875 0.103 3
0.865 0.058 3
0.838 0.104 3
0.834 0.064 3
0.854 0.033 3
0.847 0.037 3
0.855 0.065 3
0.885 0.047 3
0.906 0.127 3
0.918 0.118 3
0.919 0.045 3
0.861 0.054 3
0.819 0.1 3
0.906 0.109 3
0.891 0.037 3
0.883 0.043 3
0.882 0.057 3
0.82 0.069 3
0.841 0.054 3
0.916 0.1 3
0.883 0.047 3
0.91 0.101 3
0.837 0.103 3
0.88 0.098 3
0.839 0.084 3
0.829 0.08 3
0.855 0.104 3
0.842 0.081 3
0.836 0.099 3
0.877 0.046 3
0.9 0.04 3
0.905 0.072 3
0.912 0.11 3
0.885 0.094 3
0.918 0.047 3
0.86 0.058 3
0.857 0.112 3
0.831 0.089 3
0.835 0.078 3
0.855 0.04 3
0.877 0.075 3
0.824 0.079 3
0.83 0.108 3
0.892 0.101 3
0.864 0.102 3
0.855 0.078 3
0.897 0.035 3
0.899 0.127 3
0.91 0.048 3
0.879 0.125 3
0.858 0.116 3
0.829 0.068 3
0.903 0.086 3
0.891 0.088 3
0.838 0.099 3
0.834 0.112 3
0.862 0.118 3
0.91 0.098 3
0.874 0.065 3
0.912 0.048 3
0.908 0.097 3
0.898 0.127 3
0.829 0.123 3
0.911 0.039 3
0.872 0.059 3
0.915 0.043 3
0.885 0.06 3
0.82 0.077 3
0.847 0.105 3
0.839 0.048 3
0.86 0.061 3
0.822 0.067 3
0.84 0.109 3
0.852 0.077 3
0.84 0.071 3
0.918 0.119 3
0.86 0.124 3
0.855 0.066 3
0.9 0.128 3
0.845 0.078 3
0.819 0.051 3
0.84 0.088 3
0.883 0.042 3
0.82 0.099 3
0.918 0.037 3
0.916 0.042 3
0.893 0.075 3
0.827 0.049 3
0.873 0.035 3
0.918 0.048 3
0.834 0.126 3
0.906 0.008 3
0.863 0.025 3
0.873 0.04 3
0.89 0.048 3
0.922 0.042 3
0.905 0.009 3
0.867 0.086 3
0.867 0.051 3
0.898 0.059 3
0.929 0.007 3
0.84 0.076 3
0.916 0.082 3
0.918 0.014 3
0.897 0.03 3
0.89 0.023 3
0.843 0.028 3
0.936 0.075 3
0.901 0.02 3
0.848 0.004 3
0.908 0.014 3
0.929 0.025 3
0.91 0.066 3
0.849 0.047 3
0.862 0.026 3
0.869 0.071 3
0.857 0.073 3
0.875 0.058 3
0.849 0.016 3
0.919 0.005 3
0.899 0.078 3
0.898 0.052 3
0.901 0.014 3
0.866 0.032 3
0.86 0.022 3
0.936 0.001 3
0.871 0.064 3
0.847 0.021 3
0.841 0.069 3
0.854 0.027 3
0.886 0.063 3
0.917 0.078 3
0.848 0.078 3
0.894 0.063 3
0.917 0.082 3
0.875 0.053 3
0.902 0.006 3
0.873 0.028 3
0.9 0.009 3
0.91 0.011 3
0.851 0.028 3
0.888 0.064 3
0.836 0.083 3
0.85 0.052 3
0.842 0.072 3
0.901 0.079 3
0.865 0.073 3
0.843 0.049 3
0.886 0.085 3
0.86 0.045 3
0.883 0.087 3
0.836 0.041 3
0.923 0.012 3
0.865 0.079 3
0.844 0.067 3
0.877 0.046 3
0.874 0.012 3
0.932 0.088 3
0.861 0.071 3
0.929 0.057 3
0.905 0.012 3
0.84 0.085 3
0.876 0.074 3
0.85 0.077 3
0.919 0.036 3
0.916 0.035 3
0.876 0.037 3
0.878 0.024 3
0.839 0.083 3
0.856 0.048 3
0.888 0.013 3
0.837 0.018 3
0.92 0.07 3
0.931 0.049 3
0.912 0.061 3
0.909 0.028 3
0.849 0.073 3
0.928 0.021 3
0.855 0.048 3
0.909 0.072 3
0.903 0.057 3
0.894 0.022 3
0.909 0.043 3
0.874 0.037 3
0.887 0.087 3
0.866 0.064 3
0.846 0.023 3
0.926 0.047 3
0.915 0.057 3
0.857 0.079 3
0.866 0.08 3
0.918 0.07 3
0.95 0.015 3
0.878 0.078 3
0.907 0.07 3
0.968 0.001 3
0.932 0.009 3
0.904 0.068 3
0.891 0.035 3
0.894 0.014 3
0.953 0.078 3
0.901 0.074 3
0.939 0.034 3
0.89 0.069 3
0.906 0.043 3
0.914 0.063 3
0.89 0.018 3
0.908 0.001 3
0.947 0.035 3
0.934 0.029 3
0.911 0.077 3
0.937 0.008 3
0.938 0.049 3
0.914 0.009 3
0.92 0.078 3
0.942 0.029 3
0.971 0.079 3
0.948 0.009 3
0.941 0.001 3
0.898 0.065 3
0.948 0.028 3
0.939 0.056 3
0.927 0.069 3
0.966 0.047 3
0.976 0.019 3
0.894 0.038 3
0.975 0.067 3
0.896 0.014 3
0.897 0.061 3
0.96 0.01 3
0.927 0.029 3
0.876 0.033 3
0.881 0.052 3
0.898 0.026 3
0.958 0.035 3
0.904 0.056 3
0.96 0.018 3
0.912 0.059 3
0.972 0.056 3
0.888 0.064 3
0.943 0.066 3
0.959 0.073 3
0.899 0.011 3
0.934 0.055 3
0.876 0.023 3
0.9 0.044 3
0.974 0.048 3
0.906 0.081 3
0.938 0.068 3
0.897 0.028 3
0.951 0.058 3
0.89 0.07 3
0.938 0.066 3
0.89 0.003 3
0.967 0.062 3
0.9 0.081 3
0.878 0.018 3
0.917 0.038 3
0.878 0.009 3
0.925 0.027 3
0.956 0.01 3
0.96 0.016 3
0.89 0.008 3
0.894 0.078 3
0.893 0.019 3
0.944 0.002 3
0.903 0.008 3
0.958 0.027 3
0.902 0.07 3
0.914 0.05 3
0.948 0.066 3
0.892 0.003 3
0.95 0.069 3
0.947 0.026 3
0.923 0.043 3
0.936 0.006 3
0.89 0.005 3
0.932 0.01 3
0.969 0.015 3
0.892 0.007 3
0.915 0.05 3
0.916 0.005 3
0.884 0.046 3
0.934 0.038 3
0.947 0.021 3
0.889 0.063 3
0.939 0.042 3
0.921 0.001 3
0.95 0.012 3
0.934 0.063 3
0.962 0.005 3
0.923 0.02 3
0.945 0.066 3
0.905 0.112 3
0.945 0.046 3
0.934 0.109 3
0.972 0.066 3
0.918 0.114 3
0.996 0.087 3
0.932 0.076 3
0.911 0.099 3
0.986 0.041 3
0.961 0.066 3
0.99 0.025 3
0.974 0.091 3
0.976 0.081 3
0.926 0.05 3
0.904 0.062 3
0.986 0.034 3
0.917 0.096 3
0.987 0.113 3
0.984 0.031 3
0.965 0.075 3
0.956 0.086 3
0.952 0.054 3
0.919 0.038 3
0.982 0.019 3
0.909 0.101 3
0.991 0.1 3
0.959 0.113 3
0.943 0.064 3
0.998 0.076 3
0.979 0.039 3
0.98 0.117 3
0.962 0.08 3
0.997 0.067 3
0.936 0.089 3
0.994 0.062 3
0.941 0.067 3
0.951 0.021 3
0.908 0.111 3
0.981 0.102 3
0.923 0.021 3
0.952 0.08 3
0.992 0.067 3
0.943 0.064 3
0.96 0.074 3
0.955 0.08 3
0.939 0.108 3
0.917 0.047 3
0.958 0.104 3
0.998 0.086 3
0.989 0.08 3
0.996 0.026 3
0.972 0.115 3
0.979 0.029 3
0.931 0.085 3
0.939 0.031 3
0.991 0.114 3
0.907 0.051 3
0.942 0.097 3
0.959 0.093 3
0.954 0.048 3
0.979 0.064 3
0.982 0.102 3
0.987 0.038 3
0.958 0.021 3
0.936 0.074 3
0.987 0.09 3
0.985 0.047 3
0.98 0.076 3
0.951 0.115 3
0.965 0.092 3
0.935 0.04 3
0.928 0.112 3
0.96 0.039 3
0.994 0.028 3
0.942 0.045 3
0.974 0.07 3
0.906 0.112 3
0.945 0.048 3
0.911 0.072 3
0.908 0.068 3
0.985 0.084 3
0.971 0.087 3
0.932 0.072 3
0.943 0.055 3
0.977 0.094 3
0.97 0.034 3
0.913 0.062 3
0.976 0.046 3
0.909 0.051 3
0.913 0.041 3
0.956 0.039 3
0.977 0.113 3
0.975 0.023 3
0.95 0.06 3
0.932 0.037 3
0.921 0.087 3
0.918 0.075 3
0.951 0.083 3
0.956 0.118 3
0.876 0.072 3
0.872 0.114 3
0.935 0.071 3
0.905 0.121 3
0.9 0.148 3
0.932 0.121 3
0.955 0.137 3
0.88 0.157 3
0.939 0.08 3
0.959 0.118 3
0.897 0.086 3
0.915 0.124 3
0.915 0.069 3
0.918 0.16 3
0.956 0.095 3
0.933 0.115 3
0.889 0.129 3
0.912 0.166 3
0.912 0.147 3
0.874 0.164 3
0.888 0.138 3
0.86 0.089 3
0.876 0.166 3
0.932 0.159 3
0.914 0.147 3
0.908 0.162 3
0.897 0.165 3
0.886 0.102 3
0.94 0.077 3
0.871 0.12 3
0.924 0.114 3
0.864 0.083 3
0.904 0.161 3
0.932 0.142 3
0.901 0.071 3
0.911 0.091 3
0.925 0.11 3
0.913 0.121 3
0.919 0.085 3
0.928 0.13 3
0.917 0.09 3
0.934 0.125 3
0.909 0.107 3
0.871 0.158 3
0.925 0.073 3
0.954 0.081 3
0.874 0.121 3
0.885 0.069 3
0.929 0.153 3
0.937 0.135 3
0.867 0.088 3
0.895 0.119 3
0.873 0.085 3
0.902 0.077 3
0.882 0.142 3
0.883 0.124 3
0.885 0.157 3
0.941 0.079 3
0.929 0.08 3
0.925 0.128 3
0.914 0.098 3
0.947 0.166 3
0.928 0.147 3
0.891 0.102 3
0.868 0.097 3
0.946 0.122 3
0.91 0.094 3
0.894 0.092 3
0.945 0.098 3
0.93 0.131 3
0.864 0.158 3
0.88 0.129 3
0.957 0.106 3
0.903 0.119 3
0.941 0.125 3
0.936 0.079 3
0.907 0.091 3
0.922 0.091 3
0.889 0.124 3
0.941 0.112 3
0.862 0.143 3
0.949 0.101 3
0.895 0.093 3
0.936 0.095 3
0.9 0.131 3
0.871 0.085 3
0.953 0.095 3
0.888 0.158 3
0.896 0.144 3
0.949 0.088 3
0.889 0.159 3
0.951 0.16 3
0.874 0.125 3
0.885 0.139 3
0.884 0.114 3
0.948 0.154 3
0.92 0.109 3
0.935 0.142 3
0.894 0.128 3
0.903 0.12 3
0.823 0.127 3
0.904 0.094 3
0.826 0.054 3
0.823 0.073 3
0.815 0.088 3
0.811 0.141 3
0.867 0.054 3
0.848 0.051 3
0.824 0.116 3
0.907 0.077 3
0.901 0.121 3
0.872 0.068 3
0.847 0.127 3
0.884 0.145 3
0.845 0.124 3
0.875 0.127 3
0.863 0.052 3
0.854 0.069 3
0.859 0.14 3
0.845 0.088 3
0.842 0.131 3
0.891 0.129 3
0.892 0.062 3
0.879 0.094 3
0.824 0.068 3
0.892 0.069 3
0.844 0.077 3
0.813 0.097 3
0.894 0.146 3
0.889 0.138 3
0.893 0.136 3
0.893 0.122 3
0.823 0.052 3
0.894 0.126 3
0.873 0.118 3
0.817 0.1 3
0.903 0.054 3
0.826 0.106 3
0.869 0.074 3
0.861 0.141 3
0.838 0.085 3
0.815 0.134 3
0.898 0.123 3
0.856 0.062 3
0.88 0.121 3
0.832 0.089 3
0.911 0.074 3
0.84 0.108 3
0.854 0.137 3
0.91 0.101 3
0.882 0.113 3
0.866 0.121 3
0.886 0.084 3
0.872 0.135 3
0.897 0.072 3
0.91 0.142 3
0.857 0.118 3
0.824 0.129 3
0.871 0.144 3
0.847 0.099 3
0.866 0.077 3
0.887 0.142 3
0.91 0.138 3
0.829 0.087 3
0.892 0.101 3
0.881 0.125 3
0.888 0.103 3
0.906 0.098 3
0.862 0.067 3
0.87 0.067 3
0.884 0.085 3
0.843 0.094 3
0.814 0.082 3
0.848 0.12 3
0.811 0.065 3
0.823 0.062 3
0.906 0.052 3
0.85 0.063 3
0.907 0.047 3
0.9 0.123 3
0.862 0.063 3
0.825 0.072 3
0.858 0.049 3
0.885 0.092 3
0.854 0.122 3
0.871 0.105 3
0.873 0.064 3
0.865 0.092 3
0.907 0.052 3
0.826 0.137 3
0.866 0.134 3
0.833 0.104 3
0.837 0.072 3
0.89 0.135 3
0.863 0.076 3
0.855 0.063 3
0.837 0.123 3
0.911 0.096 3
0.885 0.055 3
