0.506 0.967 0
0.512 0.939 0
0.48 0.972 0
0.459 0.997 0
0.447 0.979 0
0.51 0.951 0
0.491 0.938 0
0.535 0.972 0
0.493 0.973 0
0.477 0.964 0
0.502 0.95 0
0.449 0.951 0
0.492 0.986 0
0.488 0.987 0
0.447 0.995 0
0.469 0.956 0
0.536 0.953 0
0.492 0.967 0
0.45 0.99 0
0.456 0.965 0
0.451 0.965 0
0.542 0.97 0
0.512 0.935 0
0.508 0.969 0
0.501 0.985 0
0.503 0.931 0
0.518 0.959 0
0.467 0.986 0
0.524 0.951 0
0.526 0.949 0
0.457 0.977 0
0.497 0.962 0
0.509 0.95 0
0.501 0.97 0
0.495 0.971 0
0.534 0.947 0
0.481 0.953 0
0.488 0.931 0
0.483 0.985 0
0.537 0.997 0
0.466 0.988 0
0.487 0.953 0
0.481 0.961 0
0.46 0.942 0
0.511 0.976 0
0.491 0.986 0
0.477 0.93 0
0.458 0.982 0
0.503 0.958 0
0.522 0.933 0
0.472 0.953 0
0.469 0.978 0
0.449 0.954 0
0.461 0.932 0
0.54 0.949 0
0.486 0.968 0
0.454 0.999 0
0.501 0.96 0
0.513 0.94 0
0.51 0.94 0
0.486 0.934 0
0.542 0.935 0
0.52 0.938 0
0.5 0.968 0
0.475 0.954 0
0.497 0.937 0
0.477 0.941 0
0.518 0.934 0
0.452 0.985 0
0.54 0.96 0
0.534 0.962 0
0.457 0.984 0
0.542 0.966 0
0.49 0.964 0
0.54 0.952 0
0.532 0.966 0
0.482 0.94 0
0.522 0.963 0
0.492 0.94 0
0.484 0.942 0
0.531 0.974 0
0.503 0.956 0
0.511 0.971 0
0.525 0.999 0
0.491 0.99 0
0.486 0.941 0
0.448 0.941 0
0.447 0.942 0
0.492 0.931 0
0.478 1.0 0
0.468 0.973 0
0.516 1.0 0
0.492 0.979 0
0.492 0.969 0
0.534 1.0 0
0.509 0.991 0
0.504 0.954 0
0.498 0.954 0
0.535 0.989 0
0.493 0.952 0
0.495 0.908 0
0.472 0.96 0
0.537 0.912 0
0.484 0.969 0
0.533 0.946 0
0.523 0.965 0
0.535 0.927 0
0.445 0.95 0
0.466 0.959 0
0.442 0.906 0
0.487 0.926 0
0.449 0.985 0
0.52 0.956 0
0.479 0.941 0
0.489 0.925 0
0.535 0.978 0
0.472 0.976 0
0.517 0.971 0
0.527 0.937 0
0.525 0.985 0
0.475 0.943 0
0.516 0.928 0
0.494 0.942 0
0.529 0.967 0
0.458 0.952 0
0.452 0.931 0
0.491 0.959 0
0.48 0.982 0
0.447 0.952 0
0.477 0.98 0
0.479 0.94 0
0.497 0.964 0
0.537 0.933 0
0.456 0.973 0
0.527 0.977 0
0.449 0.935 0
0.538 0.914 0
0.454 0.911 0
0.505 1.0 0
0.541 0.972 0
0.452 0.959 0
0.461 0.929 0
0.463 0.933 0
0.49 0.933 0
0.489 0.989 0
0.508 0.974 0
0.465 0.915 0
0.456 0.943 0
0.519 0.931 0
0.532 0.948 0
0.527 0.992 0
0.455 0.943 0
0.465 0.964 0
0.515 0.952 0
0.477 0.939 0
0.462 0.933 0
0.479 0.918 0
0.478 0.955 0
0.49 0.985 0
0.471 0.99 0
0.456 0.949 0
0.479 0.988 0
0.485 0.958 0
0.515 0.931 0
0.453 0.917 0
0.472 0.934 0
0.525 0.981 0
0.499 0.915 0
0.491 0.908 0
0.504 0.964 0
0.471 0.952 0
0.511 0.918 0
0.478 0.961 0
0.469 0.928 0
0.515 0.915 0
0.505 0.965 0
0.506 0.951 0
0.532 0.968 0
0.5 0.96 0
0.46 0.987 0
0.493 0.979 0
0.507 0.907 0
0.468 0.944 0
0.471 0.953 0
0.532 0.958 0
0.513 0.918 0
0.46 0.975 0
0.492 0.972 0
0.482 0.967 0
0.45 0.921 0
0.521 0.954 0
0.442 0.988 0
0.457 0.914 0
0.442 0.959 0
0.477 0.976 0
0.45 0.997 0
0.51 0.973 0
0.475 0.907 0
0.509 0.966 0
0.482 0.959 0
0.491 0.955 0
0.504 0.903 0
0.443 0.905 0
0.537 0.915 0
0.509 0.925 0
0.455 0.889 0
0.538 0.962 0
0.515 0.952 0
0.533 0.939 0
0.452 0.952 0
0.455 0.901 0
0.454 0.913 0
0.463 0.896 0
0.475 0.913 0
0.528 0.936 0
0.524 0.954 0
0.457 0.884 0
0.501 0.941 0
0.455 0.9 0
0.503 0.889 0
0.485 0.95 0
0.527 0.959 0
0.491 0.913 0
0.453 0.886 0
0.538 0.956 0
0.448 0.945 0
0.517 0.884 0
0.523 0.945 0
0.515 0.962 0
0.542 0.931 0
0.493 0.942 0
0.488 0.91 0
0.499 0.963 0
0.488 0.921 0
0.538 0.916 0
0.511 0.907 0
0.536 0.959 0
0.471 0.93 0
0.452 0.932 0
0.498 0.932 0
0.502 0.924 0
0.492 0.938 0
0.537 0.868 0
0.501 0.874 0
0.532 0.946 0
0.508 0.935 0
0.539 0.873 0
0.478 0.892 0
0.485 0.943 0
0.497 0.899 0
0.449 0.923 0
0.493 0.876 0
0.485 0.907 0
0.515 0.943 0
0.542 0.957 0
0.538 0.962 0
0.477 0.865 0
0.512 0.945 0
0.504 0.891 0
0.519 0.906 0
0.508 0.911 0
0.492 0.888 0
0.495 0.865 0
0.471 0.899 0
0.449 0.873 0
0.447 0.964 0
0.524 0.887 0
0.443 0.956 0
0.445 0.88 0
0.451 0.871 0
0.512 0.886 0
0.496 0.907 0
0.446 0.916 0
0.455 0.904 0
0.512 0.905 0
0.487 0.902 0
0.527 0.878 0
0.521 0.87 0
0.477 0.939 0
0.458 0.934 0
0.538 0.925 0
0.503 0.941 0
0.541 0.948 0
0.504 0.893 0
0.475 0.93 0
0.518 0.945 0
0.459 0.914 0
0.446 0.899 0
0.515 0.881 0
0.471 0.929 0
0.49 0.867 0
0.481 0.938 0
0.46 0.943 0
0.511 0.958 0
0.492 0.95 0
0.515 0.91 0
0.463 0.904 0
0.511 0.956 0
0.482 0.921 0
0.481 0.872 0
0.445 0.913 0
0.477 0.856 0
0.513 0.9 0
0.485 0.916 0
0.446 0.877 0
0.446 0.908 0
0.525 0.889 0
0.469 0.868 0
0.463 0.861 0
0.53 0.845 0
0.526 0.873 0
0.514 0.926 0
0.512 0.855 0
0.474 0.893 0
0.507 0.927 0
0.492 0.926 0
0.481 0.828 0
0.519 0.852 0
0.5 0.861 0
0.457 0.864 0
0.449 0.837 0
0.504 0.865 0
0.448 0.846 0
0.452 0.865 0
0.449 0.921 0
0.501 0.906 0
0.511 0.89 0
0.512 0.874 0
0.464 0.878 0
0.521 0.864 0
0.508 0.891 0
0.541 0.866 0
0.504 0.848 0
0.447 0.889 0
0.477 0.919 0
0.518 0.827 0
0.54 0.925 0
0.533 0.833 0
0.446 0.907 0
0.519 0.85 0
0.518 0.916 0
0.492 0.862 0
0.443 0.862 0
0.532 0.908 0
0.458 0.84 0
0.453 0.875 0
0.492 0.835 0
0.457 0.894 0
0.508 0.874 0
0.45 0.89 0
0.493 0.87 0
0.533 0.844 0
0.539 0.912 0
0.521 0.915 0
0.446 0.891 0
0.506 0.894 0
0.503 0.907 0
0.453 0.884 0
0.497 0.925 0
0.467 0.848 0
0.484 0.889 0
0.534 0.88 0
0.488 0.912 0
0.522 0.887 0
0.542 0.927 0
0.515 0.853 0
0.537 0.914 0
0.448 0.844 0
0.48 0.924 0
0.443 0.872 0
0.454 0.879 0
0.504 0.894 0
0.526 0.828 0
0.502 0.882 0
0.468 0.886 0
0.45 0.863 0
0.528 0.837 0
0.47 0.848 0
0.505 0.863 0
0.537 0.832 0
0.528 0.873 0
0.493 0.895 0
0.458 0.901 0
0.497 0.918 0
0.54 0.876 0
0.542 0.872 0
0.443 0.921 0
0.498 0.917 0
0.496 0.906 0
0.5 0.904 0
0.527 0.843 0
0.446 0.901 0
0.448 0.892 0
0.469 0.891 0
0.524 0.914 0
0.449 0.92 0
0.46 0.915 0
0.51 0.832 0
0.482 0.85 0
0.484 0.923 0
0.496 0.88 0
0.501 0.848 0
0.447 0.836 0
0.521 0.804 0
0.475 0.798 0
0.479 0.856 0
0.53 0.848 0
0.537 0.847 0
0.509 0.891 0
0.503 0.812 0
0.462 0.877 0
0.456 0.807 0
0.451 0.837 0
0.525 0.836 0
0.532 0.802 0
0.496 0.891 0
0.516 0.804 0
0.465 0.866 0
0.492 0.838 0
0.473 0.861 0
0.521 0.859 0
0.473 0.8 0
0.48 0.814 0
0.477 0.825 0
0.522 0.838 0
0.444 0.892 0
0.538 0.827 0
0.483 0.849 0
0.542 0.844 0
0.485 0.861 0
0.48 0.814 0
0.48 0.836 0
0.537 0.814 0
0.481 0.824 0
0.501 0.837 0
0.506 0.858 0
0.46 0.886 0
0.485 0.848 0
0.512 0.837 0
0.5 0.793 0
0.49 0.842 0
0.452 0.855 0
0.464 0.85 0
0.514 0.876 0
0.47 0.888 0
0.503 0.82 0
0.531 0.857 0
0.484 0.825 0
0.522 0.85 0
0.523 0.882 0
0.532 0.815 0
0.496 0.807 0
0.501 0.847 0
0.518 0.853 0
0.488 0.821 0
0.45 0.816 0
0.491 0.851 0
0.531 0.828 0
0.498 0.803 0
0.442 0.794 0
0.447 0.84 0
0.513 0.799 0
0.489 0.838 0
0.453 0.804 0
0.517 0.839 0
0.519 0.852 0
0.463 0.87 0
0.542 0.856 0
0.494 0.861 0
0.464 0.82 0
0.528 0.878 0
0.493 0.83 0
0.528 0.817 0
0.527 0.869 0
0.468 0.879 0
0.532 0.814 0
0.485 0.848 0
0.494 0.827 0
0.535 0.83 0
0.51 0.851 0
0.531 0.803 0
0.524 0.801 0
0.512 0.807 0
0.539 0.817 0
0.51 0.885 0
0.505 0.793 0
0.465 0.814 0
0.528 0.866 0
0.52 0.877 0
0.464 0.876 0
0.487 0.87 0
0.533 0.85 0
0.511 0.813 0
0.512 0.82 0
0.444 0.794 0
0.514 0.875 0
0.535 0.811 0
0.445 0.804 0
0.49 0.851 0
0.478 0.875 0
0.477 0.842 0
0.527 0.781 0
0.533 0.777 0
0.536 0.771 0
0.491 0.755 0
0.45 0.816 0
0.506 0.8 0
0.447 0.792 0
0.538 0.85 0
0.533 0.762 0
0.464 0.781 0
0.451 0.813 0
0.453 0.785 0
0.512 0.75 0
0.471 0.771 0
0.485 0.8 0
0.454 0.75 0
0.524 0.772 0
0.456 0.783 0
0.478 0.825 0
0.447 0.801 0
0.535 0.843 0
0.483 0.808 0
0.511 0.802 0
0.544 0.812 0
0.515 0.763 0
0.525 0.836 0
0.52 0.82 0
0.509 0.766 0
0.505 0.779 0
0.454 0.785 0
0.517 0.835 0
0.535 0.811 0
0.466 0.751 0
0.526 0.826 0
0.493 0.784 0
0.513 0.787 0
0.504 0.842 0
0.51 0.754 0
0.506 0.85 0
0.459 0.778 0
0.456 0.844 0
0.45 0.765 0
0.529 0.794 0
0.461 0.789 0
0.471 0.776 0
0.487 0.805 0
0.488 0.813 0
0.497 0.822 0
0.498 0.792 0
0.544 0.847 0
0.539 0.782 0
0.5 0.807 0
0.461 0.795 0
0.454 0.804 0
0.474 0.839 0
0.533 0.78 0
0.521 0.803 0
0.491 0.83 0
0.457 0.845 0
0.459 0.766 0
0.483 0.786 0
0.48 0.813 0
0.544 0.763 0
0.489 0.773 0
0.485 0.831 0
0.477 0.751 0
0.54 0.799 0
0.515 0.772 0
0.472 0.795 0
0.507 0.756 0
0.482 0.823 0
0.495 0.776 0
0.495 0.759 0
0.445 0.806 0
0.485 0.773 0
0.499 0.773 0
0.529 0.845 0
0.533 0.839 0
0.489 0.78 0
0.483 0.779 0
0.466 0.821 0
0.529 0.819 0
0.487 0.807 0
0.519 0.845 0
0.468 0.826 0
0.538 0.794 0
0.494 0.803 0
0.499 0.848 0
0.45 0.762 0
0.465 0.799 0
0.539 0.849 0
0.481 0.811 0
0.534 0.789 0
0.517 0.756 0
0.526 0.812 0
0.494 0.766 0
0.48 0.847 0
0.534 0.794 0
0.526 0.784 0
0.447 0.719 0
0.448 0.74 0
0.459 0.727 0
0.46 0.816 0
0.482 0.781 0
0.473 0.765 0
0.479 0.751 0
0.484 0.731 0
0.466 0.774 0
0.538 0.778 0
0.492 0.763 0
0.508 0.791 0
0.494 0.723 0
0.531 0.794 0
0.46 0.733 0
0.491 0.806 0
0.449 0.813 0
0.481 0.748 0
0.452 0.773 0
0.529 0.788 0
0.511 0.761 0
0.466 0.765 0
0.504 0.74 0
0.452 0.781 0
0.518 0.79 0
0.47 0.732 0
0.474 0.758 0
0.498 0.794 0
0.477 0.755 0
0.532 0.806 0
0.444 0.758 0
0.488 0.766 0
0.531 0.754 0
0.522 0.776 0
0.495 0.719 0
0.531 0.733 0
0.45 0.8 0
0.449 0.817 0
0.492 0.75 0
0.54 0.745 0
0.515 0.751 0
0.498 0.742 0
0.491 0.739 0
0.484 0.752 0
0.465 0.728 0
0.518 0.793 0
0.524 0.797 0
0.499 0.786 0
0.537 0.728 0
0.494 0.785 0
0.475 0.759 0
0.492 0.756 0
0.452 0.777 0
0.533 0.74 0
0.511 0.784 0
0.466 0.808 0
0.473 0.781 0
0.537 0.78 0
0.517 0.788 0
0.516 0.747 0
0.493 0.794 0
0.476 0.754 0
0.444 0.758 0
0.481 0.809 0
0.497 0.757 0
0.457 0.803 0
0.455 0.816 0
0.459 0.764 0
0.529 0.76 0
0.481 0.787 0
0.449 0.728 0
0.498 0.77 0
0.469 0.796 0
0.521 0.792 0
0.452 0.803 0
0.456 0.8 0
0.466 0.737 0
0.442 0.796 0
0.513 0.77 0
0.536 0.779 0
0.49 0.759 0
0.499 0.74 0
0.444 0.732 0
0.521 0.776 0
0.511 0.759 0
0.455 0.757 0
0.482 0.734 0
0.471 0.793 0
0.521 0.819 0
0.506 0.735 0
0.526 0.789 0
0.531 0.785 0
0.483 0.782 0
0.449 0.808 0
0.494 0.81 0
0.489 0.783 0
0.509 0.791 0
0.446 0.812 0
0.53 0.734 0
0.51 0.792 0
0.531 0.782 0
0.485 0.765 0
0.45 0.707 0
0.461 0.71 0
0.479 0.737 0
0.507 0.771 0
0.475 0.758 0
0.495 0.783 0
0.52 0.737 0
0.539 0.752 0
0.467 0.692 0
0.484 0.777 0
0.461 0.705 0
0.445 0.696 0
0.48 0.774 0
0.54 0.773 0
0.53 0.763 0
0.473 0.7 0
0.449 0.725 0
0.478 0.783 0
0.448 0.777 0
0.483 0.772 0
0.499 0.745 0
0.476 0.721 0
0.531 0.732 0
0.468 0.747 0
0.534 0.766 0
0.477 0.693 0
0.459 0.746 0
0.509 0.751 0
0.462 0.715 0
0.541 0.739 0
0.471 0.786 0
0.475 0.731 0
0.495 0.778 0
0.503 0.787 0
0.467 0.771 0
0.508 0.729 0
0.526 0.695 0
0.534 0.759 0
0.517 0.772 0
0.461 0.699 0
0.536 0.736 0
0.447 0.752 0
0.495 0.69 0
0.507 0.762 0
0.505 0.728 0
0.495 0.694 0
0.525 0.739 0
0.535 0.758 0
0.519 0.738 0
0.522 0.771 0
0.529 0.74 0
0.454 0.783 0
0.497 0.713 0
0.479 0.701 0
0.489 0.703 0
0.525 0.724 0
0.447 0.737 0
0.468 0.696 0
0.451 0.768 0
0.513 0.754 0
0.452 0.765 0
0.499 0.733 0
0.475 0.744 0
0.479 0.713 0
0.461 0.74 0
0.451 0.75 0
0.479 0.775 0
0.457 0.701 0
0.528 0.723 0
0.482 0.722 0
0.472 0.701 0
0.466 0.689 0
0.461 0.758 0
0.474 0.787 0
0.499 0.755 0
0.494 0.704 0
0.523 0.779 0
0.464 0.733 0
0.48 0.724 0
0.524 0.724 0
0.487 0.688 0
0.528 0.787 0
0.476 0.761 0
0.459 0.745 0
0.514 0.71 0
0.535 0.707 0
0.482 0.767 0
0.471 0.708 0
0.481 0.741 0
0.457 0.729 0
0.477 0.77 0
0.454 0.769 0
0.534 0.717 0
0.476 0.729 0
0.484 0.752 0
0.469 0.691 0
0.513 0.733 0
0.463 0.754 0
0.475 0.658 0
0.499 0.692 0
0.515 0.669 0
0.498 0.715 0
0.504 0.735 0
0.455 0.728 0
0.468 0.746 0
0.534 0.722 0
0.54 0.746 0
0.532 0.73 0
0.498 0.744 0
0.493 0.675 0
0.502 0.724 0
0.471 0.731 0
0.527 0.665 0
0.522 0.712 0
0.534 0.679 0
0.532 0.697 0
0.465 0.719 0
0.473 0.748 0
0.483 0.736 0
0.489 0.75 0
0.48 0.745 0
0.459 0.679 0
0.471 0.726 0
0.529 0.684 0
0.484 0.706 0
0.504 0.697 0
0.506 0.665 0
0.536 0.709 0
0.464 0.686 0
0.483 0.667 0
0.527 0.734 0
0.498 0.679 0
0.472 0.713 0
0.457 0.69 0
0.487 0.758 0
0.494 0.706 0
0.5 0.7 0
0.48 0.719 0
0.454 0.721 0
0.464 0.706 0
0.469 0.658 0
0.484 0.701 0
0.498 0.715 0
0.467 0.709 0
0.52 0.68 0
0.49 0.718 0
0.448 0.72 0
0.527 0.712 0
0.526 0.658 0
0.448 0.725 0
0.482 0.698 0
0.479 0.67 0
0.494 0.723 0
0.446 0.669 0
0.483 0.722 0
0.503 0.747 0
0.527 0.753 0
0.486 0.753 0
0.476 0.734 0
0.447 0.684 0
0.493 0.691 0
0.534 0.696 0
0.484 0.7 0
0.471 0.701 0
0.475 0.658 0
0.506 0.694 0
0.472 0.721 0
0.472 0.693 0
0.531 0.729 0
0.453 0.71 0
0.443 0.742 0
0.467 0.658 0
0.543 0.7 0
0.543 0.745 0
0.475 0.74 0
0.449 0.692 0
0.524 0.69 0
0.48 0.701 0
0.538 0.744 0
0.534 0.705 0
0.453 0.679 0
0.47 0.702 0
0.534 0.674 0
0.497 0.744 0
0.494 0.756 0
0.543 0.739 0
0.512 0.712 0
0.526 0.666 0
0.467 0.717 0
0.475 0.725 0
0.468 0.751 0
0.526 0.713 0
0.475 0.742 0
0.445 0.695 0
0.507 0.711 0
0.54 0.724 0
0.527 0.75 0
0.51 0.753 0
0.465 0.683 0
0.512 0.7 0
0.461 0.639 0
0.473 0.616 0
0.456 0.708 0
0.459 0.614 0
0.493 0.707 0
0.525 0.639 0
0.515 0.617 0
0.535 0.664 0
0.541 0.652 0
0.466 0.7 0
0.508 0.664 0
0.526 0.641 0
0.537 0.625 0
0.466 0.685 0
0.45 0.639 0
0.533 0.68 0
0.495 0.616 0
0.477 0.688 0
0.537 0.62 0
0.469 0.686 0
0.448 0.679 0
0.476 0.657 0
0.521 0.641 0
0.448 0.668 0
0.519 0.692 0
0.534 0.694 0
0.471 0.691 0
0.481 0.676 0
0.54 0.624 0
0.497 0.661 0
0.537 0.663 0
0.47 0.679 0
0.523 0.686 0
0.488 0.679 0
0.452 0.623 0
0.532 0.662 0
0.48 0.653 0
0.499 0.649 0
0.528 0.66 0
0.542 0.634 0
0.472 0.623 0
0.495 0.698 0
0.543 0.683 0
0.465 0.683 0
0.494 0.644 0
0.509 0.645 0
0.538 0.689 0
0.468 0.686 0
0.492 0.63 0
0.536 0.65 0
0.51 0.626 0
0.54 0.645 0
0.503 0.628 0
0.456 0.689 0
0.541 0.622 0
0.516 0.62 0
0.518 0.708 0
0.453 0.668 0
0.453 0.68 0
0.47 0.618 0
0.46 0.671 0
0.543 0.633 0
0.516 0.618 0
0.481 0.704 0
0.515 0.653 0
0.469 0.637 0
0.513 0.702 0
0.458 0.62 0
0.517 0.658 0
0.474 0.625 0
0.489 0.687 0
0.515 0.616 0
0.52 0.703 0
0.518 0.659 0
0.5 0.643 0
0.502 0.631 0
0.454 0.634 0
0.541 0.653 0
0.452 0.656 0
0.475 0.661 0
0.468 0.625 0
0.449 0.624 0
0.464 0.608 0
0.512 0.687 0
0.517 0.68 0
0.502 0.625 0
0.475 0.653 0
0.499 0.636 0
0.485 0.676 0
0.516 0.66 0
0.52 0.619 0
0.475 0.683 0
0.455 0.608 0
0.506 0.614 0
0.491 0.652 0
0.463 0.701 0
0.525 0.608 0
0.458 0.628 0
0.495 0.635 0
0.477 0.62 0
0.537 0.598 0
0.539 0.636 0
0.503 0.632 0
0.456 0.614 0
0.541 0.606 0
0.469 0.552 0
0.499 0.566 0
0.485 0.623 0
0.463 0.639 0
0.502 0.551 0
0.538 0.622 0
0.476 0.607 0
0.45 0.644 0
0.453 0.574 0
0.527 0.621 0
0.548 0.585 0
0.537 0.626 0
0.497 0.647 0
0.523 0.571 0
0.512 0.587 0
0.465 0.625 0
0.511 0.602 0
0.539 0.603 0
0.54 0.6 0
0.449 0.619 0
0.537 0.602 0
0.545 0.597 0
0.463 0.6 0
0.492 0.576 0
0.501 0.573 0
0.449 0.549 0
0.534 0.568 0
0.455 0.61 0
0.499 0.589 0
0.52 0.605 0
0.533 0.621 0
0.503 0.576 0
0.46 0.575 0
0.524 0.55 0
0.47 0.647 0
0.513 0.555 0
0.523 0.637 0
0.451 0.611 0
0.474 0.631 0
0.545 0.586 0
0.473 0.589 0
0.477 0.563 0
0.547 0.578 0
0.467 0.627 0
0.543 0.64 0
0.531 0.555 0
0.523 0.555 0
0.527 0.626 0
0.477 0.575 0
0.476 0.596 0
0.486 0.611 0
0.524 0.638 0
0.541 0.593 0
0.496 0.589 0
0.448 0.606 0
0.507 0.575 0
0.506 0.632 0
0.502 0.608 0
0.46 0.611 0
0.545 0.575 0
0.479 0.597 0
0.512 0.646 0
0.452 0.644 0
0.511 0.627 0
0.471 0.61 0
0.45 0.638 0
0.482 0.621 0
0.547 0.617 0
0.53 0.623 0
0.458 0.592 0
0.514 0.554 0
0.499 0.621 0
0.508 0.611 0
0.47 0.609 0
0.529 0.623 0
0.46 0.555 0
0.525 0.557 0
0.452 0.605 0
0.491 0.586 0
0.461 0.563 0
0.48 0.625 0
0.499 0.609 0
0.461 0.6 0
0.448 0.591 0
0.451 0.603 0
0.53 0.632 0
0.514 0.603 0
0.503 0.61 0
0.544 0.575 0
0.478 0.56 0
0.509 0.641 0
0.541 0.568 0
0.511 0.631 0
0.505 0.61 0
0.469 0.553 0
0.464 0.588 0
0.521 0.607 0
0.525 0.532 0
0.466 0.562 0
0.532 0.604 0
0.506 0.552 0
0.546 0.556 0
0.451 0.517 0
0.45 0.532 0
0.538 0.546 0
0.46 0.583 0
0.487 0.541 0
0.492 0.532 0
0.514 0.552 0
0.528 0.531 0
0.453 0.544 0
0.515 0.523 0
0.465 0.554 0
0.512 0.611 0
0.517 0.544 0
0.525 0.61 0
0.52 0.582 0
0.5 0.613 0
0.508 0.532 0
0.537 0.609 0
0.511 0.543 0
0.468 0.601 0
0.532 0.539 0
0.518 0.61 0
0.501 0.539 0
0.526 0.513 0
0.5 0.6 0
0.512 0.609 0
0.51 0.573 0
0.478 0.565 0
0.523 0.595 0
0.5 0.576 0
0.501 0.603 0
0.522 0.558 0
0.549 0.53 0
0.54 0.539 0
0.488 0.543 0
0.544 0.585 0
0.467 0.604 0
0.452 0.523 0
0.48 0.558 0
0.523 0.597 0
0.482 0.573 0
0.451 0.607 0
0.527 0.598 0
0.538 0.542 0
0.492 0.564 0
0.529 0.61 0
0.521 0.591 0
0.485 0.609 0
0.489 0.527 0
0.484 0.581 0
0.517 0.595 0
0.499 0.55 0
0.541 0.562 0
0.547 0.514 0
0.518 0.595 0
0.503 0.582 0
0.53 0.588 0
0.455 0.521 0
0.537 0.594 0
0.497 0.59 0
0.519 0.513 0
0.526 0.606 0
0.52 0.568 0
0.454 0.528 0
0.509 0.534 0
0.54 0.595 0
0.476 0.585 0
0.465 0.603 0
0.486 0.571 0
0.451 0.522 0
0.506 0.526 0
0.544 0.518 0
0.485 0.554 0
0.5 0.527 0
0.457 0.545 0
0.49 0.61 0
0.455 0.608 0
0.466 0.608 0
0.474 0.584 0
0.538 0.592 0
0.481 0.577 0
0.544 0.533 0
0.505 0.603 0
0.49 0.58 0
0.536 0.56 0
0.531 0.52 0
0.527 0.588 0
0.547 0.599 0
0.544 0.572 0
0.514 0.528 0
0.459 0.583 0
0.516 0.511 0
0.527 0.541 0
0.523 0.567 0
0.48 0.506 0
0.492 0.508 0
0.479 0.552 0
0.495 0.508 0
0.484 0.491 0
0.532 0.506 0
0.525 0.531 0
0.506 0.476 0
0.467 0.55 0
0.529 0.534 0
0.532 0.563 0
0.512 0.515 0
0.534 0.48 0
0.484 0.531 0
0.481 0.548 0
0.508 0.533 0
0.497 0.548 0
0.469 0.486 0
0.533 0.534 0
0.498 0.566 0
0.467 0.565 0
0.535 0.535 0
0.532 0.552 0
0.467 0.524 0
0.536 0.57 0
0.538 0.55 0
0.502 0.49 0
0.536 0.525 0
0.457 0.526 0
0.497 0.499 0
0.478 0.488 0
0.508 0.567 0
0.464 0.485 0
0.511 0.502 0
0.48 0.525 0
0.457 0.54 0
0.467 0.474 0
0.477 0.488 0
0.467 0.568 0
0.503 0.536 0
0.539 0.522 0
0.545 0.568 0
0.531 0.533 0
0.479 0.51 0
0.487 0.559 0
0.548 0.51 0
0.508 0.498 0
0.529 0.515 0
0.531 0.525 0
0.535 0.489 0
0.506 0.566 0
0.511 0.555 0
0.454 0.565 0
0.496 0.502 0
0.467 0.474 0
0.467 0.494 0
0.472 0.491 0
0.504 0.547 0
0.496 0.517 0
0.477 0.549 0
0.51 0.534 0
0.482 0.501 0
0.492 0.499 0
0.455 0.544 0
0.502 0.52 0
0.51 0.472 0
0.452 0.541 0
0.466 0.544 0
0.499 0.5 0
0.454 0.532 0
0.504 0.565 0
0.518 0.538 0
0.468 0.512 0
0.473 0.492 0
0.513 0.502 0
0.498 0.516 0
0.519 0.521 0
0.505 0.474 0
0.478 0.535 0
0.497 0.571 0
0.495 0.538 0
0.472 0.513 0
0.497 0.554 0
0.542 0.566 0
0.534 0.537 0
0.534 0.494 0
0.544 0.555 0
0.537 0.532 0
0.52 0.487 0
0.502 0.568 0
0.55 0.536 0
0.552 0.533 0
0.477 0.552 0
0.515 0.511 0
0.539 0.521 0
0.547 0.473 0
0.453 0.486 0
0.499 0.464 0
0.519 0.498 0
0.533 0.416 0
0.521 0.477 0
0.483 0.486 0
0.503 0.411 0
0.489 0.421 0
0.527 0.468 0
0.549 0.5 0
0.499 0.486 0
0.497 0.471 0
0.555 0.463 0
0.536 0.482 0
0.517 0.445 0
0.495 0.447 0
0.456 0.427 0
0.459 0.409 0
0.549 0.46 0
0.461 0.465 0
0.494 0.505 0
0.478 0.47 0
0.518 0.485 0
0.525 0.41 0
0.527 0.479 0
0.549 0.503 0
0.555 0.425 0
0.459 0.436 0
0.508 0.496 0
0.547 0.483 0
0.524 0.437 0
0.465 0.408 0
0.547 0.455 0
0.501 0.408 0
0.491 0.464 0
0.531 0.423 0
0.514 0.492 0
0.513 0.503 0
0.46 0.482 0
0.456 0.458 0
0.531 0.489 0
0.491 0.429 0
0.504 0.447 0
0.513 0.475 0
0.545 0.444 0
0.524 0.493 0
0.517 0.41 0
0.483 0.42 0
0.519 0.419 0
0.494 0.488 0
0.49 0.478 0
0.54 0.505 0
0.501 0.41 0
0.549 0.489 0
0.493 0.434 0
0.495 0.502 0
0.501 0.455 0
0.513 0.425 0
0.53 0.448 0
0.514 0.477 0
0.52 0.486 0
0.547 0.492 0
0.526 0.41 0
0.462 0.41 0
0.462 0.504 0
0.528 0.478 0
0.546 0.421 0
0.537 0.426 0
0.455 0.41 0
0.549 0.478 0
0.47 0.423 0
0.493 0.473 0
0.497 0.494 0
0.551 0.413 0
0.542 0.495 0
0.472 0.42 0
0.467 0.494 0
0.458 0.458 0
0.518 0.43 0
0.555 0.447 0
0.541 0.484 0
0.492 0.431 0
0.549 0.432 0
0.456 0.442 0
0.492 0.461 0
0.519 0.503 0
0.516 0.503 0
0.494 0.472 0
0.463 0.489 0
0.472 0.438 0
0.456 0.476 0
0.51 0.504 0
0.515 0.42 0
0.481 0.448 0
0.539 0.418 0
0.547 0.46 0
0.456 0.476 0
0.554 0.493 0
0.502 0.445 0
0.494 0.429 0
0.497 0.44 0
0.467 0.382 0
0.539 0.393 0
0.5 0.414 0
0.552 0.431 0
0.543 0.42 0
0.535 0.437 0
0.501 0.401 0
0.501 0.366 0
0.52 0.398 0
0.487 0.371 0
0.474 0.345 0
0.467 0.388 0
0.464 0.392 0
0.523 0.356 0
0.529 0.44 0
0.544 0.415 0
0.502 0.351 0
0.532 0.388 0
0.511 0.404 0
0.546 0.41 0
0.498 0.404 0
0.479 0.375 0
0.469 0.409 0
0.468 0.382 0
0.477 0.377 0
0.496 0.417 0
0.541 0.349 0
0.459 0.429 0
0.536 0.369 0
0.549 0.348 0
0.529 0.396 0
0.546 0.42 0
0.477 0.402 0
0.477 0.346 0
0.503 0.385 0
0.48 0.4 0
0.479 0.392 0
0.49 0.433 0
0.506 0.412 0
0.464 0.422 0
0.502 0.352 0
0.487 0.357 0
0.515 0.347 0
0.532 0.4 0
0.484 0.423 0
0.461 0.367 0
0.52 0.371 0
0.478 0.427 0
0.466 0.422 0
0.545 0.399 0
0.477 0.369 0
0.505 0.441 0
0.464 0.406 0
0.491 0.431 0
0.506 0.365 0
0.498 0.395 0
0.523 0.43 0
0.505 0.368 0
0.491 0.394 0
0.544 0.368 0
0.502 0.386 0
0.49 0.345 0
0.5 0.352 0
0.531 0.382 0
0.542 0.41 0
0.497 0.379 0
0.541 0.374 0
0.543 0.391 0
0.505 0.402 0
0.535 0.398 0
0.539 0.413 0
0.479 0.418 0
0.469 0.342 0
0.547 0.422 0
0.466 0.379 0
0.525 0.422 0
0.511 0.423 0
0.537 0.384 0
0.496 0.428 0
0.458 0.41 0
0.525 0.437 0
0.487 0.404 0
0.46 0.347 0
0.514 0.37 0
0.49 0.386 0
0.536 0.365 0
0.465 0.388 0
0.465 0.435 0
0.481 0.388 0
0.496 0.397 0
0.509 0.414 0
0.457 0.391 0
0.464 0.399 0
0.462 0.405 0
0.541 0.412 0
0.537 0.355 0
0.547 0.4 0
0.544 0.439 0
0.456 0.349 0
0.491 0.413 0
0.316 0.818 1
0.254 0.829 1
0.312 0.889 1
0.318 0.898 1
0.262 0.908 1
0.282 0.851 1
0.339 0.82 1
0.335 0.866 1
0.317 0.848 1
0.268 0.902 1
0.275 0.846 1
0.252 0.875 1
0.321 0.859 1
0.28 0.857 1
0.284 0.853 1
0.338 0.908 1
0.32 0.878 1
0.328 0.834 1
0.265 0.861 1
0.315 0.856 1
0.316 0.884 1
0.276 0.852 1
0.311 0.855 1
0.321 0.908 1
0.31 0.811 1
0.275 0.812 1
0.289 0.869 1
0.301 0.898 1
0.341 0.868 1
0.334 0.851 1
0.268 0.814 1
0.259 0.829 1
0.285 0.869 1
0.344 0.82 1
0.289 0.842 1
0.274 0.885 1
0.262 0.848 1
0.286 0.894 1
0.323 0.853 1
0.341 0.847 1
0.292 0.851 1
0.319 0.892 1
0.277 0.877 1
0.341 0.811 1
0.341 0.861 1
0.313 0.9 1
0.289 0.899 1
0.302 0.837 1
0.264 0.818 1
0.323 0.827 1
0.259 0.83 1
0.274 0.905 1
0.328 0.882 1
0.294 0.908 1
0.339 0.875 1
0.252 0.812 1
0.291 0.815 1
0.329 0.835 1
0.251 0.873 1
0.313 0.817 1
0.293 0.87 1
0.341 0.858 1
0.288 0.839 1
0.336 0.84 1
0.318 0.899 1
0.319 0.853 1
0.262 0.847 1
0.262 0.816 1
0.346 0.823 1
0.307 0.85 1
0.272 0.906 1
0.307 0.835 1
0.284 0.822 1
0.275 0.849 1
0.27 0.831 1
0.297 0.887 1
0.304 0.858 1
0.321 0.888 1
0.256 0.837 1
0.341 0.826 1
0.333 0.823 1
0.25 0.895 1
0.303 0.861 1
0.315 0.909 1
0.331 0.88 1
0.307 0.833 1
0.34 0.905 1
0.314 0.891 1
0.334 0.843 1
0.282 0.892 1
0.275 0.847 1
0.306 0.876 1
0.337 0.909 1
0.288 0.839 1
0.342 0.845 1
0.302 0.818 1
0.267 0.867 1
0.247 0.84 1
0.298 0.898 1
0.25 0.886 1
0.278 0.882 1
0.252 0.926 1
0.247 0.851 1
0.323 0.913 1
0.274 0.846 1
0.337 0.866 1
0.295 0.868 1
0.263 0.906 1
0.328 0.916 1
0.249 0.874 1
0.26 0.89 1
0.28 0.851 1
0.279 0.921 1
0.338 0.924 1
0.323 0.858 1
0.306 0.872 1
0.325 0.851 1
0.313 0.864 1
0.32 0.89 1
0.258 0.845 1
0.301 0.852 1
0.246 0.902 1
0.294 0.839 1
0.249 0.884 1
0.251 0.859 1
0.26 0.861 1
0.296 0.919 1
0.268 0.856 1
0.274 0.901 1
0.325 0.916 1
0.298 0.845 1
0.286 0.887 1
0.301 0.844 1
0.304 0.904 1
0.304 0.924 1
0.262 0.916 1
0.265 0.914 1
0.265 0.937 1
0.257 0.906 1
0.281 0.924 1
0.262 0.881 1
0.332 0.855 1
0.317 0.843 1
0.301 0.898 1
0.323 0.883 1
0.322 0.939 1
0.268 0.935 1
0.267 0.869 1
0.284 0.85 1
0.318 0.92 1
0.295 0.894 1
0.25 0.848 1
0.316 0.917 1
0.257 0.902 1
0.254 0.896 1
0.253 0.918 1
0.32 0.852 1
0.262 0.87 1
0.311 0.873 1
0.305 0.904 1
0.319 0.855 1
0.266 0.936 1
0.33 0.909 1
0.322 0.922 1
0.278 0.896 1
0.27 0.844 1
0.265 0.894 1
0.307 0.857 1
0.253 0.885 1
0.296 0.919 1
0.254 0.852 1
0.251 0.862 1
0.269 0.879 1
0.266 0.893 1
0.245 0.854 1
0.27 0.909 1
0.323 0.884 1
0.253 0.885 1
0.296 0.851 1
0.305 0.84 1
0.278 0.932 1
0.323 0.916 1
0.273 0.865 1
0.268 0.847 1
0.303 0.852 1
0.291 0.934 1
0.278 0.921 1
0.281 0.88 1
0.309 0.868 1
0.309 0.903 1
0.265 0.846 1
0.336 0.856 1
0.295 0.852 1
0.307 0.878 1
0.263 0.921 1
0.27 0.935 1
0.274 0.923 1
0.336 0.911 1
0.261 0.878 1
0.339 0.928 1
0.317 0.927 1
0.228 0.925 1
0.253 0.884 1
0.272 0.96 1
0.244 0.916 1
0.295 0.926 1
0.288 0.892 1
0.307 0.917 1
0.269 0.931 1
0.295 0.928 1
0.28 0.957 1
0.317 0.911 1
0.22 0.965 1
0.312 0.886 1
0.249 0.903 1
0.255 0.973 1
0.234 0.935 1
0.235 0.893 1
0.31 0.918 1
0.315 0.938 1
0.3 0.881 1
0.236 0.958 1
0.282 0.955 1
0.256 0.913 1
0.283 0.975 1
0.264 0.878 1
0.248 0.921 1
0.235 0.92 1
0.308 0.9 1
0.272 0.903 1
0.252 0.954 1
0.249 0.973 1
0.296 0.943 1
0.245 0.968 1
0.241 0.905 1
0.294 0.923 1
0.226 0.917 1
0.286 0.886 1
0.315 0.879 1
0.268 0.925 1
0.231 0.886 1
0.298 0.905 1
0.317 0.895 1
0.269 0.953 1
0.278 0.939 1
0.31 0.937 1
0.31 0.907 1
0.275 0.914 1
0.241 0.974 1
0.249 0.959 1
0.252 0.951 1
0.26 0.939 1
0.285 0.964 1
0.23 0.957 1
0.228 0.972 1
0.307 0.894 1
0.317 0.947 1
0.256 0.878 1
0.277 0.897 1
0.286 0.951 1
0.29 0.907 1
0.313 0.924 1
0.226 0.95 1
0.303 0.949 1
0.293 0.971 1
0.229 0.913 1
0.233 0.929 1
0.288 0.89 1
0.304 0.929 1
0.252 0.881 1
0.238 0.913 1
0.24 0.959 1
0.308 0.897 1
0.222 0.901 1
0.311 0.968 1
0.242 0.877 1
0.303 0.956 1
0.3 0.961 1
0.27 0.885 1
0.251 0.916 1
0.284 0.906 1
0.301 0.936 1
0.294 0.919 1
0.294 0.935 1
0.291 0.904 1
0.27 0.933 1
0.314 0.888 1
0.22 0.924 1
0.229 0.949 1
0.289 0.954 1
0.285 0.945 1
0.237 0.958 1
0.292 0.879 1
0.251 0.974 1
0.299 0.944 1
0.301 0.917 1
0.29 0.963 1
0.311 0.937 1
0.265 0.919 1
0.278 0.913 1
0.196 0.9 1
0.213 0.931 1
0.184 0.975 1
0.185 0.951 1
0.205 0.962 1
0.221 0.893 1
0.18 0.923 1
0.26 0.891 1
0.271 0.939 1
0.219 0.982 1
0.218 0.911 1
0.193 0.984 1
0.262 0.942 1
0.211 0.914 1
0.257 0.934 1
0.259 0.949 1
0.275 0.977 1
0.18 0.89 1
0.255 0.95 1
0.201 0.901 1
0.193 0.943 1
0.268 0.932 1
0.216 0.915 1
0.234 0.949 1
0.179 0.966 1
0.246 0.922 1
0.21 0.951 1
0.204 0.964 1
0.209 0.964 1
0.241 0.933 1
0.258 0.976 1
0.215 0.964 1
0.184 0.974 1
0.228 0.888 1
0.277 0.939 1
0.199 0.892 1
0.268 0.925 1
0.275 0.901 1
0.223 0.937 1
0.185 0.957 1
0.207 0.972 1
0.221 0.933 1
0.265 0.89 1
0.243 0.908 1
0.205 0.973 1
0.275 0.963 1
0.228 0.981 1
0.252 0.932 1
0.266 0.964 1
0.212 0.906 1
0.221 0.917 1
0.193 0.935 1
0.241 0.933 1
0.198 0.981 1
0.258 0.912 1
0.2 0.935 1
0.213 0.977 1
0.189 0.935 1
0.179 0.942 1
0.203 0.887 1
0.268 0.944 1
0.229 0.972 1
0.19 0.952 1
0.182 0.925 1
0.181 0.914 1
0.201 0.929 1
0.243 0.923 1
0.274 0.932 1
0.242 0.963 1
0.198 0.932 1
0.223 0.975 1
0.203 0.89 1
0.219 0.943 1
0.256 0.941 1
0.188 0.889 1
0.188 0.966 1
0.208 0.983 1
0.185 0.984 1
0.179 0.95 1
0.213 0.981 1
0.217 0.975 1
0.211 0.919 1
0.25 0.97 1
0.253 0.975 1
0.235 0.933 1
0.264 0.932 1
0.219 0.97 1
0.234 0.976 1
0.18 0.909 1
0.275 0.962 1
0.211 0.916 1
0.197 0.983 1
0.227 0.948 1
0.252 0.953 1
0.191 0.902 1
0.185 0.97 1
0.222 0.945 1
0.252 0.922 1
0.183 0.983 1
0.189 0.947 1
0.195 0.912 1
0.209 0.896 1
0.122 0.969 1
0.125 0.939 1
0.13 0.896 1
0.118 0.943 1
0.211 0.959 1
0.157 0.923 1
0.116 0.91 1
0.143 0.941 1
0.12 0.891 1
0.138 0.972 1
0.185 0.987 1
0.212 0.928 1
0.143 0.89 1
0.119 0.923 1
0.178 0.91 1
0.212 0.982 1
0.164 0.93 1
0.179 0.985 1
0.122 0.942 1
0.123 0.958 1
0.187 0.948 1
0.132 0.946 1
0.137 0.909 1
0.201 0.931 1
0.171 0.949 1
0.142 0.918 1
0.173 0.951 1
0.204 0.951 1
0.129 0.98 1
0.191 0.938 1
0.168 0.919 1
0.182 0.894 1
0.154 0.974 1
0.139 0.964 1
0.135 0.956 1
0.169 0.953 1
0.155 0.899 1
0.158 0.917 1
0.177 0.976 1
0.146 0.937 1
0.178 0.936 1
0.134 0.968 1
0.166 0.909 1
0.127 0.965 1
0.181 0.958 1
0.122 0.914 1
0.139 0.966 1
0.135 0.972 1
0.195 0.933 1
0.165 0.952 1
0.113 0.904 1
0.114 0.971 1
0.163 0.935 1
0.114 0.937 1
0.21 0.939 1
0.131 0.963 1
0.152 0.981 1
0.192 0.898 1
0.168 0.908 1
0.142 0.938 1
0.123 0.908 1
0.205 0.91 1
0.12 0.952 1
0.179 0.891 1
0.182 0.937 1
0.141 0.909 1
0.143 0.959 1
0.156 0.899 1
0.182 0.887 1
0.201 0.957 1
0.135 0.907 1
0.142 0.911 1
0.159 0.972 1
0.114 0.899 1
0.183 0.892 1
0.187 0.92 1
0.204 0.982 1
0.206 0.945 1
0.137 0.955 1
0.149 0.918 1
0.114 0.945 1
0.113 0.935 1
0.178 0.953 1
0.195 0.92 1
0.124 0.896 1
0.185 0.924 1
0.16 0.969 1
0.194 0.975 1
0.205 0.947 1
0.166 0.903 1
0.158 0.946 1
0.171 0.889 1
0.19 0.912 1
0.178 0.964 1
0.205 0.917 1
0.212 0.936 1
0.127 0.925 1
0.16 0.918 1
0.122 0.887 1
0.082 0.912 1
0.146 0.899 1
0.083 0.942 1
0.103 0.916 1
0.133 0.876 1
0.16 0.915 1
0.12 0.889 1
0.129 0.895 1
0.113 0.9 1
0.149 0.889 1
0.16 0.91 1
0.146 0.862 1
0.131 0.903 1
0.143 0.922 1
0.103 0.9 1
0.162 0.952 1
0.084 0.88 1
0.16 0.865 1
0.129 0.932 1
0.111 0.894 1
0.079 0.949 1
0.118 0.876 1
0.158 0.888 1
0.163 0.929 1
0.109 0.95 1
0.144 0.953 1
0.094 0.938 1
0.112 0.956 1
0.092 0.889 1
0.141 0.946 1
0.072 0.943 1
0.132 0.86 1
0.12 0.928 1
0.16 0.957 1
0.101 0.926 1
0.151 0.882 1
0.143 0.938 1
0.113 0.87 1
0.11 0.942 1
0.08 0.891 1
0.123 0.937 1
0.094 0.946 1
0.17 0.872 1
0.074 0.9 1
0.155 0.922 1
0.164 0.86 1
0.107 0.93 1
0.089 0.951 1
0.114 0.929 1
0.152 0.95 1
0.1 0.881 1
0.095 0.893 1
0.149 0.889 1
0.14 0.903 1
0.13 0.913 1
0.076 0.876 1
0.112 0.934 1
0.113 0.865 1
0.126 0.886 1
0.08 0.93 1
0.095 0.908 1
0.136 0.875 1
0.082 0.924 1
0.111 0.903 1
0.16 0.942 1
0.135 0.912 1
0.093 0.888 1
0.163 0.88 1
0.123 0.95 1
0.085 0.944 1
0.139 0.897 1
0.139 0.9 1
0.138 0.924 1
0.108 0.959 1
0.092 0.922 1
0.163 0.939 1
0.076 0.879 1
0.168 0.907 1
0.107 0.898 1
0.126 0.914 1
0.081 0.928 1
0.134 0.943 1
0.167 0.874 1
0.09 0.958 1
0.097 0.901 1
0.146 0.902 1
0.115 0.902 1
0.09 0.862 1
0.105 0.923 1
0.141 0.868 1
0.137 0.885 1
0.154 0.944 1
0.14 0.947 1
0.087 0.917 1
0.154 0.959 1
0.094 0.899 1
0.103 0.929 1
0.118 0.877 1
0.146 0.958 1
0.082 0.823 1
0.07 0.868 1
0.125 0.819 1
0.115 0.85 1
0.055 0.859 1
0.045 0.868 1
0.137 0.843 1
0.07 0.893 1
0.104 0.882 1
0.11 0.894 1
0.076 0.851 1
0.088 0.856 1
0.072 0.865 1
0.139 0.879 1
0.113 0.871 1
0.127 0.83 1
0.061 0.889 1
0.051 0.885 1
0.083 0.876 1
0.087 0.823 1
0.138 0.867 1
0.107 0.814 1
0.099 0.803 1
0.097 0.821 1
0.127 0.831 1
0.09 0.858 1
0.055 0.858 1
0.089 0.836 1
0.073 0.838 1
0.124 0.875 1
0.104 0.887 1
0.079 0.834 1
0.069 0.851 1
0.063 0.828 1
0.051 0.881 1
0.081 0.858 1
0.085 0.853 1
0.14 0.87 1
0.048 0.834 1
0.1 0.815 1
0.07 0.838 1
0.103 0.812 1
0.077 0.843 1
0.126 0.808 1
0.053 0.811 1
0.082 0.804 1
0.085 0.877 1
0.093 0.817 1
0.111 0.903 1
0.073 0.856 1
0.102 0.85 1
0.105 0.844 1
0.094 0.858 1
0.101 0.849 1
0.129 0.847 1
0.131 0.899 1
0.138 0.856 1
0.131 0.845 1
0.128 0.855 1
0.095 0.812 1
0.069 0.856 1
0.136 0.856 1
0.053 0.898 1
0.138 0.887 1
0.109 0.852 1
0.138 0.876 1
0.134 0.805 1
0.044 0.827 1
0.125 0.887 1
0.132 0.849 1
0.087 0.861 1
0.051 0.832 1
0.092 0.883 1
0.063 0.83 1
0.06 0.831 1
0.076 0.842 1
0.111 0.864 1
0.11 0.891 1
0.05 0.86 1
0.087 0.886 1
0.129 0.825 1
0.099 0.886 1
0.136 0.895 1
0.049 0.895 1
0.14 0.84 1
0.092 0.806 1
0.14 0.815 1
0.101 0.88 1
0.079 0.808 1
0.107 0.868 1
0.055 0.852 1
0.102 0.831 1
0.047 0.86 1
0.091 0.813 1
0.141 0.847 1
0.125 0.82 1
0.073 0.838 1
0.067 0.87 1
0.124 0.81 1
0.124 0.877 1
0.07 0.759 1
0.127 0.792 1
0.04 0.77 1
0.044 0.816 1
0.107 0.793 1
0.047 0.757 1
0.132 0.81 1
0.061 0.779 1
0.077 0.819 1
0.119 0.831 1
0.109 0.777 1
0.071 0.769 1
0.12 0.755 1
0.094 0.749 1
0.126 0.76 1
0.086 0.813 1
0.083 0.762 1
0.069 0.82 1
0.041 0.828 1
0.112 0.794 1
0.105 0.845 1
0.101 0.787 1
0.047 0.811 1
0.044 0.817 1
0.134 0.774 1
0.042 0.846 1
0.129 0.764 1
0.065 0.826 1
0.085 0.781 1
0.082 0.813 1
0.054 0.828 1
0.079 0.753 1
0.106 0.774 1
0.115 0.774 1
0.04 0.781 1
0.038 0.754 1
0.131 0.768 1
0.063 0.788 1
0.113 0.798 1
0.083 0.823 1
0.048 0.775 1
0.119 0.813 1
0.086 0.813 1
0.109 0.824 1
0.092 0.819 1
0.058 0.808 1
0.095 0.761 1
0.043 0.844 1
0.063 0.786 1
0.055 0.781 1
0.078 0.779 1
0.088 0.785 1
0.087 0.779 1
0.123 0.759 1
0.103 0.77 1
0.11 0.818 1
0.094 0.802 1
0.1 0.758 1
0.104 0.787 1
0.056 0.797 1
0.131 0.753 1
0.044 0.814 1
0.038 0.835 1
0.035 0.781 1
0.067 0.831 1
0.077 0.804 1
0.112 0.794 1
0.119 0.785 1
0.037 0.831 1
0.067 0.825 1
0.067 0.817 1
0.074 0.827 1
0.072 0.75 1
0.058 0.754 1
0.036 0.763 1
0.126 0.809 1
0.094 0.787 1
0.094 0.775 1
0.073 0.848 1
0.102 0.834 1
0.066 0.831 1
0.111 0.779 1
0.107 0.847 1
0.072 0.789 1
0.109 0.778 1
0.107 0.825 1
0.118 0.823 1
0.068 0.843 1
0.118 0.824 1
0.09 0.787 1
0.049 0.792 1
0.089 0.802 1
0.085 0.826 1
0.069 0.834 1
0.105 0.83 1
0.067 0.842 1
0.11 0.794 1
0.109 0.82 1
0.047 0.785 1
0.118 0.839 1
0.058 0.709 1
0.099 0.774 1
0.128 0.728 1
0.081 0.775 1
0.093 0.706 1
0.13 0.697 1
0.143 0.786 1
0.079 0.781 1
0.079 0.736 1
0.145 0.721 1
0.1 0.735 1
0.12 0.746 1
0.112 0.702 1
0.086 0.762 1
0.139 0.781 1
0.08 0.79 1
0.07 0.748 1
0.06 0.787 1
0.124 0.794 1
0.089 0.777 1
0.098 0.796 1
0.124 0.774 1
0.118 0.725 1
0.055 0.708 1
0.054 0.71 1
0.135 0.747 1
0.063 0.722 1
0.094 0.743 1
0.073 0.774 1
0.071 0.753 1
0.127 0.75 1
0.076 0.722 1
0.103 0.711 1
0.143 0.71 1
0.133 0.714 1
0.135 0.717 1
0.055 0.698 1
0.126 0.74 1
0.056 0.698 1
0.152 0.736 1
0.056 0.736 1
0.07 0.775 1
0.063 0.711 1
0.06 0.775 1
0.137 0.72 1
0.072 0.721 1
0.109 0.787 1
0.062 0.714 1
0.093 0.781 1
0.14 0.742 1
0.095 0.797 1
0.14 0.702 1
0.143 0.726 1
0.153 0.719 1
0.13 0.768 1
0.075 0.777 1
0.096 0.758 1
0.105 0.786 1
0.103 0.715 1
0.08 0.734 1
0.094 0.723 1
0.117 0.776 1
0.119 0.768 1
0.105 0.74 1
0.119 0.732 1
0.148 0.698 1
0.136 0.767 1
0.111 0.755 1
0.128 0.747 1
0.154 0.713 1
0.08 0.746 1
0.125 0.75 1
0.137 0.707 1
0.078 0.75 1
0.06 0.745 1
0.114 0.772 1
0.086 0.701 1
0.153 0.766 1
0.137 0.745 1
0.145 0.734 1
0.101 0.7 1
0.101 0.754 1
0.097 0.708 1
0.058 0.714 1
0.055 0.701 1
0.058 0.701 1
0.11 0.738 1
0.081 0.743 1
0.107 0.757 1
0.096 0.711 1
0.14 0.703 1
0.06 0.77 1
0.12 0.755 1
0.152 0.744 1
0.063 0.742 1
0.146 0.704 1
0.105 0.768 1
0.075 0.724 1
0.127 0.759 1
0.07 0.699 1
0.176 0.746 1
0.163 0.673 1
0.191 0.729 1
0.132 0.737 1
0.155 0.74 1
0.192 0.686 1
0.102 0.742 1
0.132 0.726 1
0.156 0.683 1
0.116 0.747 1
0.186 0.742 1
0.171 0.702 1
0.109 0.75 1
0.097 0.715 1
0.167 0.673 1
0.155 0.748 1
0.166 0.752 1
0.127 0.7 1
0.141 0.677 1
0.12 0.735 1
0.157 0.67 1
0.163 0.669 1
0.153 0.685 1
0.113 0.669 1
0.166 0.67 1
0.098 0.733 1
0.185 0.697 1
0.171 0.684 1
0.187 0.752 1
0.171 0.745 1
0.137 0.693 1
0.19 0.702 1
0.121 0.737 1
0.181 0.702 1
0.159 0.668 1
0.188 0.677 1
0.1 0.703 1
0.168 0.713 1
0.171 0.734 1
0.116 0.716 1
0.123 0.682 1
0.113 0.698 1
0.094 0.713 1
0.173 0.667 1
0.114 0.705 1
0.144 0.685 1
0.179 0.674 1
0.133 0.76 1
0.171 0.735 1
0.107 0.678 1
0.121 0.687 1
0.13 0.707 1
0.147 0.743 1
0.133 0.699 1
0.148 0.709 1
0.179 0.692 1
0.173 0.7 1
0.186 0.665 1
0.124 0.729 1
0.125 0.726 1
0.097 0.737 1
0.109 0.678 1
0.147 0.732 1
0.161 0.714 1
0.148 0.7 1
0.107 0.736 1
0.18 0.753 1
0.098 0.758 1
0.128 0.76 1
0.176 0.748 1
0.171 0.681 1
0.097 0.751 1
0.098 0.67 1
0.104 0.73 1
0.145 0.731 1
0.174 0.682 1
0.159 0.72 1
0.16 0.75 1
0.138 0.7 1
0.125 0.734 1
0.11 0.726 1
0.097 0.671 1
0.148 0.686 1
0.098 0.669 1
0.131 0.701 1
0.151 0.685 1
0.147 0.675 1
0.113 0.736 1
0.128 0.696 1
0.113 0.744 1
0.172 0.689 1
0.169 0.704 1
0.148 0.747 1
0.183 0.679 1
0.134 0.707 1
0.141 0.662 1
0.103 0.706 1
0.185 0.671 1
0.191 0.709 1
0.123 0.679 1
0.225 0.763 1
0.144 0.728 1
0.151 0.736 1
0.228 0.747 1
0.23 0.743 1
0.213 0.716 1
0.224 0.731 1
0.205 0.79 1
0.193 0.735 1
0.209 0.714 1
0.222 0.764 1
0.219 0.799 1
0.235 0.789 1
0.221 0.709 1
0.204 0.728 1
0.177 0.706 1
0.159 0.789 1
0.198 0.722 1
0.142 0.794 1
0.171 0.747 1
0.165 0.781 1
0.234 0.766 1
0.234 0.75 1
0.2 0.802 1
0.154 0.764 1
0.155 0.715 1
0.202 0.772 1
0.215 0.79 1
0.172 0.804 1
0.174 0.744 1
0.233 0.708 1
0.214 0.802 1
0.149 0.794 1
0.2 0.797 1
0.2 0.707 1
0.229 0.727 1
0.173 0.737 1
0.232 0.711 1
0.183 0.777 1
0.153 0.735 1
0.214 0.789 1
0.191 0.75 1
0.23 0.754 1
0.142 0.752 1
0.21 0.726 1
0.208 0.765 1
0.144 0.719 1
0.212 0.744 1
0.211 0.756 1
0.164 0.72 1
0.242 0.711 1
0.197 0.764 1
0.212 0.779 1
0.174 0.77 1
0.201 0.792 1
0.183 0.773 1
0.231 0.746 1
0.167 0.725 1
0.214 0.768 1
0.179 0.713 1
0.156 0.734 1
0.191 0.785 1
0.212 0.706 1
0.205 0.803 1
0.242 0.763 1
0.198 0.768 1
0.199 0.733 1
0.227 0.747 1
0.185 0.737 1
0.216 0.75 1
0.153 0.789 1
0.147 0.767 1
0.197 0.754 1
0.224 0.776 1
0.191 0.791 1
0.201 0.755 1
0.222 0.776 1
0.207 0.747 1
0.239 0.719 1
0.161 0.749 1
0.22 0.804 1
0.142 0.715 1
0.193 0.715 1
0.148 0.752 1
0.181 0.715 1
0.224 0.724 1
0.188 0.729 1
0.142 0.71 1
0.177 0.71 1
0.242 0.782 1
0.18 0.714 1
0.203 0.788 1
0.2 0.779 1
0.197 0.748 1
0.232 0.797 1
0.178 0.738 1
0.158 0.77 1
0.147 0.738 1
0.171 0.783 1
0.171 0.775 1
0.235 0.8 1
0.174 0.79 1
0.166 0.832 1
0.167 0.826 1
0.236 0.839 1
0.215 0.807 1
0.171 0.788 1
0.164 0.833 1
0.169 0.835 1
0.239 0.834 1
0.244 0.778 1
0.189 0.825 1
0.162 0.837 1
0.224 0.809 1
0.222 0.858 1
0.168 0.86 1
0.196 0.83 1
0.214 0.837 1
0.234 0.838 1
0.193 0.794 1
0.201 0.798 1
0.256 0.788 1
0.177 0.826 1
0.226 0.857 1
0.197 0.87 1
0.2 0.835 1
0.173 0.79 1
0.182 0.854 1
0.207 0.868 1
0.158 0.792 1
0.223 0.816 1
0.212 0.853 1
0.229 0.843 1
0.214 0.832 1
0.174 0.854 1
0.185 0.858 1
0.213 0.817 1
0.223 0.811 1
0.19 0.827 1
0.226 0.835 1
0.24 0.846 1
0.194 0.841 1
0.198 0.863 1
0.205 0.838 1
0.257 0.809 1
0.17 0.829 1
0.221 0.875 1
0.167 0.826 1
0.184 0.845 1
0.191 0.855 1
0.203 0.823 1
0.252 0.831 1
0.197 0.849 1
0.254 0.874 1
0.169 0.796 1
0.216 0.866 1
0.204 0.824 1
0.237 0.858 1
0.174 0.82 1
0.216 0.859 1
0.241 0.807 1
0.191 0.78 1
0.218 0.872 1
0.255 0.867 1
0.198 0.86 1
0.24 0.818 1
0.224 0.828 1
0.242 0.865 1
0.186 0.828 1
0.182 0.779 1
0.235 0.839 1
0.21 0.863 1
0.213 0.877 1
0.228 0.827 1
0.16 0.842 1
0.163 0.807 1
0.247 0.857 1
0.232 0.787 1
0.164 0.872 1
0.164 0.793 1
0.214 0.857 1
0.192 0.786 1
0.167 0.811 1
0.171 0.824 1
0.224 0.877 1
0.204 0.845 1
0.214 0.805 1
0.176 0.811 1
0.243 0.862 1
0.166 0.804 1
0.162 0.835 1
0.214 0.841 1
0.215 0.8 1
0.253 0.795 1
0.223 0.782 1
0.186 0.804 1
0.179 0.789 1
0.169 0.875 1
0.18 0.863 1
0.216 0.821 1
0.145 0.741 1
0.201 0.749 1
0.138 0.785 1
0.169 0.788 1
0.126 0.815 1
0.18 0.768 1
0.134 0.833 1
0.169 0.75 1
0.188 0.835 1
0.137 0.808 1
0.16 0.822 1
0.212 0.818 1
0.197 0.76 1
0.207 0.741 1
0.149 0.819 1
0.175 0.782 1
0.206 0.773 1
0.133 0.758 1
0.138 0.839 1
0.209 0.814 1
0.173 0.772 1
0.124 0.779 1
0.212 0.821 1
0.147 0.828 1
0.184 0.78 1
0.186 0.765 1
0.177 0.777 1
0.147 0.744 1
0.19 0.783 1
0.139 0.823 1
0.212 0.834 1
0.135 0.821 1
0.159 0.795 1
0.163 0.78 1
0.2 0.794 1
0.138 0.742 1
0.193 0.835 1
0.196 0.755 1
0.169 0.767 1
0.135 0.838 1
0.152 0.779 1
0.145 0.766 1
0.176 0.742 1
0.132 0.779 1
0.147 0.791 1
0.135 0.742 1
0.153 0.806 1
0.194 0.8 1
0.215 0.803 1
0.161 0.748 1
0.204 0.836 1
0.149 0.806 1
0.172 0.839 1
0.154 0.786 1
0.174 0.821 1
0.194 0.772 1
0.209 0.839 1
0.154 0.76 1
0.179 0.748 1
0.131 0.786 1
0.136 0.773 1
0.126 0.773 1
0.206 0.767 1
0.208 0.76 1
0.182 0.779 1
0.158 0.755 1
0.167 0.836 1
0.153 0.827 1
0.197 0.81 1
0.201 0.837 1
0.189 0.761 1
0.14 0.743 1
0.173 0.795 1
0.182 0.836 1
0.209 0.808 1
0.179 0.764 1
0.152 0.75 1
0.209 0.783 1
0.132 0.824 1
0.184 0.789 1
0.186 0.768 1
0.19 0.839 1
0.149 0.787 1
0.212 0.83 1
0.193 0.783 1
0.153 0.817 1
0.138 0.831 1
0.213 0.828 1
0.16 0.811 1
0.193 0.757 1
0.13 0.744 1
0.203 0.823 1
0.195 0.806 1
0.15 0.788 1
0.14 0.801 1
0.187 0.751 1
0.178 0.795 1
0.168 0.775 1
0.205 0.801 1
0.13 0.75 1
0.175 0.742 1
0.133 0.763 1
0.148 0.715 1
0.133 0.695 1
0.156 0.739 1
0.193 0.735 1
0.098 0.719 1
0.132 0.763 1
0.112 0.709 1
0.151 0.724 1
0.152 0.766 1
0.179 0.718 1
0.16 0.7 1
0.114 0.765 1
0.192 0.743 1
0.122 0.691 1
0.127 0.739 1
0.106 0.727 1
0.158 0.73 1
0.154 0.737 1
0.194 0.745 1
0.119 0.739 1
0.106 0.68 1
0.116 0.694 1
0.121 0.745 1
0.182 0.701 1
0.134 0.678 1
0.182 0.759 1
0.133 0.768 1
0.153 0.765 1
0.179 0.768 1
0.137 0.679 1
0.126 0.76 1
0.163 0.682 1
0.158 0.757 1
0.149 0.737 1
0.114 0.719 1
0.131 0.699 1
0.114 0.701 1
0.149 0.7 1
0.18 0.755 1
0.156 0.701 1
0.182 0.691 1
0.126 0.714 1
0.168 0.709 1
0.16 0.771 1
0.134 0.743 1
0.116 0.728 1
0.138 0.714 1
0.148 0.728 1
0.155 0.742 1
0.193 0.752 1
0.105 0.724 1
0.144 0.714 1
0.163 0.706 1
0.16 0.726 1
0.096 0.717 1
0.116 0.69 1
0.098 0.752 1
0.176 0.749 1
0.171 0.712 1
0.1 0.729 1
0.107 0.688 1
0.11 0.727 1
0.118 0.701 1
0.196 0.705 1
0.097 0.708 1
0.155 0.679 1
0.162 0.723 1
0.181 0.733 1
0.105 0.683 1
0.138 0.767 1
0.105 0.673 1
0.14 0.75 1
0.113 0.708 1
0.163 0.743 1
0.185 0.751 1
0.19 0.757 1
0.127 0.679 1
0.171 0.693 1
0.189 0.75 1
0.108 0.716 1
0.12 0.771 1
0.172 0.733 1
0.192 0.681 1
0.151 0.77 1
0.114 0.768 1
0.166 0.692 1
0.108 0.747 1
0.115 0.698 1
0.149 0.753 1
0.162 0.702 1
0.163 0.708 1
0.115 0.703 1
0.17 0.688 1
0.16 0.735 1
0.142 0.683 1
0.11 0.672 1
0.159 0.73 1
0.174 0.757 1
0.13 0.675 1
0.192 0.685 1
0.192 0.671 1
0.167 0.628 1
0.119 0.67 1
0.132 0.68 1
0.149 0.681 1
0.196 0.595 1
0.142 0.676 1
0.14 0.621 1
0.132 0.595 1
0.154 0.656 1
0.136 0.613 1
0.166 0.662 1
0.15 0.624 1
0.187 0.64 1
0.147 0.589 1
0.161 0.639 1
0.131 0.659 1
0.114 0.68 1
0.156 0.687 1
0.112 0.623 1
0.121 0.607 1
0.119 0.672 1
0.191 0.612 1
0.105 0.621 1
0.103 0.613 1
0.166 0.686 1
0.145 0.637 1
0.163 0.59 1
0.136 0.637 1
0.133 0.673 1
0.157 0.603 1
0.133 0.647 1
0.119 0.627 1
0.164 0.614 1
0.171 0.619 1
0.132 0.615 1
0.168 0.624 1
0.106 0.614 1
0.099 0.603 1
0.148 0.67 1
0.155 0.66 1
0.161 0.687 1
0.154 0.687 1
0.138 0.597 1
0.102 0.673 1
0.183 0.596 1
0.157 0.604 1
0.151 0.645 1
0.192 0.626 1
0.175 0.674 1
0.116 0.651 1
0.176 0.677 1
0.152 0.656 1
0.16 0.595 1
0.135 0.613 1
0.189 0.663 1
0.108 0.589 1
0.1 0.662 1
0.124 0.638 1
0.104 0.673 1
0.136 0.619 1
0.16 0.619 1
0.136 0.611 1
0.153 0.596 1
0.167 0.594 1
0.123 0.59 1
0.097 0.64 1
0.115 0.59 1
0.118 0.638 1
0.116 0.594 1
0.166 0.612 1
0.111 0.653 1
0.166 0.68 1
0.149 0.614 1
0.156 0.672 1
0.137 0.592 1
0.166 0.597 1
0.13 0.682 1
0.187 0.599 1
0.109 0.624 1
0.125 0.658 1
0.184 0.618 1
0.097 0.642 1
0.187 0.592 1
0.118 0.667 1
0.126 0.612 1
0.133 0.653 1
0.181 0.592 1
0.097 0.672 1
0.1 0.629 1
0.185 0.685 1
0.125 0.62 1
0.185 0.597 1
0.15 0.658 1
0.117 0.686 1
0.144 0.683 1
0.183 0.622 1
0.152 0.606 1
0.123 0.617 1
0.188 0.621 1
0.186 0.59 1
0.146 0.552 1
0.101 0.59 1
0.172 0.584 1
0.139 0.571 1
0.1 0.559 1
0.113 0.546 1
0.119 0.596 1
0.17 0.633 1
0.113 0.6 1
0.141 0.604 1
0.124 0.567 1
0.168 0.614 1
0.17 0.613 1
0.1 0.575 1
0.107 0.574 1
0.16 0.534 1
0.146 0.629 1
0.11 0.538 1
0.159 0.575 1
0.162 0.601 1
0.116 0.542 1
0.123 0.568 1
0.154 0.544 1
0.196 0.621 1
0.183 0.551 1
0.16 0.633 1
0.184 0.574 1
0.158 0.566 1
0.144 0.581 1
0.11 0.598 1
0.146 0.542 1
0.112 0.604 1
0.103 0.627 1
0.133 0.545 1
0.168 0.568 1
0.194 0.539 1
0.129 0.602 1
0.18 0.595 1
0.147 0.618 1
0.168 0.608 1
0.101 0.597 1
0.098 0.545 1
0.098 0.563 1
0.131 0.533 1
0.185 0.607 1
0.1 0.614 1
0.17 0.629 1
0.179 0.566 1
0.148 0.581 1
0.117 0.575 1
0.16 0.555 1
0.11 0.632 1
0.103 0.559 1
0.142 0.559 1
0.122 0.599 1
0.107 0.61 1
0.146 0.617 1
0.163 0.597 1
0.193 0.555 1
0.192 0.564 1
0.101 0.623 1
0.153 0.613 1
0.12 0.581 1
0.134 0.624 1
0.108 0.583 1
0.136 0.579 1
0.132 0.577 1
0.161 0.578 1
0.113 0.598 1
0.122 0.585 1
0.145 0.547 1
0.162 0.587 1
0.12 0.61 1
0.144 0.565 1
0.156 0.573 1
0.153 0.573 1
0.142 0.615 1
0.17 0.617 1
0.111 0.606 1
0.157 0.579 1
0.111 0.622 1
0.147 0.623 1
0.137 0.559 1
0.137 0.603 1
0.154 0.598 1
0.184 0.603 1
0.117 0.591 1
0.119 0.556 1
0.188 0.631 1
0.179 0.589 1
0.1 0.55 1
0.117 0.591 1
0.157 0.595 1
0.159 0.614 1
0.131 0.601 1
0.107 0.61 1
0.1 0.574 1
0.126 0.411 1
0.187 0.415 1
0.173 0.437 1
0.155 0.444 1
0.124 0.417 1
0.138 0.427 1
0.192 0.391 1
0.18 0.404 1
0.193 0.384 1
0.138 0.414 1
0.165 0.369 1
0.204 0.43 1
0.11 0.374 1
0.167 0.402 1
0.138 0.402 1
0.187 0.439 1
0.129 0.368 1
0.128 0.447 1
0.203 0.419 1
0.163 0.43 1
0.179 0.43 1
0.135 0.444 1
0.107 0.387 1
0.195 0.35 1
0.131 0.423 1
0.162 0.378 1
0.198 0.356 1
0.135 0.399 1
0.112 0.43 1
0.195 0.369 1
0.174 0.419 1
0.165 0.398 1
0.17 0.365 1
0.173 0.364 1
0.183 0.431 1
0.182 0.428 1
0.131 0.425 1
0.123 0.408 1
0.171 0.396 1
0.126 0.37 1
0.158 0.387 1
0.112 0.381 1
0.158 0.407 1
0.173 0.383 1
0.136 0.384 1
0.151 0.422 1
0.113 0.438 1
0.13 0.443 1
0.172 0.372 1
0.104 0.381 1
0.117 0.394 1
0.185 0.381 1
0.129 0.404 1
0.184 0.373 1
0.175 0.442 1
0.166 0.352 1
0.204 0.39 1
0.165 0.364 1
0.166 0.392 1
0.184 0.383 1
0.14 0.44 1
0.138 0.412 1
0.191 0.404 1
0.118 0.442 1
0.115 0.447 1
0.126 0.35 1
0.119 0.407 1
0.171 0.427 1
0.196 0.421 1
0.174 0.348 1
0.165 0.412 1
0.175 0.35 1
0.154 0.434 1
0.116 0.396 1
0.202 0.441 1
0.11 0.438 1
0.174 0.38 1
0.154 0.389 1
0.163 0.378 1
0.145 0.403 1
0.11 0.406 1
0.138 0.362 1
0.204 0.442 1
0.144 0.4 1
0.166 0.441 1
0.127 0.433 1
0.156 0.406 1
0.104 0.421 1
0.107 0.365 1
0.191 0.413 1
0.128 0.405 1
0.119 0.436 1
0.12 0.393 1
0.18 0.385 1
0.142 0.359 1
0.127 0.442 1
0.204 0.431 1
0.106 0.409 1
0.174 0.42 1
0.163 0.425 1
0.172 0.323 1
0.189 0.319 1
0.159 0.379 1
0.209 0.392 1
0.197 0.367 1
0.206 0.379 1
0.173 0.34 1
0.113 0.401 1
0.211 0.387 1
0.137 0.318 1
0.159 0.315 1
0.204 0.311 1
0.131 0.366 1
0.18 0.306 1
0.175 0.347 1
0.146 0.384 1
0.121 0.306 1
0.165 0.366 1
0.21 0.315 1
0.112 0.394 1
0.205 0.317 1
0.158 0.326 1
0.141 0.375 1
0.134 0.307 1
0.122 0.324 1
0.135 0.369 1
0.176 0.381 1
0.196 0.392 1
0.111 0.38 1
0.161 0.367 1
0.151 0.362 1
0.121 0.362 1
0.135 0.323 1
0.204 0.32 1
0.208 0.317 1
0.116 0.353 1
0.17 0.339 1
0.134 0.31 1
0.155 0.384 1
0.171 0.327 1
0.144 0.316 1
0.127 0.358 1
0.211 0.322 1
0.13 0.359 1
0.158 0.393 1
0.175 0.38 1
0.139 0.355 1
0.158 0.387 1
0.159 0.356 1
0.113 0.349 1
0.136 0.375 1
0.183 0.346 1
0.118 0.336 1
0.167 0.35 1
0.202 0.312 1
0.199 0.359 1
0.173 0.321 1
0.115 0.339 1
0.139 0.397 1
0.152 0.319 1
0.125 0.35 1
0.158 0.35 1
0.111 0.326 1
0.198 0.336 1
0.125 0.39 1
0.197 0.33 1
0.173 0.391 1
0.164 0.386 1
0.128 0.309 1
0.117 0.33 1
0.158 0.34 1
0.155 0.34 1
0.209 0.34 1
0.147 0.352 1
0.198 0.384 1
0.121 0.342 1
0.151 0.339 1
0.15 0.315 1
0.167 0.354 1
0.139 0.361 1
0.116 0.392 1
0.163 0.333 1
0.16 0.359 1
0.121 0.306 1
0.167 0.347 1
0.176 0.379 1
0.125 0.378 1
0.12 0.381 1
0.133 0.368 1
0.114 0.375 1
0.179 0.369 1
0.151 0.338 1
0.127 0.324 1
0.193 0.378 1
0.123 0.325 1
0.181 0.316 1
0.122 0.395 1
0.131 0.399 1
0.131 0.336 1
0.15 0.36 1
0.155 0.522 1
0.207 0.476 1
0.138 0.569 1
0.122 0.545 1
0.144 0.546 1
0.183 0.509 1
0.133 0.515 1
0.139 0.558 1
0.126 0.526 1
0.207 0.517 1
0.161 0.517 1
0.162 0.499 1
0.182 0.533 1
0.161 0.532 1
0.202 0.548 1
0.184 0.572 1
0.112 0.55 1
0.2 0.538 1
0.142 0.568 1
0.196 0.563 1
0.165 0.544 1
0.168 0.487 1
0.148 0.484 1
0.147 0.503 1
0.184 0.554 1
0.181 0.54 1
0.204 0.505 1
0.168 0.537 1
0.197 0.491 1
0.131 0.484 1
0.209 0.545 1
0.204 0.482 1
0.13 0.477 1
0.146 0.522 1
0.177 0.513 1
0.186 0.499 1
0.171 0.57 1
0.143 0.474 1
0.122 0.521 1
0.139 0.494 1
0.153 0.517 1
0.168 0.549 1
0.182 0.499 1
0.195 0.523 1
0.165 0.507 1
0.134 0.545 1
0.116 0.559 1
0.205 0.475 1
0.192 0.572 1
0.124 0.515 1
0.145 0.538 1
0.146 0.534 1
0.148 0.476 1
0.207 0.51 1
0.125 0.569 1
0.113 0.555 1
0.13 0.527 1
0.189 0.514 1
0.209 0.502 1
0.158 0.54 1
0.136 0.503 1
0.128 0.527 1
0.132 0.493 1
0.199 0.534 1
0.123 0.536 1
0.185 0.567 1
0.149 0.562 1
0.169 0.474 1
0.154 0.561 1
0.176 0.499 1
0.149 0.565 1
0.162 0.529 1
0.207 0.528 1
0.133 0.494 1
0.166 0.533 1
0.201 0.56 1
0.115 0.526 1
0.143 0.482 1
0.201 0.513 1
0.209 0.485 1
0.157 0.506 1
0.21 0.537 1
0.118 0.56 1
0.176 0.572 1
0.159 0.548 1
0.202 0.555 1
0.119 0.566 1
0.176 0.492 1
0.12 0.531 1
0.138 0.472 1
0.195 0.572 1
0.157 0.535 1
0.16 0.554 1
0.114 0.521 1
0.21 0.526 1
0.207 0.562 1
0.118 0.473 1
0.144 0.492 1
0.201 0.474 1
0.136 0.559 1
0.206 0.538 1
0.186 0.509 1
0.114 0.567 1
0.148 0.559 1
0.151 0.508 1
0.17 0.555 1
0.205 0.524 1
0.161 0.549 1
0.181 0.483 1
0.112 0.513 1
0.124 0.547 1
0.139 0.523 1
0.207 0.493 1
0.18 0.574 1
0.126 0.543 1
0.197 0.553 1
0.144 0.531 1
0.192 0.519 1
0.171 0.54 1
0.167 0.501 1
0.202 0.557 1
0.14 0.49 1
0.195 0.529 1
0.136 0.527 1
0.175 0.499 1
0.135 0.568 1
0.193 0.553 1
0.112 0.504 1
0.112 0.499 1
0.126 0.553 1
0.189 0.543 1
0.18 0.485 1
0.177 0.528 1
0.13 0.581 1
0.132 0.541 1
0.182 0.489 1
0.162 0.511 1
0.157 0.509 1
0.152 0.506 1
0.135 0.517 1
0.14 0.544 1
0.138 0.49 1
0.125 0.508 1
0.182 0.484 1
0.127 0.504 1
0.162 0.542 1
0.166 0.534 1
0.115 0.518 1
0.126 0.524 1
0.186 0.55 1
0.181 0.511 1
0.138 0.493 1
0.124 0.571 1
0.146 0.504 1
0.14 0.502 1
0.17 0.563 1
0.117 0.522 1
0.117 0.55 1
0.166 0.568 1
0.157 0.575 1
0.207 0.487 1
0.196 0.494 1
0.158 0.506 1
0.143 0.488 1
0.13 0.512 1
0.155 0.519 1
0.183 0.504 1
0.162 0.561 1
0.117 0.565 1
0.143 0.537 1
0.178 0.498 1
0.18 0.558 1
0.12 0.492 1
0.138 0.541 1
0.209 0.548 1
0.116 0.487 1
0.113 0.583 1
0.173 0.551 1
0.119 0.547 1
0.201 0.489 1
0.162 0.496 1
0.153 0.576 1
0.14 0.518 1
0.16 0.56 1
0.161 0.527 1
0.114 0.525 1
0.166 0.563 1
0.206 0.522 1
0.153 0.488 1
0.134 0.545 1
0.166 0.523 1
0.193 0.51 1
0.172 0.557 1
0.171 0.495 1
0.137 0.528 1
0.201 0.564 1
0.123 0.564 1
0.148 0.573 1
0.201 0.53 1
0.175 0.562 1
0.197 0.373 1
0.147 0.332 1
0.118 0.332 1
0.172 0.408 1
0.198 0.386 1
0.174 0.406 1
0.203 0.413 1
0.132 0.393 1
0.189 0.361 1
0.12 0.397 1
0.162 0.369 1
0.131 0.398 1
0.171 0.377 1
0.178 0.431 1
0.146 0.349 1
0.109 0.378 1
0.203 0.404 1
0.172 0.422 1
0.117 0.408 1
0.14 0.389 1
0.19 0.391 1
0.113 0.371 1
0.176 0.39 1
0.181 0.338 1
0.149 0.431 1
0.16 0.378 1
0.117 0.385 1
0.133 0.358 1
0.119 0.385 1
0.139 0.34 1
0.181 0.336 1
0.197 0.342 1
0.156 0.388 1
0.168 0.426 1
0.127 0.426 1
0.145 0.367 1
0.141 0.391 1
0.177 0.36 1
0.204 0.398 1
0.14 0.343 1
0.187 0.418 1
0.194 0.396 1
0.13 0.41 1
0.107 0.415 1
0.113 0.332 1
0.141 0.4 1
0.136 0.422 1
0.13 0.357 1
0.196 0.421 1
0.14 0.372 1
0.143 0.39 1
0.123 0.345 1
0.119 0.349 1
0.148 0.43 1
0.158 0.374 1
0.136 0.365 1
0.196 0.338 1
0.193 0.422 1
0.194 0.416 1
0.198 0.355 1
0.107 0.401 1
0.203 0.357 1
0.192 0.38 1
0.194 0.381 1
0.156 0.355 1
0.195 0.379 1
0.151 0.424 1
0.168 0.347 1
0.113 0.427 1
0.143 0.362 1
0.179 0.381 1
0.149 0.345 1
0.185 0.347 1
0.167 0.425 1
0.115 0.405 1
0.136 0.365 1
0.13 0.42 1
0.144 0.378 1
0.142 0.39 1
0.123 0.378 1
0.114 0.396 1
0.148 0.409 1
0.115 0.376 1
0.114 0.344 1
0.168 0.426 1
0.145 0.344 1
0.158 0.357 1
0.122 0.422 1
0.144 0.415 1
0.109 0.331 1
0.172 0.363 1
0.112 0.36 1
0.122 0.427 1
0.154 0.412 1
0.153 0.425 1
0.185 0.362 1
0.19 0.413 1
0.198 0.405 1
0.195 0.391 1
0.178 0.343 1
0.129 0.286 1
0.147 0.353 1
0.169 0.343 1
0.134 0.319 1
0.148 0.336 1
0.122 0.33 1
0.166 0.279 1
0.154 0.326 1
0.149 0.297 1
0.215 0.346 1
0.125 0.324 1
0.122 0.332 1
0.203 0.282 1
0.169 0.283 1
0.203 0.286 1
0.122 0.314 1
0.159 0.28 1
0.117 0.316 1
0.202 0.275 1
0.203 0.328 1
0.154 0.318 1
0.16 0.345 1
0.205 0.279 1
0.201 0.285 1
0.173 0.337 1
0.169 0.319 1
0.156 0.346 1
0.118 0.284 1
0.117 0.354 1
0.173 0.314 1
0.199 0.267 1
0.116 0.328 1
0.117 0.287 1
0.193 0.297 1
0.148 0.308 1
0.158 0.32 1
0.146 0.304 1
0.153 0.314 1
0.153 0.293 1
0.163 0.351 1
0.16 0.279 1
0.158 0.304 1
0.134 0.346 1
0.196 0.334 1
0.141 0.27 1
0.197 0.274 1
0.123 0.343 1
0.205 0.28 1
0.122 0.274 1
0.125 0.342 1
0.19 0.306 1
0.203 0.291 1
0.17 0.27 1
0.188 0.313 1
0.175 0.325 1
0.117 0.33 1
0.123 0.3 1
0.135 0.264 1
0.196 0.298 1
0.162 0.265 1
0.203 0.261 1
0.15 0.336 1
0.199 0.346 1
0.157 0.278 1
0.149 0.281 1
0.168 0.258 1
0.144 0.309 1
0.21 0.301 1
0.124 0.341 1
0.134 0.329 1
0.183 0.282 1
0.179 0.278 1
0.21 0.337 1
0.156 0.346 1
0.149 0.353 1
0.116 0.302 1
0.122 0.302 1
0.184 0.281 1
0.187 0.272 1
0.129 0.324 1
0.117 0.289 1
0.17 0.316 1
0.126 0.34 1
0.116 0.316 1
0.202 0.321 1
0.206 0.269 1
0.196 0.272 1
0.156 0.342 1
0.138 0.305 1
0.116 0.289 1
0.183 0.297 1
0.14 0.26 1
0.139 0.346 1
0.129 0.295 1
0.161 0.273 1
0.139 0.298 1
0.161 0.264 1
0.121 0.333 1
0.146 0.289 1
0.182 0.346 1
0.177 0.224 1
0.215 0.264 1
0.249 0.2 1
0.244 0.226 1
0.231 0.229 1
0.178 0.267 1
0.22 0.19 1
0.159 0.225 1
0.187 0.233 1
0.192 0.193 1
0.189 0.251 1
0.244 0.192 1
0.228 0.213 1
0.203 0.194 1
0.192 0.252 1
0.208 0.273 1
0.193 0.212 1
0.171 0.22 1
0.168 0.229 1
0.179 0.19 1
0.218 0.246 1
0.162 0.269 1
0.207 0.21 1
0.213 0.203 1
0.224 0.265 1
0.195 0.272 1
0.173 0.209 1
0.188 0.261 1
0.176 0.27 1
0.163 0.235 1
0.238 0.183 1
0.217 0.249 1
0.211 0.199 1
0.21 0.258 1
0.239 0.18 1
0.176 0.265 1
0.182 0.186 1
0.192 0.179 1
0.177 0.187 1
0.202 0.227 1
0.25 0.265 1
0.19 0.244 1
0.158 0.194 1
0.237 0.26 1
0.189 0.211 1
0.156 0.204 1
0.193 0.234 1
0.234 0.238 1
0.16 0.265 1
0.153 0.253 1
0.239 0.252 1
0.182 0.233 1
0.218 0.238 1
0.247 0.26 1
0.156 0.182 1
0.241 0.219 1
0.204 0.208 1
0.23 0.231 1
0.193 0.248 1
0.213 0.231 1
0.205 0.227 1
0.215 0.204 1
0.241 0.207 1
0.218 0.268 1
0.246 0.212 1
0.194 0.193 1
0.172 0.253 1
0.248 0.262 1
0.217 0.271 1
0.217 0.274 1
0.212 0.202 1
0.164 0.222 1
0.175 0.277 1
0.245 0.239 1
0.218 0.197 1
0.164 0.262 1
0.199 0.255 1
0.223 0.207 1
0.217 0.205 1
0.184 0.25 1
0.165 0.193 1
0.155 0.226 1
0.201 0.264 1
0.19 0.274 1
0.2 0.202 1
0.196 0.187 1
0.181 0.206 1
0.211 0.224 1
0.199 0.256 1
0.183 0.214 1
0.201 0.266 1
0.21 0.188 1
0.19 0.227 1
0.154 0.274 1
0.19 0.236 1
0.23 0.271 1
0.184 0.189 1
0.241 0.221 1
0.218 0.238 1
0.166 0.19 1
0.268 0.158 1
0.223 0.182 1
0.25 0.11 1
0.269 0.175 1
0.25 0.128 1
0.27 0.116 1
0.218 0.152 1
0.289 0.131 1
0.273 0.167 1
0.274 0.147 1
0.278 0.202 1
0.316 0.122 1
0.242 0.149 1
0.294 0.175 1
0.275 0.155 1
0.237 0.112 1
0.268 0.115 1
0.225 0.115 1
0.315 0.14 1
0.232 0.15 1
0.248 0.136 1
0.217 0.167 1
0.287 0.142 1
0.267 0.179 1
0.314 0.144 1
0.308 0.186 1
0.313 0.13 1
0.278 0.148 1
0.281 0.13 1
0.309 0.139 1
0.216 0.113 1
0.227 0.191 1
0.313 0.125 1
0.261 0.2 1
0.297 0.126 1
0.282 0.108 1
0.299 0.172 1
0.236 0.178 1
0.307 0.18 1
0.249 0.109 1
0.239 0.127 1
0.233 0.173 1
0.31 0.172 1
0.288 0.125 1
0.265 0.147 1
0.312 0.184 1
0.265 0.147 1
0.271 0.138 1
0.231 0.167 1
0.315 0.129 1
0.275 0.183 1
0.292 0.166 1
0.258 0.155 1
0.314 0.19 1
0.278 0.111 1
0.238 0.119 1
0.218 0.158 1
0.28 0.148 1
0.271 0.112 1
0.302 0.158 1
0.269 0.167 1
0.261 0.188 1
0.279 0.129 1
0.299 0.154 1
0.305 0.151 1
0.258 0.174 1
0.22 0.109 1
0.243 0.126 1
0.277 0.165 1
0.287 0.14 1
0.239 0.135 1
0.308 0.112 1
0.275 0.121 1
0.284 0.164 1
0.25 0.156 1
0.295 0.144 1
0.238 0.108 1
0.292 0.188 1
0.232 0.204 1
0.266 0.146 1
0.243 0.198 1
0.316 0.129 1
0.307 0.181 1
0.279 0.157 1
0.219 0.108 1
0.265 0.134 1
0.289 0.174 1
0.308 0.174 1
0.276 0.157 1
0.241 0.166 1
0.259 0.163 1
0.249 0.135 1
0.301 0.155 1
0.308 0.133 1
0.313 0.115 1
0.22 0.155 1
0.312 0.156 1
0.294 0.104 1
0.256 0.172 1
0.229 0.12 1
0.319 0.096 1
0.351 0.105 1
0.363 0.148 1
0.362 0.086 1
0.376 0.156 1
0.368 0.099 1
0.309 0.103 1
0.36 0.1 1
0.374 0.161 1
0.336 0.144 1
0.296 0.098 1
0.339 0.133 1
0.292 0.086 1
0.341 0.168 1
0.372 0.094 1
0.291 0.115 1
0.322 0.154 1
0.358 0.121 1
0.317 0.144 1
0.308 0.115 1
0.288 0.082 1
0.366 0.096 1
0.341 0.161 1
0.34 0.158 1
0.308 0.165 1
0.38 0.111 1
0.328 0.147 1
0.349 0.168 1
0.34 0.098 1
0.382 0.156 1
0.358 0.154 1
0.329 0.148 1
0.287 0.156 1
0.287 0.138 1
0.311 0.088 1
0.294 0.142 1
0.307 0.126 1
0.304 0.089 1
0.366 0.129 1
0.333 0.171 1
0.372 0.178 1
0.287 0.171 1
0.291 0.089 1
0.304 0.091 1
0.319 0.098 1
0.367 0.099 1
0.308 0.091 1
0.363 0.136 1
0.332 0.134 1
0.298 0.088 1
0.321 0.104 1
0.305 0.114 1
0.343 0.153 1
0.347 0.084 1
0.366 0.119 1
0.355 0.115 1
0.335 0.157 1
0.314 0.081 1
0.332 0.107 1
0.347 0.09 1
0.293 0.106 1
0.347 0.159 1
0.289 0.168 1
0.362 0.154 1
0.317 0.142 1
0.355 0.163 1
0.315 0.165 1
0.353 0.098 1
0.365 0.109 1
0.305 0.102 1
0.296 0.143 1
0.294 0.177 1
0.374 0.113 1
0.299 0.174 1
0.38 0.159 1
0.364 0.11 1
0.327 0.176 1
0.356 0.174 1
0.29 0.134 1
0.375 0.093 1
0.336 0.14 1
0.367 0.158 1
0.351 0.166 1
0.317 0.169 1
0.32 0.124 1
0.327 0.157 1
0.311 0.137 1
0.355 0.166 1
0.352 0.088 1
0.317 0.104 1
0.291 0.1 1
0.338 0.157 1
0.38 0.149 1
0.348 0.103 1
0.345 0.088 1
0.364 0.116 1
0.315 0.13 1
0.315 0.122 1
0.297 0.123 1
0.348 0.098 1
0.357 0.124 1
0.402 0.101 1
0.352 0.131 1
0.351 0.164 1
0.368 0.112 1
0.377 0.118 1
0.375 0.156 1
0.405 0.145 1
0.436 0.118 1
0.356 0.073 1
0.387 0.168 1
0.359 0.107 1
0.435 0.085 1
0.389 0.128 1
0.38 0.095 1
0.439 0.138 1
0.352 0.169 1
0.419 0.132 1
0.441 0.096 1
0.379 0.073 1
0.364 0.119 1
0.42 0.155 1
0.423 0.172 1
0.358 0.075 1
0.367 0.078 1
0.435 0.15 1
0.431 0.09 1
0.449 0.165 1
0.391 0.115 1
0.374 0.094 1
0.446 0.163 1
0.397 0.156 1
0.431 0.159 1
0.406 0.125 1
0.41 0.1 1
0.444 0.135 1
0.362 0.073 1
0.431 0.14 1
0.383 0.086 1
0.384 0.135 1
0.35 0.162 1
0.36 0.152 1
0.352 0.091 1
0.387 0.095 1
0.375 0.142 1
0.422 0.156 1
0.417 0.169 1
0.361 0.105 1
0.353 0.084 1
0.399 0.097 1
0.437 0.094 1
0.425 0.102 1
0.378 0.14 1
0.362 0.13 1
0.368 0.099 1
0.381 0.12 1
0.382 0.095 1
0.369 0.111 1
0.414 0.144 1
0.387 0.102 1
0.394 0.146 1
0.359 0.083 1
0.376 0.12 1
0.349 0.16 1
0.409 0.088 1
0.371 0.116 1
0.402 0.124 1
0.43 0.108 1
0.438 0.094 1
0.369 0.154 1
0.413 0.102 1
0.423 0.157 1
0.408 0.162 1
0.442 0.163 1
0.438 0.142 1
0.441 0.152 1
0.412 0.113 1
0.448 0.076 1
0.44 0.076 1
0.401 0.081 1
0.352 0.142 1
0.408 0.149 1
0.375 0.095 1
0.427 0.108 1
0.429 0.129 1
0.421 0.073 1
0.373 0.133 1
0.42 0.092 1
0.399 0.139 1
0.353 0.087 1
0.405 0.13 1
0.413 0.137 1
0.381 0.106 1
0.447 0.074 1
0.413 0.104 1
0.417 0.087 1
0.369 0.171 1
0.407 0.136 1
0.35 0.079 1
0.443 0.139 1
0.454 0.087 1
0.42 0.085 1
0.48 0.156 1
0.498 0.111 1
0.448 0.127 1
0.461 0.154 1
0.475 0.073 1
0.432 0.163 1
0.487 0.07 1
0.445 0.138 1
0.485 0.083 1
0.497 0.131 1
0.411 0.096 1
0.477 0.153 1
0.44 0.154 1
0.476 0.078 1
0.493 0.098 1
0.452 0.071 1
0.479 0.142 1
0.436 0.106 1
0.464 0.154 1
0.454 0.118 1
0.475 0.148 1
0.493 0.109 1
0.469 0.131 1
0.491 0.156 1
0.472 0.108 1
0.432 0.139 1
0.494 0.141 1
0.451 0.089 1
0.509 0.116 1
0.494 0.145 1
0.462 0.141 1
0.445 0.074 1
0.42 0.168 1
0.482 0.125 1
0.453 0.153 1
0.46 0.118 1
0.47 0.085 1
0.422 0.125 1
0.51 0.145 1
0.51 0.148 1
0.431 0.155 1
0.443 0.138 1
0.443 0.158 1
0.467 0.07 1
0.417 0.165 1
0.463 0.1 1
0.465 0.104 1
0.497 0.101 1
0.488 0.127 1
0.51 0.163 1
0.502 0.124 1
0.42 0.094 1
0.507 0.157 1
0.424 0.081 1
0.454 0.114 1
0.46 0.155 1
0.43 0.128 1
0.432 0.159 1
0.43 0.126 1
0.421 0.089 1
0.419 0.072 1
0.421 0.112 1
0.448 0.146 1
0.439 0.101 1
0.468 0.108 1
0.508 0.157 1
0.449 0.157 1
0.497 0.139 1
0.441 0.097 1
0.464 0.148 1
0.431 0.145 1
0.511 0.158 1
0.433 0.141 1
0.445 0.099 1
0.454 0.145 1
0.424 0.097 1
0.43 0.108 1
0.457 0.115 1
0.483 0.145 1
0.475 0.091 1
0.454 0.115 1
0.485 0.071 1
0.435 0.165 1
0.417 0.123 1
0.43 0.167 1
0.441 0.15 1
0.485 0.138 1
0.452 0.126 1
0.417 0.153 1
0.43 0.141 1
0.432 0.156 1
0.458 0.169 1
0.432 0.108 1
0.448 0.129 1
0.414 0.108 1
0.472 0.161 1
0.489 0.162 1
0.424 0.16 1
0.531 0.074 1
0.49 0.127 1
0.485 0.1 1
0.497 0.091 1
0.53 0.167 1
0.573 0.169 1
0.522 0.075 1
0.488 0.094 1
0.55 0.103 1
0.475 0.128 1
0.482 0.085 1
0.488 0.103 1
0.571 0.085 1
0.506 0.16 1
0.54 0.102 1
0.554 0.115 1
0.538 0.102 1
0.498 0.075 1
0.517 0.153 1
0.494 0.08 1
0.506 0.107 1
0.553 0.112 1
0.574 0.073 1
0.491 0.169 1
0.474 0.074 1
0.478 0.143 1
0.482 0.161 1
0.551 0.117 1
0.501 0.134 1
0.512 0.159 1
0.507 0.071 1
0.501 0.115 1
0.537 0.121 1
0.543 0.112 1
0.573 0.111 1
0.477 0.082 1
0.545 0.144 1
0.535 0.165 1
0.524 0.078 1
0.478 0.142 1
0.521 0.148 1
0.492 0.149 1
0.492 0.122 1
0.524 0.126 1
0.53 0.141 1
0.503 0.132 1
0.52 0.091 1
0.543 0.155 1
0.509 0.112 1
0.568 0.114 1
0.512 0.125 1
0.475 0.101 1
0.495 0.104 1
0.544 0.128 1
0.483 0.154 1
0.565 0.123 1
0.535 0.152 1
0.481 0.076 1
0.567 0.092 1
0.556 0.09 1
0.543 0.104 1
0.513 0.112 1
0.503 0.15 1
0.548 0.072 1
0.574 0.09 1
0.498 0.107 1
0.48 0.098 1
0.547 0.097 1
0.557 0.118 1
0.533 0.115 1
0.552 0.159 1
0.498 0.134 1
0.487 0.125 1
0.554 0.168 1
0.574 0.079 1
0.541 0.108 1
0.567 0.083 1
0.48 0.141 1
0.564 0.112 1
0.541 0.155 1
0.486 0.114 1
0.487 0.085 1
0.534 0.115 1
0.541 0.091 1
0.542 0.14 1
0.57 0.071 1
0.527 0.086 1
0.495 0.17 1
0.488 0.075 1
0.487 0.144 1
0.48 0.14 1
0.568 0.122 1
0.505 0.142 1
0.538 0.104 1
0.553 0.17 1
0.565 0.099 1
0.567 0.104 1
0.496 0.158 1
0.51 0.167 1
0.497 0.12 1
0.588 0.091 1
0.65 0.161 1
0.646 0.136 1
0.616 0.144 1
0.575 0.144 1
0.582 0.13 1
0.604 0.141 1
0.646 0.07 1
0.617 0.121 1
0.651 0.102 1
0.578 0.12 1
0.623 0.09 1
0.617 0.15 1
0.605 0.158 1
0.589 0.109 1
0.59 0.075 1
0.594 0.149 1
0.573 0.115 1
0.594 0.138 1
0.608 0.128 1
0.59 0.149 1
0.662 0.108 1
0.663 0.107 1
0.573 0.095 1
0.627 0.128 1
0.652 0.136 1
0.595 0.089 1
0.652 0.161 1
0.649 0.096 1
0.635 0.138 1
0.637 0.13 1
0.62 0.147 1
0.661 0.082 1
0.643 0.09 1
0.634 0.101 1
0.634 0.166 1
0.635 0.125 1
0.581 0.117 1
0.604 0.087 1
0.586 0.078 1
0.574 0.07 1
0.623 0.126 1
0.626 0.125 1
0.62 0.16 1
0.67 0.104 1
0.622 0.122 1
0.651 0.08 1
0.665 0.144 1
0.578 0.104 1
0.643 0.142 1
0.637 0.076 1
0.63 0.091 1
0.575 0.147 1
0.58 0.096 1
0.65 0.133 1
0.651 0.12 1
0.648 0.09 1
0.654 0.118 1
0.651 0.108 1
0.642 0.11 1
0.596 0.14 1
0.62 0.079 1
0.635 0.124 1
0.669 0.126 1
0.629 0.072 1
0.654 0.128 1
0.624 0.121 1
0.617 0.128 1
0.582 0.141 1
0.619 0.07 1
0.669 0.131 1
0.589 0.134 1
0.605 0.163 1
0.643 0.149 1
0.572 0.091 1
0.663 0.108 1
0.626 0.156 1
0.596 0.164 1
0.635 0.117 1
0.664 0.149 1
0.625 0.073 1
0.58 0.124 1
0.667 0.157 1
0.616 0.079 1
0.591 0.111 1
0.621 0.114 1
0.582 0.098 1
0.671 0.07 1
0.574 0.12 1
0.586 0.081 1
0.635 0.164 1
0.585 0.154 1
0.662 0.097 1
0.638 0.091 1
0.586 0.153 1
0.636 0.124 1
0.656 0.138 1
0.649 0.098 1
0.573 0.104 1
0.582 0.166 1
0.724 0.126 1
0.663 0.104 1
0.689 0.12 1
0.664 0.08 1
0.734 0.117 1
0.704 0.143 1
0.733 0.087 1
0.728 0.142 1
0.738 0.161 1
0.666 0.125 1
0.667 0.106 1
0.685 0.163 1
0.675 0.142 1
0.705 0.153 1
0.724 0.138 1
0.707 0.17 1
0.663 0.119 1
0.711 0.147 1
0.734 0.119 1
0.713 0.107 1
0.707 0.143 1
0.718 0.077 1
0.656 0.088 1
0.701 0.161 1
0.704 0.125 1
0.751 0.165 1
0.747 0.13 1
0.736 0.131 1
0.666 0.128 1
0.685 0.143 1
0.674 0.103 1
0.696 0.159 1
0.713 0.09 1
0.662 0.076 1
0.665 0.15 1
0.736 0.092 1
0.733 0.159 1
0.714 0.089 1
0.671 0.17 1
0.714 0.159 1
0.73 0.139 1
0.728 0.123 1
0.73 0.157 1
0.746 0.155 1
0.716 0.106 1
0.672 0.079 1
0.682 0.125 1
0.684 0.088 1
0.691 0.099 1
0.732 0.09 1
0.725 0.124 1
0.689 0.154 1
0.746 0.119 1
0.747 0.117 1
0.692 0.11 1
0.666 0.122 1
0.682 0.099 1
0.68 0.127 1
0.678 0.114 1
0.692 0.135 1
0.753 0.108 1
0.718 0.111 1
0.69 0.128 1
0.744 0.139 1
0.701 0.076 1
0.679 0.162 1
0.684 0.139 1
0.748 0.164 1
0.75 0.152 1
0.749 0.087 1
0.749 0.135 1
0.688 0.138 1
0.754 0.123 1
0.718 0.112 1
0.681 0.148 1
0.659 0.11 1
0.662 0.172 1
0.727 0.118 1
0.703 0.102 1
0.725 0.139 1
0.654 0.111 1
0.686 0.142 1
0.685 0.074 1
0.742 0.162 1
0.7 0.158 1
0.683 0.133 1
0.656 0.153 1
0.658 0.126 1
0.659 0.079 1
0.706 0.099 1
0.672 0.143 1
0.713 0.13 1
0.668 0.102 1
0.737 0.099 1
0.686 0.133 1
0.737 0.095 1
0.676 0.089 1
0.688 0.153 1
0.702 0.09 1
0.714 0.105 1
0.791 0.181 1
0.717 0.12 1
0.794 0.15 1
0.734 0.189 1
0.791 0.099 1
0.719 0.152 1
0.708 0.195 1
0.752 0.123 1
0.803 0.186 1
0.741 0.176 1
0.766 0.107 1
0.715 0.101 1
0.729 0.184 1
0.736 0.197 1
0.75 0.149 1
0.75 0.102 1
0.722 0.186 1
0.717 0.104 1
0.78 0.186 1
0.713 0.197 1
0.802 0.191 1
0.803 0.192 1
0.749 0.185 1
0.733 0.19 1
0.788 0.179 1
0.778 0.167 1
0.773 0.164 1
0.756 0.137 1
0.802 0.111 1
0.802 0.102 1
0.769 0.19 1
0.727 0.113 1
0.747 0.113 1
0.787 0.137 1
0.768 0.123 1
0.775 0.115 1
0.799 0.174 1
0.749 0.138 1
0.731 0.156 1
0.798 0.143 1
0.713 0.108 1
0.771 0.179 1
0.804 0.129 1
0.733 0.182 1
0.783 0.178 1
0.802 0.12 1
0.716 0.184 1
0.746 0.16 1
0.707 0.131 1
0.786 0.184 1
0.776 0.186 1
0.743 0.147 1
0.742 0.122 1
0.733 0.122 1
0.711 0.113 1
0.712 0.169 1
0.758 0.104 1
0.774 0.168 1
0.752 0.153 1
0.712 0.101 1
0.728 0.164 1
0.707 0.13 1
0.769 0.12 1
0.767 0.152 1
0.805 0.127 1
0.759 0.113 1
0.736 0.111 1
0.723 0.188 1
0.802 0.147 1
0.78 0.19 1
0.745 0.158 1
0.797 0.193 1
0.732 0.161 1
0.728 0.166 1
0.791 0.193 1
0.787 0.105 1
0.746 0.119 1
0.726 0.128 1
0.793 0.16 1
0.774 0.196 1
0.741 0.155 1
0.708 0.183 1
0.777 0.199 1
0.782 0.14 1
0.725 0.138 1
0.803 0.141 1
0.792 0.175 1
0.804 0.163 1
0.731 0.163 1
0.741 0.181 1
0.805 0.134 1
0.776 0.195 1
0.788 0.099 1
0.717 0.142 1
0.773 0.166 1
0.727 0.13 1
0.787 0.105 1
0.75 0.194 1
0.774 0.113 1
0.783 0.183 1
0.835 0.19 1
0.79 0.219 1
0.827 0.157 1
0.841 0.169 1
0.849 0.213 1
0.844 0.178 1
0.834 0.221 1
0.775 0.244 1
0.838 0.232 1
0.834 0.212 1
0.755 0.229 1
0.805 0.168 1
0.77 0.256 1
0.818 0.222 1
0.812 0.181 1
0.852 0.191 1
0.83 0.191 1
0.802 0.255 1
0.756 0.241 1
0.756 0.17 1
0.839 0.172 1
0.818 0.223 1
0.795 0.243 1
0.823 0.208 1
0.849 0.172 1
0.831 0.243 1
0.777 0.207 1
0.761 0.254 1
0.782 0.222 1
0.835 0.257 1
0.831 0.227 1
0.785 0.256 1
0.771 0.223 1
0.819 0.195 1
0.767 0.19 1
0.785 0.16 1
0.769 0.221 1
0.801 0.23 1
0.805 0.245 1
0.759 0.21 1
0.813 0.195 1
0.797 0.244 1
0.781 0.22 1
0.767 0.233 1
0.778 0.25 1
0.815 0.202 1
0.767 0.213 1
0.838 0.163 1
0.829 0.196 1
0.817 0.252 1
0.817 0.168 1
0.755 0.255 1
0.78 0.176 1
0.839 0.207 1
0.829 0.176 1
0.849 0.164 1
0.781 0.176 1
0.775 0.188 1
0.772 0.171 1
0.778 0.167 1
0.765 0.244 1
0.85 0.191 1
0.785 0.159 1
0.772 0.251 1
0.773 0.244 1
0.819 0.193 1
0.796 0.228 1
0.822 0.215 1
0.824 0.177 1
0.844 0.22 1
0.836 0.233 1
0.778 0.172 1
0.755 0.236 1
0.834 0.24 1
0.755 0.19 1
0.784 0.234 1
0.823 0.256 1
0.842 0.17 1
0.777 0.196 1
0.785 0.217 1
0.762 0.226 1
0.833 0.163 1
0.792 0.246 1
0.847 0.159 1
0.787 0.19 1
0.847 0.252 1
0.76 0.247 1
0.767 0.161 1
0.767 0.219 1
0.777 0.23 1
0.827 0.225 1
0.8 0.245 1
0.837 0.232 1
0.811 0.243 1
0.754 0.217 1
0.808 0.171 1
0.795 0.25 1
0.851 0.165 1
0.76 0.246 1
0.838 0.231 1
0.86 0.299 1
0.846 0.275 1
0.845 0.247 1
0.838 0.299 1
0.846 0.315 1
0.786 0.259 1
0.806 0.264 1
0.848 0.259 1
0.767 0.239 1
0.774 0.225 1
0.85 0.249 1
0.78 0.305 1
0.795 0.26 1
0.805 0.241 1
0.82 0.225 1
0.804 0.299 1
0.829 0.301 1
0.798 0.3 1
0.769 0.226 1
0.803 0.248 1
0.774 0.262 1
0.785 0.318 1
0.842 0.292 1
0.779 0.321 1
0.843 0.273 1
0.849 0.257 1
0.826 0.243 1
0.815 0.269 1
0.833 0.231 1
0.793 0.307 1
0.841 0.321 1
0.861 0.261 1
0.838 0.3 1
0.854 0.268 1
0.812 0.222 1
0.802 0.226 1
0.804 0.304 1
0.791 0.246 1
0.826 0.271 1
0.782 0.283 1
0.79 0.291 1
0.773 0.26 1
0.811 0.222 1
0.779 0.308 1
0.773 0.28 1
0.809 0.227 1
0.842 0.244 1
0.8 0.319 1
0.851 0.293 1
0.782 0.279 1
0.818 0.244 1
0.791 0.277 1
0.804 0.23 1
0.771 0.263 1
0.772 0.319 1
0.768 0.234 1
0.786 0.251 1
0.819 0.316 1
0.819 0.32 1
0.796 0.291 1
0.844 0.221 1
0.791 0.306 1
0.832 0.309 1
0.778 0.222 1
0.814 0.248 1
0.846 0.292 1
0.796 0.278 1
0.802 0.291 1
0.834 0.248 1
0.861 0.308 1
0.845 0.291 1
0.778 0.292 1
0.813 0.23 1
0.856 0.225 1
0.843 0.294 1
0.861 0.223 1
0.794 0.263 1
0.856 0.294 1
0.829 0.23 1
0.771 0.222 1
0.77 0.247 1
0.838 0.259 1
0.818 0.308 1
0.833 0.247 1
0.824 0.288 1
0.824 0.281 1
0.826 0.303 1
0.796 0.297 1
0.842 0.28 1
0.767 0.293 1
0.846 0.221 1
0.834 0.245 1
0.787 0.247 1
0.842 0.258 1
0.77 0.314 1
0.855 0.252 1
0.782 0.251 1
0.816 0.304 1
0.839 0.292 1
0.835 0.289 1
0.773 0.37 1
0.777 0.324 1
0.835 0.324 1
0.86 0.378 1
0.787 0.309 1
0.856 0.311 1
0.862 0.363 1
0.838 0.342 1
0.771 0.309 1
0.795 0.381 1
0.777 0.362 1
0.841 0.34 1
0.858 0.312 1
0.84 0.369 1
0.802 0.326 1
0.773 0.308 1
0.795 0.388 1
0.799 0.314 1
0.771 0.315 1
0.857 0.31 1
0.818 0.363 1
0.855 0.359 1
0.801 0.326 1
0.817 0.399 1
0.844 0.395 1
0.788 0.334 1
0.844 0.312 1
0.775 0.322 1
0.77 0.366 1
0.781 0.392 1
0.769 0.381 1
0.792 0.334 1
0.767 0.389 1
0.816 0.357 1
0.768 0.353 1
0.815 0.398 1
0.837 0.388 1
0.81 0.345 1
0.837 0.342 1
0.81 0.343 1
0.851 0.379 1
0.778 0.4 1
0.812 0.369 1
0.857 0.358 1
0.844 0.321 1
0.849 0.348 1
0.791 0.349 1
0.787 0.318 1
0.858 0.339 1
0.766 0.336 1
0.778 0.387 1
0.848 0.38 1
0.767 0.32 1
0.793 0.403 1
0.813 0.313 1
0.807 0.321 1
0.842 0.376 1
0.862 0.333 1
0.816 0.334 1
0.857 0.398 1
0.854 0.338 1
0.816 0.348 1
0.793 0.342 1
0.819 0.387 1
0.807 0.376 1
0.828 0.393 1
0.79 0.323 1
0.86 0.396 1
0.858 0.341 1
0.802 0.377 1
0.798 0.386 1
0.798 0.308 1
0.811 0.386 1
0.793 0.401 1
0.842 0.379 1
0.858 0.352 1
0.765 0.381 1
0.839 0.4 1
0.841 0.388 1
0.789 0.346 1
0.826 0.354 1
0.779 0.363 1
0.822 0.362 1
0.786 0.355 1
0.767 0.371 1
0.774 0.333 1
0.81 0.31 1
0.823 0.331 1
0.818 0.336 1
0.818 0.383 1
0.852 0.36 1
0.807 0.389 1
0.799 0.345 1
0.781 0.379 1
0.822 0.38 1
0.77 0.309 1
0.856 0.404 1
0.863 0.327 1
0.798 0.321 1
0.799 0.391 1
0.84 0.425 1
0.792 0.387 1
0.798 0.45 1
0.786 0.385 1
0.832 0.426 1
0.843 0.412 1
0.861 0.451 1
0.793 0.378 1
0.792 0.411 1
0.784 0.451 1
0.783 0.366 1
0.853 0.414 1
0.83 0.424 1
0.768 0.443 1
0.777 0.364 1
0.781 0.435 1
0.79 0.376 1
0.849 0.454 1
0.777 0.374 1
0.829 0.454 1
0.859 0.369 1
0.844 0.4 1
0.821 0.365 1
0.835 0.366 1
0.833 0.37 1
0.827 0.362 1
0.856 0.422 1
0.767 0.386 1
0.857 0.371 1
0.784 0.448 1
0.85 0.402 1
0.819 0.383 1
0.859 0.426 1
0.807 0.444 1
0.808 0.419 1
0.839 0.413 1
0.792 0.363 1
0.792 0.44 1
0.782 0.441 1
0.846 0.372 1
0.814 0.368 1
0.802 0.399 1
0.807 0.373 1
0.77 0.366 1
0.778 0.411 1
0.856 0.383 1
0.846 0.454 1
0.821 0.444 1
0.791 0.383 1
0.783 0.45 1
0.803 0.406 1
0.856 0.429 1
0.826 0.454 1
0.831 0.425 1
0.786 0.402 1
0.785 0.424 1
0.839 0.389 1
0.827 0.39 1
0.828 0.438 1
0.85 0.363 1
0.769 0.407 1
0.768 0.458 1
0.851 0.419 1
0.797 0.456 1
0.849 0.431 1
0.788 0.36 1
0.829 0.365 1
0.831 0.406 1
0.857 0.42 1
0.815 0.398 1
0.844 0.424 1
0.776 0.388 1
0.826 0.442 1
0.817 0.379 1
0.864 0.37 1
0.773 0.396 1
0.832 0.455 1
0.772 0.36 1
0.841 0.386 1
0.783 0.452 1
0.818 0.415 1
0.821 0.36 1
0.816 0.4 1
0.852 0.365 1
0.833 0.376 1
0.866 0.434 1
0.852 0.424 1
0.849 0.412 1
0.771 0.38 1
0.811 0.45 1
0.823 0.413 1
0.787 0.361 1
0.839 0.436 1
0.808 0.44 1
0.788 0.425 1
0.795 0.446 1
0.827 0.369 1
0.808 0.437 1
0.789 0.389 1
0.801 0.377 1
0.816 0.518 1
0.866 0.471 1
0.874 0.482 1
0.865 0.452 1
0.832 0.46 1
0.849 0.54 1
0.778 0.476 1
0.818 0.475 1
0.86 0.531 1
0.829 0.505 1
0.797 0.444 1
0.815 0.473 1
0.802 0.455 1
0.847 0.458 1
0.831 0.481 1
0.873 0.485 1
0.796 0.518 1
0.83 0.466 1
0.778 0.51 1
0.793 0.472 1
0.846 0.514 1
0.824 0.524 1
0.851 0.522 1
0.834 0.497 1
0.859 0.519 1
0.825 0.512 1
0.856 0.47 1
0.775 0.466 1
0.814 0.509 1
0.859 0.537 1
0.799 0.481 1
0.846 0.466 1
0.838 0.506 1
0.784 0.458 1
0.811 0.461 1
0.81 0.491 1
0.847 0.447 1
0.851 0.463 1
0.869 0.471 1
0.82 0.506 1
0.849 0.535 1
0.82 0.509 1
0.799 0.543 1
0.873 0.531 1
0.801 0.515 1
0.803 0.481 1
0.865 0.507 1
0.801 0.536 1
0.842 0.445 1
0.796 0.469 1
0.858 0.489 1
0.822 0.494 1
0.794 0.467 1
0.786 0.529 1
0.86 0.47 1
0.775 0.448 1
0.785 0.535 1
0.835 0.529 1
0.809 0.487 1
0.862 0.51 1
0.778 0.448 1
0.825 0.493 1
0.865 0.448 1
0.834 0.468 1
0.821 0.475 1
0.827 0.496 1
0.836 0.482 1
0.854 0.498 1
0.844 0.469 1
0.827 0.542 1
0.86 0.469 1
0.778 0.459 1
0.856 0.542 1
0.809 0.503 1
0.866 0.456 1
0.821 0.465 1
0.822 0.476 1
0.848 0.443 1
0.783 0.488 1
0.775 0.475 1
0.873 0.495 1
0.785 0.479 1
0.816 0.449 1
0.87 0.524 1
0.797 0.457 1
0.819 0.518 1
0.796 0.535 1
0.778 0.523 1
0.795 0.525 1
0.839 0.473 1
0.844 0.463 1
0.778 0.542 1
0.838 0.511 1
0.811 0.485 1
0.863 0.46 1
0.78 0.496 1
0.785 0.532 1
0.787 0.445 1
0.863 0.53 1
0.857 0.534 1
0.798 0.578 1
0.859 0.508 1
0.801 0.565 1
0.847 0.547 1
0.852 0.512 1
0.832 0.533 1
0.863 0.536 1
0.869 0.573 1
0.857 0.552 1
0.78 0.52 1
0.81 0.568 1
0.8 0.511 1
0.851 0.545 1
0.833 0.501 1
0.857 0.579 1
0.819 0.585 1
0.823 0.536 1
0.836 0.583 1
0.785 0.525 1
0.813 0.576 1
0.85 0.523 1
0.816 0.524 1
0.799 0.565 1
0.873 0.583 1
0.782 0.574 1
0.872 0.589 1
0.826 0.537 1
0.824 0.582 1
0.823 0.544 1
0.81 0.567 1
0.869 0.597 1
0.831 0.507 1
0.852 0.575 1
0.804 0.534 1
0.867 0.557 1
0.846 0.51 1
0.86 0.525 1
0.787 0.533 1
0.844 0.574 1
0.79 0.507 1
0.817 0.533 1
0.872 0.6 1
0.841 0.509 1
0.86 0.544 1
0.847 0.584 1
0.872 0.547 1
0.839 0.572 1
0.779 0.587 1
0.8 0.528 1
0.787 0.599 1
0.848 0.597 1
0.787 0.574 1
0.849 0.518 1
0.831 0.509 1
0.834 0.583 1
0.851 0.551 1
0.811 0.548 1
0.818 0.589 1
0.831 0.574 1
0.82 0.57 1
0.867 0.513 1
0.814 0.513 1
0.824 0.509 1
0.803 0.517 1
0.788 0.557 1
0.86 0.558 1
0.815 0.594 1
0.795 0.508 1
0.875 0.555 1
0.826 0.581 1
0.857 0.546 1
0.83 0.526 1
0.8 0.553 1
0.817 0.539 1
0.792 0.536 1
0.873 0.513 1
0.859 0.563 1
0.781 0.595 1
0.867 0.504 1
0.872 0.534 1
0.793 0.521 1
0.796 0.536 1
0.851 0.544 1
0.829 0.516 1
0.844 0.56 1
0.826 0.541 1
0.856 0.56 1
0.856 0.589 1
0.858 0.505 1
0.849 0.54 1
0.827 0.538 1
0.811 0.567 1
0.794 0.557 1
0.834 0.572 1
0.827 0.515 1
0.833 0.561 1
0.782 0.559 1
0.86 0.548 1
0.877 0.575 1
0.87 0.527 1
0.793 0.59 1
0.784 0.56 1
0.869 0.625 1
0.81 0.568 1
0.784 0.609 1
0.854 0.618 1
0.857 0.569 1
0.788 0.573 1
0.804 0.567 1
0.848 0.604 1
0.784 0.651 1
0.838 0.591 1
0.826 0.65 1
0.787 0.632 1
0.844 0.584 1
0.865 0.619 1
0.86 0.578 1
0.842 0.651 1
0.857 0.657 1
0.872 0.639 1
0.854 0.629 1
0.82 0.616 1
0.816 0.63 1
0.787 0.594 1
0.839 0.59 1
0.8 0.617 1
0.783 0.586 1
0.866 0.608 1
0.862 0.562 1
0.81 0.603 1
0.866 0.644 1
0.783 0.589 1
0.803 0.583 1
0.806 0.651 1
0.788 0.608 1
0.81 0.63 1
0.852 0.609 1
0.836 0.603 1
0.799 0.582 1
0.836 0.628 1
0.814 0.605 1
0.877 0.621 1
0.795 0.561 1
0.865 0.565 1
0.845 0.612 1
0.863 0.611 1
0.83 0.601 1
0.805 0.57 1
0.817 0.61 1
0.821 0.631 1
0.793 0.629 1
0.875 0.639 1
0.795 0.592 1
0.817 0.644 1
0.848 0.636 1
0.832 0.586 1
0.823 0.598 1
0.871 0.56 1
0.836 0.607 1
0.805 0.629 1
0.846 0.608 1
0.866 0.614 1
0.836 0.579 1
0.784 0.587 1
0.823 0.614 1
0.855 0.642 1
0.877 0.642 1
0.833 0.578 1
0.816 0.598 1
0.874 0.609 1
0.864 0.634 1
0.837 0.626 1
0.811 0.58 1
0.807 0.601 1
0.815 0.57 1
0.798 0.629 1
0.839 0.565 1
0.851 0.58 1
0.793 0.601 1
0.877 0.585 1
0.833 0.647 1
0.801 0.576 1
0.811 0.636 1
0.807 0.558 1
0.816 0.581 1
0.851 0.615 1
0.82 0.59 1
0.856 0.58 1
0.832 0.629 1
0.789 0.598 1
0.876 0.629 1
0.847 0.585 1
0.868 0.6 1
0.881 0.617 1
0.811 0.608 1
0.839 0.627 1
0.798 0.572 1
0.828 0.563 1
0.852 0.593 1
0.781 0.635 1
0.789 0.698 1
0.878 0.69 1
0.877 0.658 1
0.873 0.643 1
0.847 0.694 1
0.874 0.68 1
0.793 0.714 1
0.84 0.622 1
0.856 0.685 1
0.874 0.708 1
0.783 0.692 1
0.873 0.687 1
0.863 0.708 1
0.798 0.656 1
0.791 0.66 1
0.809 0.668 1
0.859 0.621 1
0.8 0.676 1
0.878 0.648 1
0.852 0.685 1
0.881 0.703 1
0.874 0.644 1
0.806 0.646 1
0.877 0.696 1
0.833 0.678 1
0.819 0.629 1
0.807 0.672 1
0.854 0.648 1
0.84 0.661 1
0.843 0.627 1
0.87 0.627 1
0.845 0.662 1
0.85 0.648 1
0.82 0.637 1
0.879 0.636 1
0.864 0.686 1
0.836 0.717 1
0.785 0.627 1
0.806 0.633 1
0.803 0.687 1
0.817 0.671 1
0.836 0.653 1
0.783 0.634 1
0.82 0.721 1
0.855 0.655 1
0.832 0.703 1
0.835 0.663 1
0.827 0.634 1
0.819 0.721 1
0.81 0.633 1
0.867 0.678 1
0.822 0.621 1
0.803 0.695 1
0.848 0.652 1
0.82 0.696 1
0.871 0.696 1
0.849 0.714 1
0.851 0.694 1
0.811 0.709 1
0.829 0.635 1
0.793 0.647 1
0.806 0.685 1
0.797 0.621 1
0.782 0.672 1
0.819 0.691 1
0.837 0.628 1
0.82 0.623 1
0.874 0.714 1
0.814 0.668 1
0.786 0.622 1
0.829 0.695 1
0.846 0.654 1
0.81 0.648 1
0.871 0.647 1
0.865 0.654 1
0.826 0.665 1
0.818 0.684 1
0.819 0.717 1
0.873 0.687 1
0.882 0.665 1
0.882 0.716 1
0.782 0.634 1
0.866 0.72 1
0.824 0.657 1
0.809 0.701 1
0.807 0.631 1
0.825 0.659 1
0.827 0.674 1
0.848 0.657 1
0.857 0.624 1
0.802 0.625 1
0.785 0.675 1
0.817 0.664 1
0.799 0.656 1
0.81 0.71 1
0.836 0.69 1
0.869 0.638 1
0.792 0.651 1
0.853 0.676 1
0.81 0.673 1
0.791 0.753 1
0.876 0.751 1
0.826 0.774 1
0.809 0.71 1
0.884 0.786 1
0.875 0.713 1
0.836 0.757 1
0.84 0.728 1
0.842 0.709 1
0.851 0.769 1
0.842 0.779 1
0.822 0.728 1
0.844 0.799 1
0.878 0.778 1
0.863 0.773 1
0.843 0.798 1
0.785 0.754 1
0.882 0.752 1
0.844 0.727 1
0.824 0.78 1
0.851 0.721 1
0.859 0.764 1
0.879 0.792 1
0.8 0.737 1
0.875 0.762 1
0.852 0.769 1
0.791 0.765 1
0.815 0.767 1
0.789 0.778 1
0.866 0.758 1
0.84 0.752 1
0.795 0.77 1
0.796 0.788 1
0.818 0.745 1
0.853 0.792 1
0.795 0.719 1
0.826 0.749 1
0.857 0.765 1
0.863 0.793 1
0.809 0.756 1
0.816 0.707 1
0.796 0.765 1
0.826 0.801 1
0.837 0.765 1
0.88 0.768 1
0.883 0.727 1
0.867 0.801 1
0.815 0.772 1
0.849 0.74 1
0.808 0.787 1
0.819 0.766 1
0.877 0.754 1
0.796 0.766 1
0.846 0.757 1
0.845 0.78 1
0.872 0.728 1
0.852 0.796 1
0.804 0.763 1
0.834 0.805 1
0.829 0.772 1
0.868 0.736 1
0.825 0.779 1
0.848 0.746 1
0.837 0.762 1
0.842 0.718 1
0.877 0.801 1
0.876 0.786 1
0.879 0.768 1
0.837 0.801 1
0.872 0.78 1
0.822 0.729 1
0.856 0.801 1
0.816 0.748 1
0.8 0.749 1
0.854 0.748 1
0.837 0.727 1
0.845 0.736 1
0.817 0.707 1
0.825 0.803 1
0.793 0.793 1
0.822 0.739 1
0.873 0.753 1
0.785 0.803 1
0.859 0.72 1
0.822 0.797 1
0.834 0.799 1
0.87 0.734 1
0.842 0.712 1
0.833 0.771 1
0.81 0.752 1
0.882 0.758 1
0.858 0.782 1
0.815 0.784 1
0.867 0.737 1
0.8 0.781 1
0.819 0.786 1
0.809 0.73 1
0.849 0.724 1
0.798 0.789 1
0.789 0.736 1
0.829 0.822 1
0.875 0.806 1
0.802 0.783 1
0.837 0.877 1
0.862 0.871 1
0.845 0.811 1
0.851 0.88 1
0.864 0.849 1
0.805 0.845 1
0.875 0.832 1
0.839 0.869 1
0.85 0.813 1
0.806 0.866 1
0.845 0.858 1
0.854 0.88 1
0.839 0.823 1
0.871 0.878 1
0.877 0.824 1
0.863 0.822 1
0.797 0.875 1
0.859 0.811 1
0.809 0.848 1
0.84 0.88 1
0.863 0.866 1
0.81 0.86 1
0.872 0.814 1
0.842 0.835 1
0.859 0.799 1
0.834 0.857 1
0.882 0.813 1
0.797 0.875 1
0.884 0.86 1
0.874 0.822 1
0.809 0.822 1
0.866 0.803 1
0.824 0.804 1
0.885 0.849 1
0.845 0.839 1
0.833 0.804 1
0.881 0.841 1
0.834 0.876 1
0.847 0.851 1
0.795 0.803 1
0.87 0.856 1
0.892 0.822 1
0.857 0.867 1
0.801 0.855 1
0.795 0.841 1
0.803 0.841 1
0.848 0.798 1
0.871 0.849 1
0.834 0.829 1
0.857 0.854 1
0.849 0.816 1
0.88 0.83 1
0.879 0.86 1
0.846 0.836 1
0.859 0.799 1
0.85 0.828 1
0.858 0.879 1
0.881 0.849 1
0.871 0.806 1
0.859 0.88 1
0.793 0.867 1
0.814 0.834 1
0.868 0.823 1
0.828 0.827 1
0.867 0.797 1
0.803 0.844 1
0.829 0.858 1
0.804 0.796 1
0.885 0.875 1
0.802 0.833 1
0.813 0.86 1
0.889 0.87 1
0.831 0.859 1
0.879 0.836 1
0.862 0.821 1
0.866 0.859 1
0.802 0.828 1
0.838 0.841 1
0.849 0.797 1
0.82 0.857 1
0.873 0.853 1
0.836 0.878 1
0.818 0.84 1
0.891 0.859 1
0.856 0.83 1
0.861 0.824 1
0.809 0.797 1
0.891 0.82 1
0.831 0.871 1
0.835 0.868 1
0.885 0.842 1
0.87 0.859 1
0.797 0.862 1
0.824 0.799 1
0.831 0.85 1
0.802 0.877 1
0.867 0.867 1
0.881 0.871 1
0.805 0.866 1
0.877 0.939 1
0.832 0.887 1
0.824 0.88 1
0.821 0.911 1
0.837 0.9 1
0.834 0.926 1
0.807 0.94 1
0.828 0.915 1
0.84 0.931 1
0.813 0.881 1
0.812 0.915 1
0.886 0.927 1
0.807 0.956 1
0.814 0.953 1
0.797 0.877 1
0.873 0.871 1
0.816 0.914 1
0.862 0.93 1
0.875 0.932 1
0.853 0.864 1
0.815 0.919 1
0.885 0.863 1
0.791 0.91 1
0.871 0.954 1
0.832 0.938 1
0.882 0.863 1
0.805 0.953 1
0.866 0.891 1
0.846 0.876 1
0.846 0.94 1
0.869 0.891 1
0.83 0.937 1
0.846 0.863 1
0.799 0.881 1
0.843 0.903 1
0.796 0.916 1
0.798 0.877 1
0.863 0.912 1
0.861 0.923 1
0.792 0.92 1
0.839 0.861 1
0.855 0.951 1
0.881 0.885 1
0.875 0.867 1
0.8 0.952 1
0.872 0.866 1
0.856 0.93 1
0.792 0.883 1
0.791 0.874 1
0.831 0.956 1
0.86 0.944 1
0.826 0.894 1
0.854 0.889 1
0.863 0.924 1
0.863 0.876 1
0.878 0.886 1
0.845 0.959 1
0.84 0.945 1
0.823 0.902 1
0.891 0.882 1
0.852 0.871 1
0.887 0.96 1
0.842 0.904 1
0.85 0.899 1
0.844 0.895 1
0.833 0.931 1
0.867 0.913 1
0.855 0.961 1
0.854 0.9 1
0.808 0.927 1
0.795 0.937 1
0.82 0.877 1
0.82 0.913 1
0.793 0.947 1
0.792 0.912 1
0.886 0.947 1
0.819 0.925 1
0.833 0.879 1
0.81 0.901 1
0.844 0.883 1
0.819 0.893 1
0.84 0.941 1
0.847 0.881 1
0.833 0.938 1
0.87 0.934 1
0.87 0.895 1
0.88 0.932 1
0.861 0.863 1
0.876 0.878 1
0.839 0.864 1
0.818 0.874 1
0.869 0.866 1
0.818 0.929 1
0.831 0.896 1
0.885 0.943 1
0.877 0.94 1
0.868 0.949 1
0.823 0.889 1
0.916 0.849 1
0.924 0.885 1
0.905 0.914 1
0.915 0.852 1
0.932 0.837 1
0.875 0.846 1
0.886 0.858 1
0.9 0.863 1
0.905 0.836 1
0.849 0.912 1
0.841 0.85 1
0.877 0.848 1
0.878 0.884 1
0.846 0.885 1
0.9 0.877 1
0.894 0.87 1
0.857 0.854 1
0.881 0.855 1
0.928 0.865 1
0.869 0.858 1
0.923 0.855 1
0.894 0.829 1
0.928 0.843 1
0.928 0.906 1
0.895 0.861 1
0.876 0.836 1
0.927 0.866 1
0.898 0.875 1
0.837 0.852 1
0.835 0.854 1
0.911 0.838 1
0.867 0.856 1
0.932 0.864 1
0.896 0.87 1
0.866 0.845 1
0.866 0.835 1
0.904 0.873 1
0.835 0.854 1
0.84 0.863 1
0.844 0.833 1
0.851 0.852 1
0.887 0.833 1
0.858 0.928 1
0.856 0.929 1
0.915 0.847 1
0.85 0.848 1
0.878 0.896 1
0.884 0.857 1
0.902 0.843 1
0.912 0.831 1
0.884 0.859 1
0.893 0.929 1
0.926 0.917 1
0.869 0.92 1
0.899 0.879 1
0.924 0.857 1
0.882 0.878 1
0.885 0.916 1
0.879 0.849 1
0.919 0.871 1
0.889 0.916 1
0.896 0.849 1
0.846 0.884 1
0.861 0.89 1
0.839 0.92 1
0.857 0.928 1
0.838 0.896 1
0.886 0.927 1
0.871 0.831 1
0.932 0.829 1
0.923 0.912 1
0.911 0.904 1
0.882 0.879 1
0.85 0.846 1
0.834 0.918 1
0.912 0.858 1
0.908 0.91 1
0.897 0.867 1
0.872 0.912 1
0.883 0.861 1
0.913 0.889 1
0.838 0.872 1
0.845 0.911 1
0.835 0.861 1
0.85 0.92 1
0.868 0.906 1
0.91 0.911 1
0.88 0.888 1
0.927 0.839 1
0.912 0.861 1
0.918 0.906 1
0.852 0.842 1
0.866 0.925 1
0.902 0.833 1
0.881 0.88 1
0.869 0.878 1
0.905 0.915 1
0.894 0.841 1
0.921 0.899 1
0.844 0.883 1
0.876 0.966 1
0.915 0.928 1
0.887 0.928 1
0.902 0.927 1
0.922 0.945 1
0.911 0.969 1
0.895 0.951 1
0.87 0.926 1
0.904 0.963 1
0.898 0.92 1
0.934 0.989 1
0.919 0.967 1
0.902 0.961 1
0.866 0.945 1
0.913 0.926 1
0.961 0.924 1
0.867 0.924 1
0.883 0.992 1
0.871 0.959 1
0.871 0.99 1
0.9 0.951 1
0.87 0.996 1
0.955 0.969 1
0.882 0.954 1
0.88 0.927 1
0.937 0.985 1
0.887 0.921 1
0.958 0.919 1
0.937 0.961 1
0.916 0.957 1
0.929 0.984 1
0.892 0.932 1
0.914 0.993 1
0.881 0.92 1
0.956 0.965 1
0.874 0.969 1
0.915 0.922 1
0.916 0.999 1
0.873 0.931 1
0.925 0.998 1
0.93 0.964 1
0.881 0.951 1
0.932 0.973 1
0.95 0.922 1
0.919 0.921 1
0.958 0.964 1
0.901 0.943 1
0.915 0.981 1
0.942 0.972 1
0.956 0.974 1
0.868 0.997 1
0.922 0.968 1
0.93 0.929 1
0.946 0.955 1
0.894 0.941 1
0.879 0.946 1
0.873 0.935 1
0.955 0.994 1
0.877 0.948 1
0.953 0.924 1
0.895 0.947 1
0.911 0.956 1
0.917 0.968 1
0.939 0.995 1
0.909 0.946 1
0.907 0.934 1
0.944 0.954 1
0.927 0.926 1
0.957 0.98 1
0.921 0.981 1
0.909 0.96 1
0.922 0.995 1
0.892 0.99 1
0.9 0.981 1
0.912 0.976 1
0.921 0.97 1
0.896 0.949 1
0.955 0.999 1
0.902 0.957 1
0.924 0.953 1
0.922 0.949 1
0.935 0.976 1
0.909 0.944 1
0.947 0.922 1
0.959 0.932 1
0.879 0.929 1
0.947 0.932 1
0.96 0.955 1
0.901 0.996 1
0.936 0.943 1
0.889 0.998 1
0.898 0.922 1
0.948 0.987 1
0.871 0.947 1
0.899 0.935 1
0.946 0.935 1
0.959 0.988 1
0.908 0.934 1
0.868 0.957 1
0.894 0.955 1
0.775 0.964 1
0.84 0.923 1
0.775 0.976 1
0.751 0.911 1
0.821 0.921 1
0.747 0.904 1
0.827 0.914 1
0.772 0.911 1
0.779 0.937 1
0.795 0.925 1
0.805 0.969 1
0.782 0.909 1
0.768 0.957 1
0.807 0.916 1
0.767 0.914 1
0.782 0.983 1
0.793 0.996 1
0.832 0.932 1
0.769 0.933 1
0.777 0.909 1
0.757 0.906 1
0.758 0.985 1
0.802 0.938 1
0.792 0.96 1
0.781 0.931 1
0.783 0.936 1
0.753 0.961 1
0.799 0.947 1
0.758 0.982 1
0.806 0.999 1
0.82 0.918 1
0.766 0.923 1
0.82 0.984 1
0.8 0.937 1
0.757 0.955 1
0.826 1.0 1
0.763 0.92 1
0.783 0.954 1
0.837 0.91 1
0.775 0.901 1
0.8 0.996 1
0.789 0.959 1
0.759 0.924 1
0.775 0.95 1
0.823 0.942 1
0.837 0.933 1
0.821 0.978 1
0.772 0.91 1
0.752 0.946 1
0.796 0.976 1
0.796 0.986 1
0.752 0.946 1
0.744 1.0 1
0.813 0.997 1
0.795 0.905 1
0.843 0.974 1
0.843 0.928 1
0.798 0.973 1
0.759 0.921 1
0.768 0.964 1
0.763 0.957 1
0.776 0.963 1
0.76 0.948 1
0.812 0.923 1
0.752 0.911 1
0.77 0.967 1
0.762 0.906 1
0.765 0.931 1
0.813 0.951 1
0.783 0.948 1
0.794 0.934 1
0.799 0.937 1
0.768 0.949 1
0.844 0.906 1
0.787 0.971 1
0.765 0.922 1
0.769 0.924 1
0.84 0.97 1
0.747 0.952 1
0.833 0.955 1
0.746 0.927 1
0.799 0.954 1
0.772 0.909 1
0.844 0.914 1
0.829 0.995 1
0.801 0.977 1
0.816 0.919 1
0.793 0.958 1
0.831 0.978 1
0.82 0.913 1
0.789 0.993 1
0.814 0.938 1
0.747 0.999 1
0.77 0.968 1
0.779 0.975 1
0.81 0.924 1
0.822 0.906 1
0.76 0.959 1
0.829 0.911 1
0.793 0.904 1
0.839 0.9 1
0.781 0.932 1
0.827 0.902 1
0.763 0.916 1
0.795 0.861 1
0.791 0.907 1
0.823 0.944 1
0.801 0.884 1
0.788 0.888 1
0.858 0.888 1
0.797 0.882 1
0.766 0.932 1
0.807 0.948 1
0.833 0.956 1
0.855 0.9 1
0.844 0.938 1
0.812 0.917 1
0.817 0.929 1
0.784 0.86 1
0.853 0.893 1
0.849 0.946 1
0.812 0.94 1
0.818 0.885 1
0.792 0.947 1
0.779 0.879 1
0.796 0.932 1
0.834 0.889 1
0.798 0.952 1
0.825 0.899 1
0.774 0.866 1
0.801 0.867 1
0.812 0.922 1
0.805 0.946 1
0.858 0.892 1
0.8 0.882 1
0.819 0.899 1
0.793 0.879 1
0.849 0.938 1
0.815 0.89 1
0.795 0.924 1
0.82 0.891 1
0.801 0.896 1
0.821 0.863 1
0.792 0.945 1
0.819 0.857 1
0.861 0.951 1
0.813 0.956 1
0.817 0.935 1
0.825 0.897 1
0.786 0.91 1
0.857 0.879 1
0.841 0.857 1
0.786 0.908 1
0.801 0.875 1
0.801 0.944 1
0.83 0.897 1
0.856 0.902 1
0.804 0.927 1
0.824 0.931 1
0.831 0.889 1
0.835 0.949 1
0.846 0.86 1
0.822 0.933 1
0.8 0.907 1
0.826 0.921 1
0.803 0.932 1
0.785 0.872 1
0.817 0.881 1
0.861 0.87 1
0.778 0.914 1
0.803 0.907 1
0.832 0.936 1
0.785 0.868 1
0.827 0.954 1
0.813 0.932 1
0.839 0.945 1
0.826 0.881 1
0.803 0.956 1
0.834 0.939 1
0.791 0.94 1
0.774 0.864 1
0.847 0.91 1
0.762 0.871 1
0.795 0.932 1
0.794 0.956 1
0.837 0.948 1
0.803 0.881 1
0.778 0.889 1
0.821 0.916 1
0.856 0.91 1
0.855 0.922 1
0.852 0.877 1
0.77 0.944 1
0.828 0.907 1
0.842 0.931 1
0.784 0.874 1
0.841 0.868 1
0.818 0.935 1
0.818 0.87 1
0.817 0.883 1
0.969 0.934 1
0.938 0.905 1
0.875 0.911 1
0.934 0.893 1
0.968 0.911 1
0.901 0.944 1
0.899 0.934 1
0.891 0.878 1
0.924 0.907 1
0.938 0.896 1
0.919 0.895 1
0.926 0.915 1
0.931 0.894 1
0.954 0.856 1
0.883 0.849 1
0.929 0.943 1
0.937 0.849 1
0.945 0.872 1
0.897 0.896 1
0.887 0.919 1
0.968 0.915 1
0.959 0.914 1
0.926 0.932 1
0.953 0.92 1
0.928 0.924 1
0.922 0.852 1
0.937 0.924 1
0.948 0.926 1
0.916 0.901 1
0.964 0.85 1
0.969 0.9 1
0.96 0.877 1
0.898 0.927 1
0.948 0.909 1
0.925 0.873 1
0.961 0.863 1
0.89 0.891 1
0.965 0.941 1
0.888 0.929 1
0.903 0.857 1
0.898 0.911 1
0.955 0.928 1
0.901 0.908 1
0.878 0.872 1
0.969 0.87 1
0.883 0.922 1
0.895 0.859 1
0.966 0.881 1
0.916 0.9 1
0.937 0.907 1
0.945 0.89 1
0.944 0.903 1
0.929 0.932 1
0.939 0.875 1
0.95 0.908 1
0.899 0.909 1
0.917 0.937 1
0.956 0.855 1
0.887 0.854 1
0.948 0.903 1
0.89 0.875 1
0.961 0.939 1
0.898 0.884 1
0.942 0.853 1
0.945 0.907 1
0.942 0.912 1
0.891 0.895 1
0.957 0.904 1
0.935 0.899 1
0.967 0.929 1
0.884 0.924 1
0.896 0.935 1
0.962 0.883 1
0.896 0.85 1
0.922 0.878 1
0.905 0.933 1
0.873 0.941 1
0.941 0.902 1
0.911 0.911 1
0.887 0.85 1
0.897 0.897 1
0.874 0.906 1
0.892 0.929 1
0.966 0.902 1
0.912 0.908 1
0.966 0.889 1
0.876 0.88 1
0.944 0.94 1
0.928 0.85 1
0.961 0.931 1
0.902 0.893 1
0.962 0.882 1
0.896 0.93 1
0.942 0.865 1
0.92 0.914 1
0.964 0.87 1
0.882 0.895 1
0.923 0.855 1
0.874 0.844 1
0.952 0.927 1
0.859 0.982 1
0.9 0.961 1
0.939 0.933 1
0.894 0.93 1
0.918 0.988 1
0.886 0.976 1
0.878 0.935 1
0.933 0.932 1
0.9 0.959 1
0.95 0.993 1
0.955 0.992 1
0.954 0.911 1
0.858 0.975 1
0.862 0.919 1
0.893 0.91 1
0.885 0.948 1
0.901 0.944 1
0.939 0.962 1
0.872 0.988 1
0.869 0.997 1
0.943 0.92 1
0.922 0.925 1
0.944 0.94 1
0.953 0.942 1
0.919 0.943 1
0.914 0.933 1
0.861 0.973 1
0.931 0.937 1
0.899 0.95 1
0.927 0.956 1
0.888 0.917 1
0.915 0.926 1
0.925 0.984 1
0.866 1.0 1
0.923 0.915 1
0.9 0.916 1
0.925 0.962 1
0.948 0.92 1
0.923 0.989 1
0.856 0.978 1
0.953 0.954 1
0.946 0.942 1
0.871 0.97 1
0.918 0.995 1
0.918 0.997 1
0.897 0.909 1
0.864 0.956 1
0.902 0.984 1
0.878 0.984 1
0.906 0.924 1
0.902 0.955 1
0.879 0.965 1
0.903 0.929 1
0.9 0.912 1
0.871 0.96 1
0.933 0.939 1
0.92 0.965 1
0.944 0.909 1
0.892 0.929 1
0.862 0.938 1
0.927 0.968 1
0.908 0.959 1
0.91 0.929 1
0.913 0.991 1
0.9 0.961 1
0.886 0.946 1
0.914 0.946 1
0.888 0.932 1
0.866 0.917 1
0.941 0.996 1
0.859 0.921 1
0.948 0.946 1
0.91 0.946 1
0.867 0.91 1
0.862 0.931 1
0.916 0.936 1
0.923 0.989 1
0.863 0.973 1
0.931 0.915 1
0.936 0.956 1
0.944 0.945 1
0.911 0.93 1
0.921 0.963 1
0.868 0.987 1
0.928 0.934 1
0.887 0.925 1
0.889 0.99 1
0.925 0.982 1
0.855 0.982 1
0.923 0.976 1
0.855 0.964 1
0.908 0.986 1
0.948 0.996 1
0.912 0.972 1
0.941 0.976 1
0.94 0.996 1
0.925 0.951 1
0.896 0.967 1
0.88 0.917 1
0.954 0.956 1
0.827 0.888 1
0.79 0.882 1
0.833 0.907 1
0.804 0.954 1
0.879 0.974 1
0.879 0.915 1
0.862 0.948 1
0.846 0.947 1
0.846 0.962 1
0.848 0.895 1
0.833 0.925 1
0.879 0.909 1
0.842 0.909 1
0.783 0.965 1
0.852 0.909 1
0.843 0.908 1
0.802 0.91 1
0.877 0.885 1
0.862 0.919 1
0.812 0.881 1
0.854 0.97 1
0.804 0.946 1
0.783 0.969 1
0.785 0.888 1
0.876 0.898 1
0.855 0.905 1
0.85 0.918 1
0.788 0.95 1
0.867 0.977 1
0.791 0.886 1
0.79 0.911 1
0.863 0.957 1
0.803 0.895 1
0.838 0.958 1
0.834 0.979 1
0.8 0.972 1
0.841 0.975 1
0.79 0.881 1
0.846 0.942 1
0.819 0.947 1
0.796 0.947 1
0.821 0.98 1
0.805 0.914 1
0.79 0.948 1
0.862 0.936 1
0.868 0.892 1
0.844 0.953 1
0.804 0.959 1
0.847 0.93 1
0.812 0.963 1
0.792 0.931 1
0.867 0.933 1
0.79 0.959 1
0.857 0.881 1
0.834 0.934 1
0.832 0.896 1
0.87 0.943 1
0.816 0.884 1
0.784 0.964 1
0.866 0.887 1
0.847 0.972 1
0.804 0.896 1
0.813 0.893 1
0.84 0.962 1
0.841 0.887 1
0.853 0.963 1
0.873 0.951 1
0.866 0.904 1
0.81 0.972 1
0.87 0.96 1
0.878 0.905 1
0.815 0.933 1
0.848 0.887 1
0.844 0.888 1
0.816 0.936 1
0.82 0.959 1
0.838 0.97 1
0.813 0.954 1
0.821 0.967 1
0.854 0.964 1
0.811 0.96 1
0.807 0.925 1
0.815 0.925 1
0.842 0.921 1
0.831 0.91 1
0.8 0.941 1
0.819 0.919 1
0.862 0.948 1
0.823 0.917 1
0.88 0.885 1
0.877 0.973 1
0.859 0.888 1
0.824 0.904 1
0.826 0.976 1
0.852 0.884 1
0.826 0.905 1
0.864 0.967 1
0.833 0.939 1
0.806 0.959 1
0.84 0.953 1
0.851 0.848 1
0.8 0.822 1
0.807 0.856 1
0.8 0.814 1
0.803 0.847 1
0.86 0.856 1
0.844 0.823 1
0.829 0.778 1
0.864 0.785 1
0.842 0.805 1
0.861 0.811 1
0.859 0.788 1
0.855 0.839 1
0.873 0.786 1
0.835 0.781 1
0.885 0.814 1
0.85 0.789 1
0.821 0.805 1
0.847 0.871 1
0.888 0.816 1
0.871 0.857 1
0.887 0.836 1
0.847 0.778 1
0.876 0.811 1
0.856 0.823 1
0.837 0.797 1
0.823 0.829 1
0.812 0.779 1
0.853 0.818 1
0.833 0.781 1
0.825 0.831 1
0.801 0.791 1
0.817 0.814 1
0.823 0.779 1
0.856 0.847 1
0.822 0.842 1
0.877 0.873 1
0.852 0.875 1
0.882 0.846 1
0.837 0.859 1
0.841 0.836 1
0.794 0.803 1
0.801 0.853 1
0.807 0.804 1
0.827 0.822 1
0.85 0.874 1
0.812 0.8 1
0.882 0.822 1
0.84 0.851 1
0.834 0.797 1
0.872 0.83 1
0.85 0.866 1
0.869 0.847 1
0.877 0.839 1
0.875 0.821 1
0.834 0.868 1
0.865 0.817 1
0.842 0.831 1
0.819 0.843 1
0.816 0.869 1
0.834 0.821 1
0.881 0.777 1
0.834 0.852 1
0.871 0.794 1
0.885 0.812 1
0.821 0.779 1
0.882 0.87 1
0.805 0.855 1
0.864 0.81 1
0.796 0.805 1
0.795 0.798 1
0.827 0.837 1
0.815 0.862 1
0.879 0.859 1
0.793 0.792 1
0.845 0.847 1
0.801 0.801 1
0.864 0.826 1
0.837 0.799 1
0.845 0.835 1
0.819 0.87 1
0.834 0.82 1
0.818 0.842 1
0.886 0.776 1
0.848 0.849 1
0.799 0.782 1
0.819 0.794 1
0.824 0.851 1
0.788 0.823 1
0.852 0.859 1
0.813 0.853 1
0.872 0.788 1
0.844 0.792 1
0.789 0.87 1
0.842 0.839 1
0.866 0.875 1
0.824 0.817 1
0.855 0.874 1
0.876 0.819 1
0.831 0.849 1
0.918 0.863 1
0.88 0.867 1
0.873 0.877 1
0.956 0.881 1
0.957 0.868 1
0.955 0.87 1
0.911 0.89 1
0.937 0.828 1
0.892 0.819 1
0.969 0.873 1
0.907 0.873 1
0.931 0.845 1
0.915 0.804 1
0.936 0.802 1
0.894 0.89 1
0.936 0.827 1
0.944 0.824 1
0.884 0.844 1
0.891 0.799 1
0.923 0.823 1
0.947 0.889 1
0.925 0.867 1
0.964 0.856 1
0.907 0.828 1
0.921 0.826 1
0.972 0.88 1
0.878 0.847 1
0.937 0.887 1
0.962 0.861 1
0.873 0.862 1
0.954 0.891 1
0.957 0.847 1
0.91 0.816 1
0.904 0.82 1
0.937 0.817 1
0.924 0.81 1
0.937 0.888 1
0.874 0.873 1
0.876 0.82 1
0.972 0.809 1
0.922 0.864 1
0.876 0.803 1
0.938 0.896 1
0.948 0.896 1
0.933 0.829 1
0.894 0.867 1
0.929 0.835 1
0.89 0.877 1
0.877 0.838 1
0.922 0.891 1
0.945 0.875 1
0.883 0.858 1
0.949 0.813 1
0.947 0.886 1
0.947 0.838 1
0.947 0.8 1
0.972 0.809 1
0.939 0.831 1
0.937 0.838 1
0.964 0.869 1
0.967 0.887 1
0.872 0.815 1
0.887 0.847 1
0.883 0.892 1
0.907 0.88 1
0.912 0.877 1
0.899 0.877 1
0.929 0.796 1
0.907 0.857 1
0.966 0.886 1
0.96 0.854 1
0.894 0.87 1
0.903 0.836 1
0.908 0.83 1
0.959 0.82 1
0.935 0.886 1
0.879 0.85 1
0.96 0.811 1
0.875 0.827 1
0.945 0.883 1
0.915 0.852 1
0.878 0.89 1
0.971 0.827 1
0.896 0.855 1
0.882 0.848 1
0.926 0.882 1
0.941 0.893 1
0.919 0.891 1
0.918 0.836 1
0.912 0.852 1
0.9 0.86 1
0.92 0.863 1
0.937 0.846 1
0.903 0.804 1
0.921 0.819 1
0.899 0.828 1
0.923 0.849 1
0.961 0.852 1
0.88 0.893 1
0.952 0.85 1
0.89 0.91 1
0.899 0.973 1
0.866 0.958 1
0.887 0.935 1
0.83 0.91 1
0.851 0.936 1
0.923 0.99 1
0.911 0.998 1
0.829 0.963 1
0.882 0.945 1
0.922 0.986 1
0.911 0.967 1
0.841 0.915 1
0.926 0.929 1
0.904 0.954 1
0.897 0.955 1
0.921 0.957 1
0.829 0.928 1
0.842 0.944 1
0.868 0.923 1
0.9 0.999 1
0.836 0.983 1
0.857 0.958 1
0.921 0.924 1
0.907 0.974 1
0.881 0.917 1
0.838 0.938 1
0.864 0.94 1
0.893 0.915 1
0.844 0.976 1
0.872 0.94 1
0.867 0.993 1
0.908 0.957 1
0.861 0.928 1
0.889 0.982 1
0.86 0.944 1
0.842 0.922 1
0.901 0.918 1
0.889 0.993 1
0.911 0.997 1
0.863 0.917 1
0.926 0.982 1
0.852 0.952 1
0.831 0.979 1
0.879 0.936 1
0.919 0.933 1
0.909 0.995 1
0.888 0.929 1
0.846 0.986 1
0.856 0.986 1
0.83 0.937 1
0.882 0.923 1
0.831 0.954 1
0.887 0.991 1
0.88 0.931 1
0.914 0.955 1
0.847 0.912 1
0.92 0.99 1
0.878 0.995 1
0.904 0.929 1
0.845 0.917 1
0.906 0.985 1
0.896 0.994 1
0.859 0.966 1
0.864 0.995 1
0.847 0.97 1
0.913 0.938 1
0.879 0.941 1
0.84 0.996 1
0.87 0.982 1
0.84 0.971 1
0.826 0.947 1
0.834 0.99 1
0.832 0.957 1
0.911 1.0 1
0.878 0.977 1
0.864 0.916 1
0.864 0.954 1
0.834 0.951 1
0.922 0.949 1
0.903 0.953 1
0.836 0.923 1
0.875 0.996 1
0.889 0.916 1
0.829 0.949 1
0.871 0.929 1
0.839 0.95 1
0.838 0.99 1
0.873 0.915 1
0.869 0.955 1
0.889 0.961 1
0.863 0.937 1
0.827 0.945 1
0.826 0.999 1
0.85 0.915 1
0.901 0.96 1
0.9 0.957 1
0.833 1.0 1
0.88 0.91 1
0.895 0.914 1
0.82 0.984 1
0.836 0.976 1
0.849 0.902 1
0.804 0.955 1
0.827 0.978 1
0.847 0.906 1
0.829 0.942 1
0.844 0.967 1
0.837 0.982 1
0.829 0.906 1
0.782 0.966 1
0.78 0.929 1
0.83 0.959 1
0.774 0.908 1
0.833 0.91 1
0.778 0.909 1
0.81 0.948 1
0.801 0.947 1
0.81 0.931 1
0.856 0.902 1
0.82 0.959 1
0.813 0.928 1
0.798 0.985 1
0.772 0.911 1
0.777 0.92 1
0.821 0.947 1
0.779 0.918 1
0.799 0.951 1
0.833 0.964 1
0.822 0.966 1
0.848 0.902 1
0.803 0.902 1
0.796 0.95 1
0.784 0.977 1
0.824 0.903 1
0.787 0.902 1
0.792 0.897 1
0.86 0.959 1
0.769 0.985 1
0.788 0.937 1
0.781 0.979 1
0.843 0.912 1
0.791 0.926 1
0.858 0.948 1
0.826 0.928 1
0.848 0.983 1
0.776 0.959 1
0.818 0.937 1
0.764 0.926 1
0.818 0.909 1
0.861 0.972 1
0.833 0.916 1
0.789 0.891 1
0.825 0.931 1
0.844 0.904 1
0.837 0.977 1
0.828 0.895 1
0.805 0.978 1
0.824 0.968 1
0.77 0.921 1
0.772 0.929 1
0.862 0.941 1
0.8 0.975 1
0.797 0.959 1
0.838 0.951 1
0.775 0.894 1
0.78 0.986 1
0.792 0.98 1
0.848 0.922 1
0.805 0.919 1
0.848 0.946 1
0.78 0.922 1
0.858 0.891 1
0.785 0.953 1
0.835 0.938 1
0.809 0.975 1
0.799 0.935 1
0.793 0.929 1
0.791 0.99 1
0.846 0.985 1
0.8 0.925 1
0.764 0.909 1
0.795 0.952 1
0.764 0.934 1
0.809 0.964 1
0.785 0.951 1
0.812 0.94 1
0.848 0.943 1
0.831 0.985 1
0.816 0.958 1
0.816 0.96 1
0.851 0.926 1
0.786 0.934 1
0.815 0.977 1
0.859 0.969 1
0.836 0.901 1
0.836 0.896 1
0.781 0.968 1
0.797 0.954 1
0.834 0.898 1
0.858 0.871 1
0.877 0.869 1
0.796 0.861 1
0.841 0.841 1
0.8 0.824 1
0.858 0.889 1
0.864 0.847 1
0.78 0.802 1
0.822 0.822 1
0.81 0.815 1
0.802 0.844 1
0.825 0.897 1
0.815 0.857 1
0.787 0.875 1
0.865 0.899 1
0.78 0.834 1
0.806 0.865 1
0.811 0.84 1
0.864 0.804 1
0.866 0.818 1
0.817 0.826 1
0.837 0.863 1
0.826 0.812 1
0.802 0.824 1
0.823 0.815 1
0.78 0.895 1
0.808 0.886 1
0.836 0.839 1
0.835 0.86 1
0.811 0.893 1
0.843 0.833 1
0.831 0.886 1
0.784 0.829 1
0.837 0.887 1
0.824 0.894 1
0.82 0.843 1
0.83 0.847 1
0.853 0.87 1
0.783 0.889 1
0.846 0.839 1
0.84 0.892 1
0.82 0.822 1
0.793 0.803 1
0.791 0.893 1
0.783 0.858 1
0.835 0.853 1
0.807 0.888 1
0.865 0.804 1
0.81 0.854 1
0.785 0.876 1
0.781 0.883 1
0.857 0.849 1
0.834 0.846 1
0.823 0.837 1
0.869 0.862 1
0.842 0.861 1
0.872 0.878 1
0.872 0.833 1
0.865 0.829 1
0.84 0.868 1
0.784 0.857 1
0.823 0.851 1
0.851 0.892 1
0.786 0.893 1
0.846 0.833 1
0.78 0.883 1
0.813 0.848 1
0.856 0.844 1
0.836 0.811 1
0.843 0.864 1
0.806 0.832 1
0.785 0.842 1
0.837 0.882 1
0.861 0.841 1
0.845 0.85 1
0.856 0.883 1
0.798 0.85 1
0.818 0.854 1
0.87 0.824 1
0.809 0.901 1
0.78 0.811 1
0.805 0.88 1
0.834 0.839 1
0.788 0.842 1
0.853 0.835 1
0.812 0.848 1
0.807 0.855 1
0.809 0.806 1
0.782 0.882 1
0.813 0.818 1
0.79 0.824 1
0.835 0.837 1
0.827 0.884 1
0.84 0.892 1
0.796 0.848 1
0.833 0.83 1
0.856 0.829 1
0.848 0.857 1
0.804 0.85 1
0.856 0.842 1
0.916 0.84 1
0.965 0.783 1
0.916 0.774 1
0.97 0.839 1
0.996 0.787 1
0.928 0.786 1
0.984 0.831 1
0.917 0.831 1
0.917 0.829 1
0.973 0.844 1
0.935 0.823 1
0.951 0.807 1
0.95 0.785 1
0.924 0.785 1
0.954 0.819 1
0.978 0.745 1
0.925 0.816 1
0.967 0.783 1
0.989 0.772 1
0.981 0.772 1
0.91 0.757 1
0.905 0.826 1
0.947 0.831 1
0.998 0.772 1
0.946 0.843 1
0.977 0.755 1
0.959 0.825 1
0.955 0.834 1
0.964 0.774 1
0.92 0.782 1
0.903 0.796 1
0.918 0.814 1
0.915 0.834 1
0.975 0.802 1
0.998 0.833 1
0.935 0.775 1
0.905 0.841 1
0.941 0.835 1
0.926 0.8 1
0.967 0.823 1
0.904 0.827 1
0.983 0.773 1
0.964 0.841 1
0.99 0.794 1
0.934 0.827 1
0.995 0.839 1
0.953 0.797 1
0.968 0.844 1
0.965 0.822 1
0.998 0.789 1
0.964 0.841 1
0.989 0.764 1
0.932 0.809 1
0.987 0.827 1
0.949 0.792 1
0.917 0.836 1
0.951 0.785 1
0.986 0.802 1
0.973 0.843 1
0.946 0.804 1
0.941 0.825 1
0.992 0.755 1
0.95 0.782 1
0.986 0.77 1
0.986 0.761 1
0.958 0.821 1
0.97 0.84 1
0.985 0.818 1
0.918 0.8 1
0.98 0.781 1
0.915 0.791 1
0.969 0.752 1
0.98 0.845 1
0.908 0.84 1
0.991 0.783 1
0.924 0.844 1
0.944 0.751 1
0.984 0.819 1
0.952 0.811 1
0.984 0.786 1
0.917 0.832 1
0.937 0.799 1
0.972 0.762 1
0.924 0.841 1
0.963 0.755 1
0.948 0.799 1
0.966 0.804 1
0.986 0.763 1
0.965 0.831 1
0.902 0.775 1
0.916 0.755 1
0.956 0.778 1
0.911 0.747 1
0.929 0.758 1
0.925 0.763 1
0.903 0.745 1
0.918 0.768 1
0.98 0.749 1
0.983 0.764 1
0.993 0.747 1
