0.593 0.948 0
0.599 0.946 0
0.53 0.979 0
0.582 0.958 0
0.582 0.984 0
0.583 0.953 0
0.569 0.984 0
0.575 0.964 0
0.545 0.968 0
0.563 0.983 0
0.59 0.946 0
0.577 0.968 0
0.542 0.999 0
0.511 0.991 0
0.568 0.942 0
0.573 0.945 0
0.577 0.968 0
0.604 0.96 0
0.575 0.96 0
0.548 0.968 0
0.522 0.986 0
0.578 0.979 0
0.589 0.976 0
0.574 0.975 0
0.562 0.993 0
0.582 0.99 0
0.561 1.0 0
0.516 0.943 0
0.55 0.986 0
0.565 0.977 0
0.552 0.953 0
0.56 0.945 0
0.55 0.992 0
0.525 0.991 0
0.581 0.941 0
0.507 0.987 0
0.601 0.998 0
0.603 0.989 0
0.543 0.964 0
0.564 0.938 0
0.563 0.963 0
0.602 0.96 0
0.524 0.98 0
0.518 0.95 0
0.542 0.941 0
0.528 0.955 0
0.559 0.964 0
0.542 0.953 0
0.576 0.989 0
0.569 0.992 0
0.526 0.98 0
0.517 0.962 0
0.508 0.956 0
0.553 0.969 0
0.573 0.956 0
0.566 0.954 0
0.539 0.953 0
0.542 0.955 0
0.57 0.943 0
0.581 0.939 0
0.563 1.0 0
0.596 0.999 0
0.594 0.938 0
0.581 0.942 0
0.572 0.969 0
0.517 0.943 0
0.591 0.975 0
0.573 0.96 0
0.56 0.96 0
0.521 0.955 0
0.546 0.97 0
0.511 0.96 0
0.512 0.949 0
0.534 0.975 0
0.589 1.0 0
0.54 0.98 0
0.572 0.946 0
0.51 0.989 0
0.548 0.984 0
0.583 0.992 0
0.51 0.941 0
0.538 0.964 0
0.527 0.982 0
0.573 0.939 0
0.534 0.973 0
0.546 0.963 0
0.545 0.983 0
0.576 0.967 0
0.565 0.941 0
0.581 0.984 0
0.579 0.952 0
0.533 0.945 0
0.567 0.997 0
0.504 0.983 0
0.546 0.993 0
0.548 0.953 0
0.585 0.998 0
0.563 0.978 0
0.544 0.994 0
0.544 0.97 0
0.533 0.995 0
0.593 0.952 0
0.532 0.95 0
0.561 0.98 0
0.534 0.932 0
0.539 0.964 0
0.594 0.93 0
0.587 0.95 0
0.521 0.935 0
0.574 0.933 0
0.495 0.982 0
0.504 0.978 0
0.583 0.934 0
0.501 0.964 0
0.549 0.948 0
0.517 0.999 0
0.522 0.929 0
0.537 0.982 0
0.548 0.977 0
0.508 0.993 0
0.55 0.975 0
0.52 0.971 0
0.588 0.997 0
0.594 0.996 0
0.513 0.979 0
0.558 0.931 0
0.565 0.972 0
0.576 0.998 0
0.561 0.932 0
0.534 0.981 0
0.525 0.958 0
0.573 0.96 0
0.538 0.95 0
0.498 0.991 0
0.572 0.987 0
0.51 0.944 0
0.569 0.933 0
0.504 0.95 0
0.553 0.929 0
0.594 0.958 0
0.552 0.944 0
0.54 0.994 0
0.547 0.998 0
0.555 0.968 0
0.564 0.967 0
0.592 0.937 0
0.531 0.988 0
0.5 0.943 0
0.502 0.974 0
0.546 0.994 0
0.564 0.968 0
0.544 0.994 0
0.512 0.942 0
0.542 0.987 0
0.533 0.953 0
0.532 0.929 0
0.555 0.988 0
0.548 0.929 0
0.545 0.947 0
0.505 0.969 0
0.523 0.932 0
0.566 0.932 0
0.591 0.967 0
0.525 0.974 0
0.509 0.926 0
0.536 0.96 0
0.554 0.956 0
0.512 0.97 0
0.518 0.997 0
0.53 0.988 0
0.567 0.996 0
0.526 0.972 0
0.573 0.978 0
0.59 0.982 0
0.529 1.0 0
0.565 0.966 0
0.551 1.0 0
0.593 0.934 0
0.558 0.93 0
0.51 0.931 0
0.495 0.969 0
0.573 0.933 0
0.556 0.997 0
0.566 0.939 0
0.576 0.971 0
0.502 0.987 0
0.503 0.931 0
0.514 0.945 0
0.513 0.937 0
0.551 0.954 0
0.583 0.987 0
0.508 0.974 0
0.568 0.932 0
0.548 0.988 0
0.564 0.977 0
0.531 0.929 0
0.507 0.933 0
0.559 0.961 0
0.562 0.957 0
0.576 0.953 0
0.475 0.916 0
0.485 0.993 0
0.548 0.996 0
0.521 0.927 0
0.531 0.917 0
0.474 0.941 0
0.467 0.942 0
0.484 0.986 0
0.475 0.954 0
0.523 0.926 0
0.487 0.937 0
0.553 0.995 0
0.514 0.952 0
0.557 0.956 0
0.474 0.97 0
0.475 0.995 0
0.503 0.962 0
0.556 0.986 0
0.553 0.923 0
0.472 0.909 0
0.513 0.994 0
0.477 0.944 0
0.526 0.985 0
0.471 0.913 0
0.511 0.977 0
0.56 0.91 0
0.542 0.938 0
0.504 0.978 0
0.504 0.998 0
0.472 0.953 0
0.466 0.923 0
0.465 0.914 0
0.509 0.924 0
0.557 0.931 0
0.529 0.924 0
0.511 0.911 0
0.48 0.974 0
0.495 0.983 0
0.525 0.938 0
0.52 0.93 0
0.511 0.92 0
0.473 0.914 0
0.547 0.964 0
0.505 0.962 0
0.519 0.968 0
0.556 0.949 0
0.477 0.968 0
0.498 0.935 0
0.541 0.973 0
0.554 0.967 0
0.479 0.946 0
0.515 0.938 0
0.542 0.95 0
0.476 0.964 0
0.491 0.909 0
0.529 0.991 0
0.511 0.957 0
0.519 0.911 0
0.499 0.93 0
0.536 0.918 0
0.506 0.93 0
0.482 0.941 0
0.531 0.969 0
0.497 1.0 0
0.534 0.975 0
0.468 0.984 0
0.509 0.911 0
0.531 0.968 0
0.513 0.972 0
0.474 0.945 0
0.517 0.97 0
0.47 0.929 0
0.517 0.929 0
0.491 0.92 0
0.488 0.923 0
0.503 0.975 0
0.468 0.916 0
0.55 0.921 0
0.529 0.931 0
0.484 0.926 0
0.521 0.965 0
0.537 0.937 0
0.474 0.958 0
0.468 0.989 0
0.466 0.945 0
0.464 0.918 0
0.487 0.929 0
0.556 0.942 0
0.555 0.917 0
0.481 0.936 0
0.559 0.982 0
0.484 0.951 0
0.51 0.988 0
0.557 0.934 0
0.528 0.913 0
0.462 0.936 0
0.509 0.985 0
0.492 0.931 0
0.544 0.919 0
0.508 0.941 0
0.519 0.951 0
0.509 0.902 0
0.425 0.908 0
0.465 0.929 0
0.502 0.953 0
0.43 0.956 0
0.512 0.922 0
0.465 0.986 0
0.521 0.976 0
0.518 0.98 0
0.432 0.955 0
0.519 0.954 0
0.513 0.894 0
0.471 0.959 0
0.455 0.975 0
0.442 0.943 0
0.475 0.989 0
0.49 0.924 0
0.496 0.926 0
0.512 0.909 0
0.458 0.944 0
0.474 0.944 0
0.486 0.937 0
0.447 0.965 0
0.522 0.98 0
0.493 0.99 0
0.519 0.899 0
0.503 0.901 0
0.485 0.958 0
0.48 0.909 0
0.457 0.899 0
0.508 0.974 0
0.45 0.922 0
0.428 0.987 0
0.464 0.984 0
0.495 0.96 0
0.466 0.911 0
0.472 0.913 0
0.487 0.932 0
0.503 0.959 0
0.448 0.929 0
0.463 0.899 0
0.43 0.986 0
0.437 0.9 0
0.489 0.991 0
0.434 0.925 0
0.434 0.933 0
0.483 0.97 0
0.508 0.967 0
0.486 0.957 0
0.425 0.921 0
0.44 0.984 0
0.481 0.939 0
0.513 0.913 0
0.523 0.916 0
0.492 0.966 0
0.477 0.939 0
0.519 0.906 0
0.491 0.934 0
0.514 0.897 0
0.493 0.905 0
0.469 0.951 0
0.474 0.904 0
0.502 0.914 0
0.51 0.917 0
0.461 0.968 0
0.51 0.972 0
0.475 0.945 0
0.487 0.915 0
0.448 0.905 0
0.428 0.895 0
0.469 0.922 0
0.436 0.982 0
0.475 0.982 0
0.46 0.899 0
0.444 0.953 0
0.508 0.909 0
0.477 0.958 0
0.493 0.977 0
0.43 0.901 0
0.467 0.955 0
0.5 0.962 0
0.447 0.978 0
0.457 0.896 0
0.492 0.953 0
0.517 0.907 0
0.509 0.949 0
0.492 0.973 0
0.482 0.899 0
0.442 0.932 0
0.505 0.966 0
0.439 0.905 0
0.463 0.892 0
0.487 0.957 0
0.449 0.924 0
0.48 0.969 0
0.461 0.927 0
0.448 0.933 0
0.473 0.986 0
0.452 0.954 0
0.447 0.954 0
0.447 0.9 0
0.446 0.913 0
0.469 0.961 0
0.492 0.894 0
0.402 0.905 0
0.455 0.906 0
0.424 0.881 0
0.449 0.885 0
0.462 0.894 0
0.42 0.924 0
0.411 0.897 0
0.401 0.917 0
0.487 0.967 0
0.446 0.886 0
0.426 0.973 0
0.469 0.964 0
0.483 0.914 0
0.418 0.91 0
0.448 0.918 0
0.427 0.973 0
0.442 0.951 0
0.464 0.941 0
0.435 0.898 0
0.456 0.896 0
0.486 0.96 0
0.399 0.932 0
0.48 0.921 0
0.416 0.964 0
0.439 0.974 0
0.444 0.936 0
0.425 0.937 0
0.399 0.961 0
0.436 0.893 0
0.422 0.911 0
0.443 0.95 0
0.487 0.893 0
0.471 0.883 0
0.458 0.918 0
0.422 0.971 0
0.413 0.922 0
0.458 0.931 0
0.413 0.899 0
0.408 0.952 0
0.457 0.964 0
0.418 0.911 0
0.457 0.966 0
0.474 0.909 0
0.437 0.902 0
0.462 0.894 0
0.449 0.896 0
0.478 0.962 0
0.494 0.892 0
0.442 0.915 0
0.485 0.945 0
0.451 0.953 0
0.424 0.936 0
0.479 0.939 0
0.412 0.941 0
0.475 0.961 0
0.472 0.929 0
0.428 0.967 0
0.464 0.946 0
0.416 0.923 0
0.487 0.96 0
0.487 0.971 0
0.431 0.88 0
0.419 0.94 0
0.497 0.945 0
0.486 0.95 0
0.484 0.919 0
0.488 0.936 0
0.416 0.974 0
0.465 0.934 0
0.461 0.936 0
0.467 0.897 0
0.487 0.922 0
0.422 0.957 0
0.433 0.94 0
0.412 0.941 0
0.421 0.963 0
0.435 0.944 0
0.402 0.956 0
0.403 0.95 0
0.445 0.9 0
0.405 0.893 0
0.47 0.975 0
0.434 0.926 0
0.438 0.907 0
0.488 0.898 0
0.479 0.883 0
0.409 0.876 0
0.431 0.894 0
0.486 0.926 0
0.406 0.961 0
0.453 0.886 0
0.398 0.943 0
0.482 0.965 0
0.476 0.95 0
0.455 0.894 0
0.388 0.944 0
0.431 0.955 0
0.392 0.941 0
0.393 0.877 0
0.378 0.948 0
0.466 0.936 0
0.471 0.895 0
0.447 0.952 0
0.406 0.927 0
0.438 0.943 0
0.381 0.942 0
0.417 0.865 0
0.422 0.881 0
0.428 0.918 0
0.384 0.945 0
0.384 0.925 0
0.476 0.951 0
0.447 0.88 0
0.438 0.915 0
0.394 0.886 0
0.38 0.883 0
0.419 0.875 0
0.447 0.954 0
0.407 0.878 0
0.474 0.946 0
0.414 0.887 0
0.465 0.868 0
0.447 0.878 0
0.457 0.947 0
0.41 0.871 0
0.442 0.934 0
0.403 0.883 0
0.438 0.915 0
0.468 0.937 0
0.392 0.875 0
0.419 0.954 0
0.407 0.883 0
0.42 0.922 0
0.429 0.879 0
0.391 0.906 0
0.475 0.959 0
0.383 0.865 0
0.424 0.899 0
0.477 0.866 0
0.452 0.956 0
0.385 0.919 0
0.396 0.917 0
0.454 0.874 0
0.387 0.922 0
0.456 0.898 0
0.468 0.935 0
0.439 0.919 0
0.425 0.908 0
0.378 0.926 0
0.394 0.941 0
0.447 0.918 0
0.385 0.946 0
0.475 0.891 0
0.429 0.933 0
0.451 0.884 0
0.449 0.923 0
0.403 0.933 0
0.389 0.94 0
0.404 0.888 0
0.444 0.963 0
0.476 0.931 0
0.379 0.869 0
0.407 0.921 0
0.458 0.944 0
0.411 0.863 0
0.391 0.935 0
0.407 0.962 0
0.468 0.892 0
0.381 0.896 0
0.4 0.93 0
0.403 0.911 0
0.474 0.863 0
0.442 0.884 0
0.453 0.938 0
0.474 0.923 0
0.413 0.927 0
0.437 0.954 0
0.385 0.959 0
0.389 0.869 0
0.386 0.863 0
0.385 0.934 0
0.452 0.924 0
0.457 0.92 0
0.465 0.935 0
0.38 0.866 0
0.379 0.944 0
0.408 0.941 0
0.403 0.871 0
0.455 0.959 0
0.471 0.916 0
0.393 0.963 0
0.379 0.912 0
0.424 0.909 0
0.456 0.962 0
0.437 0.869 0
0.382 0.875 0
0.361 0.902 0
0.441 0.841 0
0.401 0.857 0
0.385 0.882 0
0.442 0.892 0
0.383 0.86 0
0.383 0.909 0
0.386 0.935 0
0.385 0.922 0
0.419 0.905 0
0.425 0.918 0
0.401 0.932 0
0.418 0.876 0
0.433 0.898 0
0.424 0.867 0
0.38 0.837 0
0.356 0.848 0
0.429 0.854 0
0.405 0.919 0
0.423 0.88 0
0.359 0.872 0
0.367 0.904 0
0.416 0.869 0
0.354 0.89 0
0.429 0.847 0
0.41 0.901 0
0.43 0.914 0
0.443 0.921 0
0.367 0.932 0
0.379 0.89 0
0.356 0.928 0
0.409 0.881 0
0.358 0.867 0
0.387 0.876 0
0.398 0.91 0
0.397 0.879 0
0.365 0.845 0
0.377 0.932 0
0.41 0.909 0
0.387 0.862 0
0.417 0.922 0
0.378 0.859 0
0.381 0.87 0
0.346 0.864 0
0.406 0.927 0
0.353 0.843 0
0.429 0.857 0
0.44 0.928 0
0.417 0.879 0
0.35 0.868 0
0.368 0.877 0
0.444 0.896 0
0.426 0.924 0
0.395 0.85 0
0.4 0.837 0
0.403 0.916 0
0.396 0.837 0
0.4 0.859 0
0.366 0.851 0
0.416 0.896 0
0.434 0.847 0
0.361 0.909 0
0.407 0.876 0
0.351 0.903 0
0.439 0.853 0
0.381 0.906 0
0.405 0.883 0
0.368 0.853 0
0.444 0.928 0
0.443 0.925 0
0.442 0.92 0
0.409 0.893 0
0.35 0.891 0
0.402 0.933 0
0.406 0.878 0
0.428 0.843 0
0.436 0.862 0
0.378 0.856 0
0.429 0.937 0
0.443 0.86 0
0.431 0.886 0
0.389 0.846 0
0.41 0.876 0
0.407 0.892 0
0.441 0.848 0
0.38 0.91 0
0.416 0.919 0
0.412 0.923 0
0.428 0.877 0
0.37 0.874 0
0.442 0.865 0
0.352 0.871 0
0.347 0.901 0
0.354 0.885 0
0.426 0.852 0
0.37 0.854 0
0.404 0.857 0
0.345 0.921 0
0.434 0.887 0
0.412 0.895 0
0.41 0.822 0
0.359 0.9 0
0.355 0.836 0
0.369 0.852 0
0.399 0.871 0
0.389 0.905 0
0.418 0.851 0
0.407 0.871 0
0.356 0.859 0
0.326 0.86 0
0.373 0.853 0
0.37 0.889 0
0.364 0.889 0
0.349 0.846 0
0.403 0.832 0
0.409 0.851 0
0.335 0.843 0
0.334 0.839 0
0.396 0.827 0
0.34 0.859 0
0.375 0.826 0
0.411 0.906 0
0.356 0.905 0
0.378 0.872 0
0.323 0.849 0
0.339 0.837 0
0.365 0.872 0
0.341 0.825 0
0.374 0.875 0
0.327 0.915 0
0.4 0.893 0
0.369 0.839 0
0.344 0.913 0
0.33 0.873 0
0.401 0.831 0
0.358 0.827 0
0.355 0.891 0
0.331 0.823 0
0.38 0.86 0
0.413 0.836 0
0.415 0.891 0
0.322 0.843 0
0.401 0.888 0
0.376 0.857 0
0.394 0.906 0
0.332 0.862 0
0.327 0.895 0
0.354 0.92 0
0.402 0.897 0
0.369 0.882 0
0.348 0.896 0
0.408 0.906 0
0.335 0.919 0
0.327 0.848 0
0.373 0.886 0
0.323 0.844 0
0.325 0.821 0
0.383 0.917 0
0.365 0.916 0
0.41 0.898 0
0.405 0.906 0
0.413 0.825 0
0.334 0.841 0
0.382 0.859 0
0.368 0.901 0
0.409 0.907 0
0.415 0.851 0
0.397 0.881 0
0.381 0.868 0
0.344 0.822 0
0.38 0.884 0
0.397 0.885 0
0.402 0.874 0
0.418 0.845 0
0.366 0.907 0
0.352 0.877 0
0.416 0.899 0
0.333 0.909 0
0.395 0.877 0
0.362 0.833 0
0.368 0.863 0
0.324 0.916 0
0.351 0.867 0
0.419 0.878 0
0.327 0.883 0
0.414 0.845 0
0.351 0.838 0
0.385 0.836 0
0.336 0.875 0
0.419 0.867 0
0.331 0.844 0
0.335 0.835 0
0.362 0.852 0
0.355 0.86 0
0.323 0.918 0
0.326 0.832 0
0.397 0.907 0
0.355 0.905 0
0.41 0.9 0
0.312 0.822 0
0.376 0.805 0
0.347 0.869 0
0.336 0.816 0
0.305 0.885 0
0.394 0.817 0
0.325 0.872 0
0.391 0.832 0
0.363 0.83 0
0.361 0.866 0
0.323 0.805 0
0.354 0.841 0
0.304 0.89 0
0.313 0.844 0
0.373 0.875 0
0.359 0.824 0
0.299 0.875 0
0.331 0.805 0
0.344 0.856 0
0.323 0.863 0
0.344 0.858 0
0.314 0.851 0
0.337 0.862 0
0.302 0.85 0
0.348 0.815 0
0.311 0.847 0
0.35 0.831 0
0.387 0.847 0
0.306 0.841 0
0.364 0.847 0
0.301 0.87 0
0.388 0.831 0
0.374 0.832 0
0.328 0.829 0
0.37 0.834 0
0.366 0.801 0
0.39 0.881 0
0.379 0.822 0
0.371 0.894 0
0.318 0.804 0
0.387 0.801 0
0.378 0.833 0
0.34 0.879 0
0.359 0.877 0
0.334 0.814 0
0.303 0.894 0
0.34 0.87 0
0.378 0.852 0
0.332 0.839 0
0.323 0.879 0
0.345 0.894 0
0.392 0.828 0
0.343 0.833 0
0.362 0.869 0
0.329 0.824 0
0.318 0.893 0
0.357 0.819 0
0.361 0.898 0
0.394 0.828 0
0.393 0.8 0
0.309 0.827 0
0.304 0.899 0
0.379 0.821 0
0.393 0.872 0
0.335 0.838 0
0.349 0.833 0
0.387 0.888 0
0.373 0.846 0
0.311 0.881 0
0.379 0.865 0
0.369 0.817 0
0.325 0.876 0
0.317 0.8 0
0.332 0.873 0
0.384 0.898 0
0.32 0.854 0
0.395 0.812 0
0.376 0.81 0
0.303 0.808 0
0.357 0.863 0
0.386 0.824 0
0.317 0.895 0
0.308 0.851 0
0.333 0.808 0
0.381 0.875 0
0.323 0.859 0
0.363 0.84 0
0.317 0.843 0
0.361 0.801 0
0.307 0.813 0
0.322 0.807 0
0.315 0.852 0
0.335 0.857 0
0.362 0.855 0
0.37 0.806 0
0.352 0.804 0
0.368 0.81 0
0.332 0.834 0
0.313 0.827 0
0.318 0.862 0
0.266 0.811 0
0.31 0.844 0
0.261 0.767 0
0.265 0.81 0
0.332 0.77 0
0.343 0.814 0
0.27 0.829 0
0.313 0.85 0
0.276 0.834 0
0.336 0.858 0
0.281 0.787 0
0.31 0.823 0
0.274 0.799 0
0.338 0.857 0
0.302 0.788 0
0.273 0.838 0
0.321 0.769 0
0.297 0.782 0
0.259 0.837 0
0.328 0.775 0
0.27 0.827 0
0.342 0.773 0
0.265 0.815 0
0.339 0.827 0
0.298 0.849 0
0.333 0.817 0
0.346 0.769 0
0.344 0.793 0
0.268 0.76 0
0.303 0.776 0
0.356 0.826 0
0.27 0.856 0
0.274 0.82 0
0.272 0.804 0
0.342 0.833 0
0.311 0.849 0
0.267 0.777 0
0.343 0.774 0
0.316 0.811 0
0.287 0.798 0
0.275 0.778 0
0.268 0.812 0
0.326 0.786 0
0.35 0.806 0
0.325 0.775 0
0.301 0.821 0
0.314 0.859 0
0.315 0.846 0
0.351 0.802 0
0.342 0.763 0
0.281 0.828 0
0.275 0.816 0
0.322 0.789 0
0.334 0.797 0
0.29 0.833 0
0.341 0.838 0
0.267 0.852 0
0.274 0.791 0
0.286 0.819 0
0.357 0.764 0
0.293 0.768 0
0.295 0.851 0
0.328 0.781 0
0.307 0.818 0
0.355 0.824 0
0.292 0.853 0
0.349 0.839 0
0.269 0.784 0
0.307 0.823 0
0.328 0.801 0
0.337 0.844 0
0.346 0.805 0
0.294 0.799 0
0.301 0.828 0
0.298 0.791 0
0.326 0.777 0
0.351 0.814 0
0.308 0.821 0
0.299 0.833 0
0.353 0.825 0
0.322 0.844 0
0.345 0.76 0
0.32 0.857 0
0.305 0.835 0
0.32 0.771 0
0.298 0.769 0
0.351 0.854 0
0.357 0.773 0
0.325 0.76 0
0.296 0.797 0
0.289 0.761 0
0.348 0.759 0
0.321 0.851 0
0.346 0.79 0
0.33 0.787 0
0.332 0.775 0
0.35 0.796 0
0.304 0.787 0
0.303 0.808 0
0.329 0.854 0
0.274 0.762 0
0.259 0.791 0
0.313 0.815 0
0.27 0.784 0
0.246 0.743 0
0.293 0.785 0
0.27 0.802 0
0.247 0.74 0
0.247 0.791 0
0.299 0.767 0
0.26 0.765 0
0.238 0.834 0
0.242 0.75 0
0.324 0.83 0
0.287 0.837 0
0.246 0.806 0
0.26 0.793 0
0.321 0.795 0
0.239 0.746 0
0.248 0.825 0
0.292 0.794 0
0.332 0.745 0
0.33 0.774 0
0.33 0.758 0
0.252 0.808 0
0.313 0.742 0
0.313 0.824 0
0.271 0.76 0
0.261 0.819 0
0.264 0.827 0
0.267 0.776 0
0.269 0.767 0
0.293 0.82 0
0.24 0.763 0
0.298 0.76 0
0.29 0.75 0
0.261 0.792 0
0.326 0.774 0
0.304 0.74 0
0.327 0.757 0
0.255 0.77 0
0.284 0.819 0
0.241 0.832 0
0.258 0.755 0
0.319 0.769 0
0.244 0.831 0
0.319 0.755 0
0.318 0.767 0
0.307 0.803 0
0.239 0.815 0
0.241 0.76 0
0.331 0.814 0
0.307 0.789 0
0.307 0.82 0
0.299 0.763 0
0.315 0.832 0
0.328 0.83 0
0.324 0.792 0
0.279 0.813 0
0.307 0.742 0
0.275 0.761 0
0.291 0.823 0
0.298 0.753 0
0.305 0.837 0
0.266 0.811 0
0.269 0.82 0
0.246 0.836 0
0.329 0.777 0
0.306 0.806 0
0.299 0.81 0
0.263 0.797 0
0.31 0.824 0
0.318 0.819 0
0.315 0.821 0
0.294 0.817 0
0.26 0.805 0
0.306 0.824 0
0.305 0.781 0
0.302 0.749 0
0.238 0.821 0
0.304 0.75 0
0.262 0.827 0
0.286 0.816 0
0.3 0.805 0
0.312 0.777 0
0.315 0.818 0
0.292 0.788 0
0.321 0.801 0
0.281 0.806 0
0.236 0.775 0
0.323 0.756 0
0.31 0.838 0
0.284 0.794 0
0.299 0.806 0
0.288 0.77 0
0.308 0.766 0
0.266 0.827 0
0.315 0.751 0
0.332 0.797 0
0.297 0.777 0
0.256 0.759 0
0.285 0.793 0
0.254 0.791 0
0.294 0.747 0
0.235 0.713 0
0.23 0.796 0
0.249 0.7 0
0.219 0.716 0
0.202 0.729 0
0.24 0.758 0
0.202 0.762 0
0.204 0.704 0
0.291 0.79 0
0.237 0.732 0
0.207 0.746 0
0.249 0.764 0
0.261 0.7 0
0.218 0.791 0
0.216 0.721 0
0.285 0.72 0
0.283 0.775 0
0.254 0.793 0
0.198 0.742 0
0.289 0.772 0
0.246 0.796 0
0.233 0.711 0
0.284 0.714 0
0.279 0.701 0
0.237 0.722 0
0.25 0.762 0
0.199 0.733 0
0.243 0.789 0
0.267 0.737 0
0.235 0.733 0
0.239 0.76 0
0.248 0.759 0
0.236 0.795 0
0.198 0.72 0
0.258 0.73 0
0.229 0.76 0
0.265 0.769 0
0.234 0.738 0
0.254 0.711 0
0.28 0.77 0
0.291 0.736 0
0.208 0.757 0
0.282 0.769 0
0.25 0.797 0
0.279 0.717 0
0.292 0.755 0
0.221 0.725 0
0.241 0.736 0
0.279 0.722 0
0.249 0.769 0
0.22 0.716 0
0.241 0.74 0
0.243 0.708 0
0.233 0.741 0
0.206 0.703 0
0.272 0.741 0
0.276 0.7 0
0.27 0.728 0
0.29 0.703 0
0.214 0.708 0
0.263 0.727 0
0.219 0.702 0
0.205 0.778 0
0.258 0.788 0
0.29 0.753 0
0.235 0.746 0
0.266 0.742 0
0.238 0.754 0
0.285 0.733 0
0.281 0.766 0
0.257 0.707 0
0.256 0.747 0
0.228 0.769 0
0.227 0.716 0
0.253 0.72 0
0.263 0.756 0
0.249 0.7 0
0.258 0.753 0
0.239 0.723 0
0.197 0.697 0
0.202 0.769 0
0.268 0.781 0
0.221 0.699 0
0.274 0.741 0
0.229 0.727 0
0.231 0.718 0
0.208 0.701 0
0.199 0.754 0
0.236 0.785 0
0.26 0.707 0
0.248 0.712 0
0.282 0.773 0
0.284 0.702 0
0.293 0.775 0
0.273 0.767 0
0.292 0.772 0
0.213 0.715 0
0.17 0.721 0
0.242 0.673 0
0.244 0.731 0
0.189 0.697 0
0.229 0.687 0
0.169 0.75 0
0.244 0.671 0
0.228 0.707 0
0.198 0.692 0
0.178 0.747 0
0.223 0.709 0
0.225 0.724 0
0.232 0.729 0
0.203 0.748 0
0.163 0.737 0
0.244 0.663 0
0.233 0.707 0
0.254 0.677 0
0.17 0.73 0
0.23 0.693 0
0.225 0.709 0
0.182 0.671 0
0.203 0.676 0
0.195 0.659 0
0.235 0.696 0
0.164 0.67 0
0.214 0.69 0
0.187 0.734 0
0.254 0.672 0
0.186 0.69 0
0.231 0.666 0
0.258 0.728 0
0.212 0.682 0
0.216 0.747 0
0.235 0.734 0
0.193 0.704 0
0.212 0.734 0
0.245 0.697 0
0.263 0.667 0
0.192 0.673 0
0.178 0.694 0
0.197 0.757 0
0.237 0.678 0
0.225 0.739 0
0.204 0.721 0
0.243 0.732 0
0.247 0.744 0
0.217 0.757 0
0.169 0.67 0
0.233 0.693 0
0.248 0.724 0
0.247 0.702 0
0.211 0.663 0
0.17 0.684 0
0.183 0.743 0
0.261 0.709 0
0.235 0.746 0
0.258 0.73 0
0.181 0.708 0
0.172 0.73 0
0.163 0.742 0
0.26 0.742 0
0.236 0.698 0
0.241 0.662 0
0.181 0.666 0
0.26 0.757 0
0.246 0.696 0
0.186 0.734 0
0.18 0.721 0
0.201 0.733 0
0.23 0.69 0
0.244 0.663 0
0.233 0.667 0
0.255 0.743 0
0.194 0.702 0
0.176 0.676 0
0.197 0.756 0
0.232 0.693 0
0.185 0.694 0
0.173 0.727 0
0.204 0.66 0
0.236 0.723 0
0.205 0.748 0
0.224 0.717 0
0.262 0.707 0
0.244 0.689 0
0.168 0.732 0
0.179 0.738 0
0.193 0.69 0
0.26 0.71 0
0.17 0.754 0
0.167 0.666 0
0.185 0.709 0
0.178 0.714 0
0.205 0.757 0
0.198 0.721 0
0.241 0.726 0
0.179 0.706 0
0.212 0.741 0
0.185 0.649 0
0.164 0.616 0
0.207 0.64 0
0.154 0.632 0
0.122 0.665 0
0.218 0.673 0
0.162 0.668 0
0.146 0.677 0
0.144 0.659 0
0.166 0.681 0
0.13 0.617 0
0.217 0.688 0
0.204 0.643 0
0.149 0.667 0
0.176 0.656 0
0.21 0.64 0
0.157 0.613 0
0.22 0.696 0
0.172 0.613 0
0.164 0.667 0
0.122 0.644 0
0.139 0.633 0
0.181 0.695 0
0.212 0.627 0
0.171 0.609 0
0.179 0.67 0
0.217 0.684 0
0.129 0.63 0
0.145 0.675 0
0.198 0.693 0
0.123 0.625 0
0.132 0.662 0
0.169 0.616 0
0.173 0.669 0
0.164 0.665 0
0.143 0.613 0
0.161 0.676 0
0.173 0.626 0
0.133 0.628 0
0.161 0.695 0
0.212 0.63 0
0.205 0.705 0
0.151 0.681 0
0.13 0.622 0
0.182 0.609 0
0.162 0.688 0
0.15 0.671 0
0.194 0.63 0
0.126 0.684 0
0.179 0.634 0
0.151 0.635 0
0.144 0.669 0
0.207 0.687 0
0.184 0.633 0
0.128 0.703 0
0.135 0.621 0
0.133 0.62 0
0.195 0.622 0
0.15 0.642 0
0.121 0.63 0
0.167 0.703 0
0.134 0.626 0
0.19 0.704 0
0.126 0.708 0
0.168 0.669 0
0.21 0.666 0
0.207 0.643 0
0.202 0.682 0
0.16 0.635 0
0.203 0.673 0
0.158 0.639 0
0.175 0.681 0
0.191 0.674 0
0.198 0.642 0
0.201 0.627 0
0.135 0.621 0
0.215 0.679 0
0.195 0.699 0
0.179 0.631 0
0.199 0.69 0
0.197 0.654 0
0.218 0.634 0
0.126 0.633 0
0.17 0.701 0
0.16 0.633 0
0.17 0.693 0
0.144 0.64 0
0.197 0.637 0
0.134 0.669 0
0.156 0.621 0
0.163 0.619 0
0.201 0.634 0
0.163 0.698 0
0.208 0.694 0
0.153 0.697 0
0.183 0.708 0
0.215 0.637 0
0.203 0.663 0
0.123 0.66 0
0.185 0.673 0
0.137 0.564 0
0.111 0.568 0
0.11 0.54 0
0.13 0.541 0
0.128 0.593 0
0.072 0.572 0
0.087 0.578 0
0.061 0.551 0
0.082 0.563 0
0.081 0.592 0
0.122 0.605 0
0.08 0.54 0
0.078 0.591 0
0.09 0.589 0
0.097 0.55 0
0.109 0.553 0
0.055 0.592 0
0.081 0.617 0
0.086 0.587 0
0.069 0.633 0
0.061 0.57 0
0.081 0.608 0
0.086 0.564 0
0.077 0.545 0
0.146 0.622 0
0.057 0.634 0
0.11 0.599 0
0.133 0.556 0
0.114 0.548 0
0.112 0.62 0
0.085 0.6 0
0.059 0.627 0
0.075 0.567 0
0.135 0.571 0
0.117 0.577 0
0.096 0.568 0
0.101 0.577 0
0.118 0.628 0
0.113 0.575 0
0.109 0.555 0
0.066 0.597 0
0.057 0.551 0
0.052 0.572 0
0.142 0.599 0
0.122 0.565 0
0.095 0.589 0
0.092 0.609 0
0.058 0.566 0
0.108 0.609 0
0.05 0.619 0
0.091 0.552 0
0.06 0.604 0
0.103 0.631 0
0.072 0.6 0
0.121 0.555 0
0.125 0.539 0
0.118 0.595 0
0.145 0.541 0
0.109 0.552 0
0.086 0.583 0
0.125 0.606 0
0.13 0.582 0
0.12 0.595 0
0.14 0.588 0
0.06 0.586 0
0.107 0.58 0
0.143 0.571 0
0.134 0.575 0
0.122 0.583 0
0.081 0.607 0
0.123 0.56 0
0.1 0.593 0
0.054 0.596 0
0.107 0.561 0
0.082 0.633 0
0.06 0.62 0
0.057 0.552 0
0.052 0.633 0
0.094 0.6 0
0.138 0.611 0
0.054 0.548 0
0.133 0.63 0
0.047 0.567 0
0.069 0.554 0
0.09 0.633 0
0.086 0.593 0
0.107 0.603 0
0.064 0.582 0
0.117 0.577 0
0.069 0.547 0
0.099 0.564 0
0.079 0.561 0
0.118 0.623 0
0.071 0.591 0
0.143 0.559 0
0.116 0.629 0
0.076 0.623 0
0.107 0.534 0
0.098 0.561 0
0.096 0.592 0
0.018 0.525 0
0.043 0.571 0
0.033 0.545 0
0.082 0.543 0
0.031 0.529 0
0.018 0.585 0
0.029 0.586 0
0.094 0.531 0
0.11 0.534 0
0.037 0.529 0
0.104 0.579 0
0.091 0.566 0
0.044 0.499 0
0.11 0.548 0
0.041 0.521 0
0.047 0.526 0
0.044 0.537 0
0.054 0.5 0
0.093 0.575 0
0.068 0.578 0
0.03 0.557 0
0.014 0.568 0
0.042 0.548 0
0.065 0.584 0
0.092 0.542 0
0.034 0.5 0
0.076 0.501 0
0.026 0.57 0
0.055 0.531 0
0.075 0.583 0
0.054 0.523 0
0.098 0.566 0
0.086 0.591 0
0.097 0.578 0
0.033 0.527 0
0.087 0.581 0
0.048 0.521 0
0.024 0.525 0
0.11 0.542 0
0.032 0.537 0
0.065 0.529 0
0.044 0.552 0
0.023 0.572 0
0.029 0.578 0
0.05 0.542 0
0.061 0.564 0
0.106 0.526 0
0.037 0.505 0
0.062 0.551 0
0.059 0.51 0
0.055 0.565 0
0.069 0.502 0
0.035 0.592 0
0.069 0.512 0
0.107 0.52 0
0.101 0.578 0
0.068 0.501 0
0.032 0.572 0
0.043 0.543 0
0.059 0.535 0
0.028 0.515 0
0.058 0.543 0
0.063 0.508 0
0.098 0.555 0
0.077 0.562 0
0.113 0.501 0
0.07 0.516 0
0.085 0.533 0
0.021 0.538 0
0.09 0.55 0
0.027 0.56 0
0.02 0.564 0
0.09 0.528 0
0.075 0.568 0
0.015 0.514 0
0.079 0.511 0
0.068 0.507 0
0.02 0.525 0
0.029 0.533 0
0.023 0.503 0
0.024 0.503 0
0.057 0.53 0
0.036 0.573 0
0.023 0.577 0
0.074 0.518 0
0.091 0.501 0
0.064 0.569 0
0.057 0.597 0
0.11 0.582 0
0.074 0.51 0
0.047 0.568 0
0.053 0.521 0
0.071 0.578 0
0.019 0.501 0
0.098 0.592 0
0.035 0.522 0
0.096 0.52 0
0.072 0.497 0
0.094 0.575 0
0.056 0.501 0
0.007 0.561 0
0.01 0.502 0
0.044 0.494 0
0.092 0.54 0
0.073 0.489 0
0.038 0.482 0
0.044 0.508 0
0.04 0.51 0
0.044 0.481 0
0.038 0.507 0
0.069 0.551 0
0.031 0.579 0
0.061 0.55 0
0.092 0.49 0
0.008 0.572 0
0.053 0.544 0
0.082 0.52 0
0.031 0.48 0
0.05 0.559 0
0.079 0.503 0
0.075 0.571 0
0.086 0.538 0
0.073 0.574 0
0.064 0.529 0
0.078 0.539 0
0.02 0.519 0
0.039 0.529 0
0.075 0.482 0
0.07 0.51 0
0.031 0.503 0
0.069 0.541 0
0.002 0.487 0
0.036 0.515 0
0.0 0.499 0
0.064 0.535 0
0.071 0.559 0
0.014 0.528 0
0.028 0.537 0
0.078 0.528 0
0.058 0.525 0
0.001 0.512 0
0.082 0.527 0
0.092 0.503 0
0.092 0.487 0
0.051 0.534 0
0.028 0.534 0
0.052 0.48 0
0.052 0.555 0
0.063 0.55 0
0.014 0.558 0
0.083 0.565 0
0.022 0.504 0
0.02 0.501 0
0.081 0.494 0
0.033 0.486 0
0.092 0.57 0
0.048 0.484 0
0.02 0.57 0
0.018 0.519 0
0.025 0.524 0
0.038 0.511 0
0.026 0.557 0
0.059 0.508 0
0.06 0.534 0
0.071 0.493 0
0.013 0.489 0
0.019 0.521 0
0.021 0.492 0
0.083 0.523 0
0.06 0.549 0
0.024 0.495 0
0.031 0.524 0
0.07 0.528 0
0.052 0.525 0
0.012 0.545 0
0.001 0.579 0
0.089 0.55 0
0.085 0.518 0
0.002 0.548 0
0.054 0.495 0
0.028 0.502 0
0.088 0.519 0
0.047 0.523 0
0.089 0.508 0
0.086 0.5 0
0.067 0.554 0
0.008 0.507 0
0.0 0.573 0
0.088 0.551 0
0.049 0.575 0
0.019 0.517 0
0.042 0.557 0
0.041 0.518 0
0.078 0.482 0
0.025 0.483 0
0.028 0.539 0
0.029 0.485 0
0.001 0.549 0
0.061 0.51 0
0.03 0.489 0
0.083 0.574 0
0.05 0.609 0
0.144 0.585 0
0.1 0.575 0
0.084 0.583 0
0.101 0.568 0
0.132 0.552 0
0.119 0.596 0
0.109 0.587 0
0.101 0.567 0
0.101 0.53 0
0.117 0.582 0
0.107 0.569 0
0.127 0.581 0
0.075 0.531 0
0.133 0.603 0
0.14 0.596 0
0.14 0.602 0
0.133 0.55 0
0.061 0.57 0
0.053 0.568 0
0.102 0.609 0
0.082 0.609 0
0.049 0.555 0
0.06 0.599 0
0.06 0.611 0
0.114 0.562 0
0.141 0.552 0
0.122 0.56 0
0.05 0.537 0
0.098 0.598 0
0.05 0.547 0
0.063 0.556 0
0.108 0.608 0
0.147 0.546 0
0.093 0.603 0
0.099 0.536 0
0.138 0.611 0
0.124 0.541 0
0.094 0.623 0
0.108 0.566 0
0.111 0.615 0
0.133 0.613 0
0.129 0.6 0
0.087 0.59 0
0.127 0.608 0
0.118 0.559 0
0.095 0.617 0
0.05 0.611 0
0.067 0.6 0
0.117 0.553 0
0.092 0.526 0
0.092 0.575 0
0.122 0.596 0
0.121 0.548 0
0.096 0.544 0
0.05 0.528 0
0.115 0.545 0
0.092 0.625 0
0.052 0.525 0
0.142 0.606 0
0.109 0.602 0
0.107 0.555 0
0.118 0.553 0
0.075 0.616 0
0.049 0.622 0
0.084 0.558 0
0.146 0.54 0
0.073 0.551 0
0.112 0.55 0
0.053 0.616 0
0.082 0.537 0
0.137 0.598 0
0.122 0.603 0
0.134 0.564 0
0.074 0.566 0
0.12 0.547 0
0.082 0.568 0
0.069 0.578 0
0.066 0.608 0
0.126 0.58 0
0.147 0.624 0
0.079 0.597 0
0.084 0.551 0
0.063 0.614 0
0.095 0.561 0
0.077 0.585 0
0.134 0.53 0
0.11 0.577 0
0.128 0.584 0
0.074 0.566 0
0.117 0.611 0
0.071 0.611 0
0.122 0.55 0
0.111 0.59 0
0.094 0.563 0
0.146 0.578 0
0.072 0.593 0
0.136 0.546 0
0.142 0.601 0
0.134 0.643 0
0.12 0.65 0
0.184 0.651 0
0.138 0.609 0
0.156 0.66 0
0.137 0.659 0
0.09 0.581 0
0.141 0.669 0
0.103 0.656 0
0.131 0.593 0
0.174 0.649 0
0.106 0.611 0
0.151 0.64 0
0.176 0.603 0
0.156 0.666 0
0.132 0.581 0
0.182 0.657 0
0.173 0.598 0
0.108 0.619 0
0.114 0.609 0
0.116 0.656 0
0.156 0.61 0
0.136 0.658 0
0.127 0.612 0
0.169 0.605 0
0.141 0.613 0
0.177 0.613 0
0.167 0.663 0
0.13 0.653 0
0.157 0.597 0
0.096 0.653 0
0.158 0.611 0
0.123 0.621 0
0.135 0.595 0
0.149 0.628 0
0.148 0.618 0
0.152 0.653 0
0.146 0.579 0
0.094 0.589 0
0.178 0.653 0
0.133 0.659 0
0.095 0.634 0
0.11 0.593 0
0.104 0.589 0
0.182 0.623 0
0.131 0.58 0
0.117 0.649 0
0.127 0.579 0
0.109 0.62 0
0.142 0.637 0
0.125 0.62 0
0.113 0.594 0
0.149 0.628 0
0.115 0.648 0
0.094 0.639 0
0.105 0.597 0
0.153 0.614 0
0.188 0.629 0
0.093 0.648 0
0.151 0.655 0
0.154 0.623 0
0.095 0.615 0
0.125 0.628 0
0.142 0.581 0
0.129 0.605 0
0.148 0.668 0
0.186 0.603 0
0.099 0.623 0
0.099 0.579 0
0.106 0.667 0
0.139 0.576 0
0.097 0.6 0
0.141 0.615 0
0.09 0.604 0
0.173 0.662 0
0.13 0.639 0
0.17 0.655 0
0.117 0.661 0
0.094 0.603 0
0.18 0.591 0
0.127 0.648 0
0.093 0.663 0
0.145 0.638 0
0.101 0.582 0
0.133 0.657 0
0.113 0.655 0
0.166 0.59 0
0.157 0.659 0
0.172 0.623 0
0.127 0.583 0
0.157 0.656 0
0.185 0.629 0
0.139 0.628 0
0.171 0.639 0
0.156 0.635 0
0.139 0.663 0
0.104 0.628 0
0.143 0.603 0
0.11 0.635 0
0.102 0.663 0
0.187 0.651 0
0.183 0.633 0
0.203 0.707 0
0.135 0.635 0
0.133 0.623 0
0.18 0.668 0
0.133 0.636 0
0.215 0.682 0
0.206 0.668 0
0.214 0.634 0
0.125 0.634 0
0.176 0.619 0
0.168 0.688 0
0.16 0.655 0
0.199 0.62 0
0.119 0.624 0
0.179 0.613 0
0.172 0.639 0
0.128 0.675 0
0.162 0.614 0
0.214 0.699 0
0.187 0.694 0
0.208 0.709 0
0.191 0.66 0
0.151 0.7 0
0.119 0.662 0
0.146 0.694 0
0.176 0.659 0
0.203 0.666 0
0.126 0.665 0
0.15 0.629 0
0.18 0.707 0
0.205 0.69 0
0.209 0.664 0
0.117 0.654 0
0.12 0.609 0
0.206 0.612 0
0.16 0.612 0
0.124 0.662 0
0.15 0.616 0
0.214 0.69 0
0.171 0.618 0
0.119 0.614 0
0.15 0.64 0
0.172 0.638 0
0.138 0.709 0
0.193 0.697 0
0.152 0.646 0
0.142 0.638 0
0.143 0.612 0
0.119 0.683 0
0.18 0.633 0
0.137 0.693 0
0.171 0.675 0
0.133 0.644 0
0.168 0.631 0
0.201 0.625 0
0.153 0.705 0
0.143 0.63 0
0.167 0.647 0
0.197 0.681 0
0.214 0.636 0
0.176 0.694 0
0.128 0.629 0
0.199 0.701 0
0.182 0.662 0
0.134 0.631 0
0.189 0.651 0
0.141 0.662 0
0.14 0.663 0
0.132 0.635 0
0.118 0.645 0
0.158 0.611 0
0.161 0.707 0
0.2 0.624 0
0.16 0.662 0
0.124 0.696 0
0.188 0.617 0
0.152 0.691 0
0.211 0.614 0
0.144 0.628 0
0.156 0.651 0
0.189 0.643 0
0.118 0.651 0
0.199 0.631 0
0.163 0.634 0
0.197 0.676 0
0.177 0.659 0
0.146 0.627 0
0.133 0.702 0
0.143 0.69 0
0.163 0.691 0
0.151 0.623 0
0.167 0.674 0
0.194 0.695 0
0.189 0.685 0
0.171 0.648 0
0.205 0.631 0
0.192 0.655 0
0.124 0.61 0
0.187 0.706 0
0.224 0.681 0
0.235 0.676 0
0.206 0.697 0
0.236 0.723 0
0.174 0.638 0
0.233 0.657 0
0.226 0.726 0
0.162 0.72 0
0.185 0.644 0
0.244 0.702 0
0.172 0.665 0
0.234 0.686 0
0.23 0.701 0
0.152 0.652 0
0.207 0.736 0
0.193 0.68 0
0.163 0.647 0
0.24 0.675 0
0.179 0.697 0
0.236 0.699 0
0.189 0.717 0
0.149 0.648 0
0.18 0.688 0
0.157 0.738 0
0.174 0.658 0
0.17 0.682 0
0.199 0.655 0
0.186 0.712 0
0.186 0.705 0
0.246 0.734 0
0.184 0.643 0
0.156 0.643 0
0.198 0.699 0
0.151 0.648 0
0.209 0.726 0
0.213 0.705 0
0.209 0.675 0
0.155 0.642 0
0.192 0.677 0
0.185 0.7 0
0.228 0.695 0
0.197 0.659 0
0.2 0.699 0
0.19 0.715 0
0.152 0.66 0
0.195 0.657 0
0.237 0.718 0
0.148 0.7 0
0.177 0.666 0
0.217 0.703 0
0.227 0.715 0
0.21 0.651 0
0.176 0.712 0
0.168 0.729 0
0.242 0.673 0
0.24 0.648 0
0.157 0.695 0
0.223 0.678 0
0.244 0.699 0
0.218 0.693 0
0.176 0.7 0
0.183 0.674 0
0.149 0.663 0
0.155 0.638 0
0.213 0.643 0
0.147 0.69 0
0.205 0.694 0
0.227 0.719 0
0.185 0.722 0
0.167 0.713 0
0.196 0.661 0
0.235 0.662 0
0.199 0.693 0
0.207 0.642 0
0.229 0.65 0
0.22 0.699 0
0.153 0.65 0
0.237 0.734 0
0.232 0.738 0
0.165 0.643 0
0.22 0.684 0
0.152 0.65 0
0.203 0.654 0
0.195 0.726 0
0.17 0.674 0
0.244 0.718 0
0.168 0.668 0
0.227 0.68 0
0.166 0.718 0
0.151 0.678 0
0.233 0.735 0
0.23 0.703 0
0.167 0.694 0
0.234 0.711 0
0.189 0.677 0
0.244 0.735 0
0.241 0.735 0
0.235 0.68 0
0.172 0.642 0
0.041 0.048 1
0.05 0.006 1
0.003 0.05 1
0.035 0.014 1
0.066 0.01 1
0.079 0.037 1
0.019 0.001 1
0.007 0.061 1
0.07 0.055 1
0.039 0.043 1
0.027 0.022 1
0.063 0.013 1
0.009 0.046 1
0.04 0.017 1
0.049 0.047 1
0.0 0.003 1
0.077 0.059 1
0.015 0.013 1
0.05 0.066 1
0.006 0.053 1
0.04 0.056 1
0.061 0.027 1
0.031 0.032 1
0.071 0.029 1
0.053 0.017 1
0.01 0.061 1
0.019 0.043 1
0.055 0.047 1
0.076 0.041 1
0.048 0.049 1
0.07 0.068 1
0.018 0.071 1
0.006 0.001 1
0.058 0.009 1
0.008 0.039 1
0.006 0.006 1
0.033 0.037 1
0.063 0.054 1
0.031 0.05 1
0.004 0.031 1
0.031 0.052 1
0.031 0.018 1
0.029 0.041 1
0.063 0.061 1
0.044 0.059 1
0.053 0.041 1
0.002 0.026 1
0.053 0.025 1
0.029 0.06 1
0.047 0.04 1
0.014 0.028 1
0.073 0.018 1
0.069 0.048 1
0.077 0.051 1
0.034 0.057 1
0.068 0.047 1
0.031 0.055 1
0.079 0.06 1
0.042 0.047 1
0.0 0.022 1
0.081 0.041 1
0.078 0.001 1
0.056 0.053 1
0.005 0.037 1
0.004 0.045 1
0.002 0.065 1
0.023 0.015 1
0.027 0.052 1
0.013 0.054 1
0.035 0.064 1
0.016 0.021 1
0.06 0.041 1
0.018 0.025 1
0.072 0.071 1
0.056 0.045 1
0.038 0.062 1
0.022 0.047 1
0.021 0.065 1
0.015 0.012 1
0.026 0.071 1
0.044 0.025 1
0.056 0.028 1
0.069 0.019 1
0.057 0.048 1
0.062 0.016 1
0.045 0.038 1
0.074 0.028 1
0.008 0.067 1
0.072 0.032 1
0.054 0.002 1
0.039 0.038 1
0.054 0.029 1
0.056 0.015 1
0.006 0.012 1
0.011 0.009 1
0.061 0.057 1
0.034 0.049 1
0.04 0.046 1
0.05 0.066 1
0.011 0.013 1
0.046 0.012 1
0.084 0.055 1
0.018 0.003 1
0.05 0.038 1
0.023 0.079 1
0.046 0.072 1
0.072 0.01 1
0.062 0.024 1
0.044 0.035 1
0.068 0.081 1
0.035 0.012 1
0.073 0.051 1
0.033 0.079 1
0.073 0.008 1
0.084 0.055 1
0.028 0.053 1
0.057 0.075 1
0.057 0.033 1
0.06 0.073 1
0.089 0.041 1
0.088 0.054 1
0.084 0.005 1
0.048 0.053 1
0.041 0.051 1
0.039 0.034 1
0.069 0.083 1
0.09 0.023 1
0.059 0.083 1
0.053 0.007 1
0.028 0.029 1
0.039 0.053 1
0.033 0.017 1
0.038 0.075 1
0.028 0.027 1
0.069 0.082 1
0.035 0.068 1
0.048 0.034 1
0.014 0.045 1
0.022 0.055 1
0.027 0.033 1
0.094 0.07 1
0.043 0.026 1
0.091 0.002 1
0.026 0.038 1
0.093 0.048 1
0.023 0.077 1
0.043 0.059 1
0.041 0.065 1
0.01 0.017 1
0.087 0.022 1
0.03 0.019 1
0.038 0.007 1
0.038 0.028 1
0.055 0.079 1
0.052 0.026 1
0.071 0.013 1
0.073 0.03 1
0.055 0.007 1
0.024 0.064 1
0.069 0.039 1
0.091 0.061 1
0.006 0.051 1
0.038 0.032 1
0.037 0.081 1
0.021 0.063 1
0.032 0.002 1
0.077 0.026 1
0.015 0.02 1
0.012 0.036 1
0.008 0.038 1
0.077 0.074 1
0.029 0.062 1
0.023 0.046 1
0.019 0.023 1
0.07 0.074 1
0.071 0.041 1
0.093 0.042 1
0.008 0.013 1
0.081 0.007 1
0.038 0.03 1
0.004 0.062 1
0.066 0.045 1
0.021 0.06 1
0.027 0.065 1
0.034 0.048 1
0.087 0.012 1
0.047 0.066 1
0.036 0.045 1
0.048 0.042 1
0.021 0.06 1
0.088 0.003 1
0.073 0.036 1
0.075 0.076 1
0.087 0.08 1
0.091 0.067 1
0.045 0.083 1
0.046 0.047 1
0.045 0.082 1
0.007 0.063 1
0.085 0.078 1
0.048 0.103 1
0.067 0.065 1
0.11 0.021 1
0.119 0.043 1
0.105 0.093 1
0.061 0.012 1
0.107 0.096 1
0.126 0.042 1
0.07 0.05 1
0.129 0.019 1
0.052 0.11 1
0.054 0.086 1
0.054 0.11 1
0.048 0.049 1
0.083 0.07 1
0.047 0.107 1
0.046 0.077 1
0.063 0.104 1
0.07 0.073 1
0.066 0.077 1
0.105 0.087 1
0.132 0.027 1
0.093 0.088 1
0.111 0.045 1
0.138 0.066 1
0.132 0.052 1
0.139 0.104 1
0.051 0.066 1
0.052 0.103 1
0.124 0.02 1
0.099 0.1 1
0.094 0.072 1
0.108 0.03 1
0.104 0.02 1
0.084 0.069 1
0.073 0.081 1
0.061 0.098 1
0.058 0.09 1
0.058 0.111 1
0.091 0.015 1
0.14 0.037 1
0.045 0.033 1
0.093 0.046 1
0.078 0.071 1
0.046 0.092 1
0.047 0.039 1
0.102 0.104 1
0.138 0.033 1
0.096 0.095 1
0.089 0.035 1
0.06 0.063 1
0.058 0.038 1
0.119 0.05 1
0.093 0.093 1
0.141 0.058 1
0.143 0.017 1
0.12 0.039 1
0.113 0.091 1
0.109 0.055 1
0.1 0.027 1
0.124 0.019 1
0.073 0.025 1
0.076 0.083 1
0.079 0.044 1
0.065 0.024 1
0.122 0.103 1
0.081 0.069 1
0.13 0.09 1
0.118 0.062 1
0.134 0.107 1
0.086 0.031 1
0.116 0.039 1
0.125 0.022 1
0.118 0.101 1
0.098 0.06 1
0.102 0.032 1
0.069 0.071 1
0.112 0.108 1
0.081 0.047 1
0.137 0.033 1
0.139 0.047 1
0.061 0.097 1
0.087 0.038 1
0.091 0.055 1
0.074 0.061 1
0.117 0.048 1
0.076 0.05 1
0.135 0.036 1
0.104 0.031 1
0.09 0.039 1
0.096 0.066 1
0.059 0.023 1
0.05 0.057 1
0.092 0.016 1
0.098 0.101 1
0.095 0.07 1
0.114 0.064 1
0.097 0.095 1
0.069 0.086 1
0.106 0.03 1
0.122 0.115 1
0.128 0.077 1
0.108 0.032 1
0.098 0.096 1
0.07 0.118 1
0.149 0.048 1
0.079 0.043 1
0.139 0.102 1
0.084 0.111 1
0.062 0.12 1
0.108 0.028 1
0.093 0.061 1
0.111 0.089 1
0.113 0.043 1
0.062 0.051 1
0.127 0.055 1
0.086 0.118 1
0.084 0.072 1
0.09 0.12 1
0.144 0.116 1
0.131 0.067 1
0.068 0.122 1
0.127 0.118 1
0.149 0.111 1
0.079 0.11 1
0.083 0.094 1
0.116 0.066 1
0.094 0.125 1
0.137 0.097 1
0.154 0.052 1
0.135 0.101 1
0.115 0.109 1
0.118 0.043 1
0.108 0.053 1
0.118 0.052 1
0.073 0.051 1
0.1 0.089 1
0.154 0.073 1
0.141 0.036 1
0.097 0.103 1
0.136 0.077 1
0.135 0.111 1
0.098 0.088 1
0.147 0.049 1
0.126 0.054 1
0.136 0.124 1
0.086 0.025 1
0.1 0.087 1
0.129 0.077 1
0.082 0.059 1
0.078 0.117 1
0.131 0.039 1
0.06 0.079 1
0.094 0.081 1
0.073 0.087 1
0.08 0.046 1
0.15 0.088 1
0.106 0.051 1
0.102 0.04 1
0.065 0.118 1
0.059 0.084 1
0.101 0.06 1
0.155 0.107 1
0.119 0.1 1
0.106 0.094 1
0.137 0.031 1
0.147 0.107 1
0.142 0.071 1
0.109 0.067 1
0.073 0.073 1
0.086 0.027 1
0.1 0.12 1
0.076 0.09 1
0.14 0.1 1
0.127 0.064 1
0.116 0.104 1
0.094 0.091 1
0.097 0.098 1
0.109 0.111 1
0.137 0.11 1
0.062 0.12 1
0.111 0.059 1
0.055 0.051 1
0.121 0.116 1
0.072 0.114 1
0.132 0.055 1
0.072 0.099 1
0.124 0.091 1
0.07 0.062 1
0.095 0.101 1
0.11 0.032 1
0.086 0.079 1
0.097 0.121 1
0.131 0.104 1
0.092 0.113 1
0.151 0.037 1
0.138 0.062 1
0.084 0.089 1
0.098 0.096 1
0.091 0.081 1
0.168 0.048 1
0.092 0.089 1
0.134 0.039 1
0.161 0.085 1
0.13 0.095 1
0.07 0.069 1
0.165 0.057 1
0.12 0.068 1
0.116 0.124 1
0.127 0.049 1
0.14 0.06 1
0.143 0.054 1
0.085 0.054 1
0.17 0.091 1
0.133 0.116 1
0.08 0.061 1
0.162 0.071 1
0.089 0.1 1
0.082 0.122 1
0.075 0.072 1
0.091 0.077 1
0.081 0.057 1
0.1 0.127 1
0.087 0.128 1
0.107 0.128 1
0.104 0.076 1
0.128 0.106 1
0.084 0.128 1
0.098 0.1 1
0.107 0.036 1
0.125 0.066 1
0.155 0.107 1
0.127 0.046 1
0.104 0.113 1
0.132 0.069 1
0.165 0.126 1
0.092 0.054 1
0.09 0.083 1
0.118 0.044 1
0.165 0.085 1
0.161 0.06 1
0.146 0.057 1
0.099 0.117 1
0.077 0.097 1
0.17 0.037 1
0.112 0.089 1
0.168 0.036 1
0.164 0.115 1
0.169 0.038 1
0.103 0.064 1
0.093 0.135 1
0.133 0.108 1
0.077 0.093 1
0.089 0.049 1
0.102 0.074 1
0.115 0.119 1
0.135 0.047 1
0.139 0.126 1
0.127 0.125 1
0.078 0.089 1
0.129 0.099 1
0.128 0.046 1
0.078 0.115 1
0.17 0.04 1
0.112 0.107 1
0.133 0.053 1
0.145 0.081 1
0.115 0.127 1
0.168 0.094 1
0.165 0.094 1
0.146 0.128 1
0.112 0.127 1
0.092 0.098 1
0.107 0.093 1
0.126 0.07 1
0.163 0.101 1
0.126 0.08 1
0.096 0.083 1
0.157 0.134 1
0.075 0.129 1
0.142 0.081 1
0.104 0.048 1
0.162 0.111 1
0.11 0.047 1
0.142 0.038 1
0.089 0.056 1
0.1 0.037 1
0.08 0.064 1
0.1 0.088 1
0.136 0.059 1
0.163 0.112 1
0.092 0.065 1
0.158 0.056 1
0.107 0.081 1
0.132 0.088 1
0.103 0.098 1
0.088 0.055 1
0.098 0.054 1
0.131 0.135 1
0.097 0.127 1
0.177 0.127 1
0.114 0.11 1
0.19 0.132 1
0.137 0.073 1
0.115 0.135 1
0.133 0.066 1
0.21 0.107 1
0.131 0.096 1
0.2 0.081 1
0.189 0.108 1
0.133 0.148 1
0.199 0.149 1
0.152 0.089 1
0.124 0.068 1
0.167 0.14 1
0.167 0.117 1
0.159 0.117 1
0.143 0.104 1
0.161 0.151 1
0.2 0.133 1
0.112 0.091 1
0.141 0.111 1
0.141 0.119 1
0.194 0.081 1
0.148 0.119 1
0.206 0.152 1
0.12 0.071 1
0.15 0.143 1
0.205 0.125 1
0.157 0.082 1
0.113 0.115 1
0.148 0.092 1
0.184 0.062 1
0.208 0.097 1
0.123 0.093 1
0.143 0.087 1
0.184 0.059 1
0.121 0.069 1
0.143 0.131 1
0.139 0.107 1
0.165 0.111 1
0.196 0.126 1
0.168 0.118 1
0.175 0.138 1
0.124 0.117 1
0.15 0.077 1
0.163 0.147 1
0.184 0.116 1
0.188 0.06 1
0.129 0.091 1
0.162 0.126 1
0.161 0.09 1
0.199 0.079 1
0.191 0.1 1
0.2 0.11 1
0.12 0.116 1
0.127 0.057 1
0.194 0.093 1
0.141 0.063 1
0.173 0.127 1
0.135 0.068 1
0.149 0.059 1
0.202 0.064 1
0.179 0.136 1
0.143 0.056 1
0.123 0.12 1
0.186 0.084 1
0.21 0.147 1
0.152 0.131 1
0.194 0.104 1
0.21 0.149 1
0.165 0.062 1
0.179 0.099 1
0.16 0.147 1
0.144 0.098 1
0.138 0.133 1
0.138 0.132 1
0.211 0.057 1
0.196 0.154 1
0.118 0.132 1
0.152 0.069 1
0.125 0.105 1
0.195 0.121 1
0.154 0.123 1
0.124 0.067 1
0.157 0.141 1
0.175 0.14 1
0.138 0.137 1
0.152 0.084 1
0.185 0.062 1
0.152 0.094 1
0.181 0.104 1
0.203 0.13 1
0.14 0.091 1
0.147 0.072 1
0.173 0.139 1
0.192 0.076 1
0.178 0.066 1
0.124 0.078 1
0.137 0.149 1
0.166 0.081 1
0.173 0.08 1
0.223 0.107 1
0.237 0.149 1
0.202 0.11 1
0.159 0.149 1
0.159 0.096 1
0.226 0.088 1
0.242 0.16 1
0.234 0.104 1
0.179 0.114 1
0.198 0.129 1
0.175 0.134 1
0.235 0.125 1
0.205 0.144 1
0.218 0.09 1
0.227 0.101 1
0.16 0.087 1
0.167 0.072 1
0.213 0.138 1
0.214 0.171 1
0.239 0.159 1
0.178 0.169 1
0.207 0.165 1
0.239 0.14 1
0.219 0.09 1
0.246 0.108 1
0.228 0.113 1
0.178 0.098 1
0.163 0.087 1
0.201 0.137 1
0.225 0.114 1
0.151 0.123 1
0.213 0.147 1
0.172 0.133 1
0.231 0.075 1
0.164 0.154 1
0.193 0.142 1
0.247 0.097 1
0.172 0.161 1
0.23 0.168 1
0.209 0.159 1
0.192 0.147 1
0.223 0.115 1
0.221 0.152 1
0.196 0.079 1
0.208 0.147 1
0.206 0.163 1
0.185 0.118 1
0.246 0.13 1
0.234 0.107 1
0.239 0.109 1
0.197 0.081 1
0.223 0.085 1
0.189 0.116 1
0.169 0.141 1
0.195 0.166 1
0.209 0.155 1
0.222 0.155 1
0.209 0.162 1
0.164 0.114 1
0.162 0.117 1
0.153 0.084 1
0.219 0.149 1
0.187 0.089 1
0.231 0.136 1
0.248 0.114 1
0.19 0.16 1
0.202 0.153 1
0.23 0.166 1
0.214 0.109 1
0.177 0.11 1
0.166 0.087 1
0.194 0.143 1
0.186 0.113 1
0.192 0.171 1
0.154 0.089 1
0.168 0.084 1
0.188 0.144 1
0.23 0.119 1
0.227 0.131 1
0.166 0.124 1
0.195 0.092 1
0.184 0.133 1
0.197 0.079 1
0.245 0.102 1
0.202 0.131 1
0.23 0.134 1
0.237 0.137 1
0.158 0.136 1
0.25 0.162 1
0.239 0.151 1
0.209 0.138 1
0.164 0.155 1
0.232 0.078 1
0.195 0.165 1
0.198 0.091 1
0.202 0.086 1
0.172 0.17 1
0.245 0.126 1
0.232 0.181 1
0.233 0.105 1
0.265 0.173 1
0.292 0.108 1
0.259 0.15 1
0.203 0.19 1
0.223 0.13 1
0.232 0.167 1
0.21 0.168 1
0.267 0.185 1
0.211 0.103 1
0.212 0.166 1
0.257 0.115 1
0.218 0.182 1
0.225 0.138 1
0.242 0.169 1
0.272 0.158 1
0.239 0.128 1
0.266 0.121 1
0.272 0.17 1
0.285 0.177 1
0.277 0.183 1
0.265 0.129 1
0.244 0.118 1
0.256 0.15 1
0.292 0.106 1
0.249 0.147 1
0.232 0.161 1
0.203 0.141 1
0.226 0.126 1
0.242 0.174 1
0.237 0.108 1
0.233 0.147 1
0.291 0.104 1
0.264 0.098 1
0.23 0.124 1
0.302 0.172 1
0.238 0.132 1
0.284 0.111 1
0.3 0.193 1
0.259 0.174 1
0.294 0.19 1
0.225 0.191 1
0.216 0.166 1
0.224 0.149 1
0.211 0.188 1
0.259 0.105 1
0.289 0.118 1
0.274 0.162 1
0.228 0.16 1
0.233 0.118 1
0.28 0.163 1
0.254 0.182 1
0.217 0.15 1
0.296 0.155 1
0.241 0.167 1
0.273 0.184 1
0.272 0.173 1
0.224 0.107 1
0.228 0.164 1
0.208 0.096 1
0.259 0.12 1
0.291 0.151 1
0.254 0.168 1
0.252 0.115 1
0.206 0.139 1
0.286 0.151 1
0.291 0.15 1
0.243 0.181 1
0.251 0.098 1
0.256 0.163 1
0.216 0.115 1
0.231 0.124 1
0.284 0.192 1
0.28 0.177 1
0.255 0.137 1
0.257 0.098 1
0.274 0.129 1
0.279 0.172 1
0.208 0.17 1
0.261 0.192 1
0.268 0.12 1
0.235 0.16 1
0.287 0.155 1
0.209 0.161 1
0.205 0.136 1
0.255 0.122 1
0.3 0.094 1
0.258 0.157 1
0.225 0.158 1
0.26 0.186 1
0.275 0.113 1
0.252 0.132 1
0.243 0.147 1
0.251 0.154 1
0.266 0.192 1
0.235 0.18 1
0.254 0.109 1
0.227 0.101 1
0.205 0.159 1
0.319 0.195 1
0.311 0.137 1
0.246 0.133 1
0.293 0.143 1
0.242 0.182 1
0.323 0.19 1
0.272 0.185 1
0.273 0.145 1
0.247 0.196 1
0.245 0.183 1
0.248 0.119 1
0.296 0.127 1
0.316 0.112 1
0.272 0.164 1
0.279 0.198 1
0.323 0.17 1
0.252 0.181 1
0.326 0.199 1
0.233 0.199 1
0.258 0.198 1
0.299 0.151 1
0.315 0.156 1
0.26 0.177 1
0.313 0.147 1
0.311 0.211 1
0.287 0.171 1
0.263 0.143 1
0.25 0.133 1
0.248 0.148 1
0.241 0.16 1
0.256 0.188 1
0.296 0.154 1
0.236 0.135 1
0.24 0.163 1
0.306 0.148 1
0.292 0.115 1
0.232 0.132 1
0.234 0.119 1
0.258 0.209 1
0.251 0.206 1
0.246 0.205 1
0.262 0.201 1
0.237 0.184 1
0.263 0.119 1
0.245 0.168 1
0.268 0.137 1
0.248 0.182 1
0.246 0.17 1
0.261 0.197 1
0.276 0.18 1
0.266 0.115 1
0.31 0.206 1
0.279 0.121 1
0.251 0.198 1
0.319 0.116 1
0.274 0.141 1
0.326 0.132 1
0.284 0.186 1
0.282 0.203 1
0.291 0.131 1
0.32 0.199 1
0.253 0.205 1
0.251 0.134 1
0.325 0.183 1
0.32 0.169 1
0.305 0.156 1
0.27 0.195 1
0.318 0.208 1
0.291 0.189 1
0.291 0.153 1
0.276 0.211 1
0.256 0.144 1
0.259 0.116 1
0.278 0.121 1
0.273 0.201 1
0.252 0.197 1
0.292 0.164 1
0.318 0.138 1
0.304 0.184 1
0.286 0.13 1
0.322 0.122 1
0.274 0.18 1
0.306 0.121 1
0.237 0.179 1
0.302 0.207 1
0.328 0.192 1
0.246 0.205 1
0.291 0.183 1
0.301 0.137 1
0.277 0.14 1
0.243 0.131 1
0.322 0.173 1
0.29 0.189 1
0.306 0.195 1
0.26 0.135 1
0.305 0.133 1
0.302 0.21 1
0.242 0.173 1
0.302 0.169 1
0.288 0.192 1
0.308 0.172 1
0.323 0.198 1
0.322 0.204 1
0.388 0.232 1
0.374 0.192 1
0.328 0.157 1
0.339 0.183 1
0.34 0.151 1
0.332 0.174 1
0.305 0.178 1
0.351 0.154 1
0.365 0.222 1
0.351 0.216 1
0.38 0.182 1
0.369 0.15 1
0.3 0.177 1
0.319 0.155 1
0.304 0.168 1
0.306 0.16 1
0.374 0.222 1
0.316 0.218 1
0.321 0.208 1
0.368 0.233 1
0.377 0.139 1
0.324 0.171 1
0.307 0.235 1
0.292 0.234 1
0.341 0.226 1
0.342 0.135 1
0.291 0.14 1
0.315 0.219 1
0.337 0.18 1
0.325 0.187 1
0.374 0.146 1
0.297 0.225 1
0.331 0.209 1
0.372 0.168 1
0.367 0.161 1
0.306 0.155 1
0.301 0.226 1
0.324 0.146 1
0.299 0.229 1
0.352 0.145 1
0.312 0.218 1
0.32 0.165 1
0.323 0.175 1
0.378 0.203 1
0.326 0.153 1
0.302 0.196 1
0.296 0.163 1
0.377 0.153 1
0.37 0.179 1
0.311 0.148 1
0.366 0.138 1
0.379 0.14 1
0.357 0.158 1
0.368 0.229 1
0.319 0.231 1
0.292 0.197 1
0.322 0.226 1
0.353 0.192 1
0.297 0.154 1
0.324 0.201 1
0.31 0.163 1
0.293 0.203 1
0.339 0.206 1
0.339 0.164 1
0.291 0.148 1
0.364 0.173 1
0.383 0.212 1
0.317 0.182 1
0.381 0.21 1
0.361 0.221 1
0.371 0.233 1
0.299 0.189 1
0.354 0.185 1
0.383 0.145 1
0.345 0.185 1
0.303 0.209 1
0.352 0.156 1
0.315 0.233 1
0.33 0.212 1
0.365 0.221 1
0.34 0.16 1
0.363 0.14 1
0.327 0.162 1
0.383 0.171 1
0.361 0.168 1
0.29 0.173 1
0.344 0.224 1
0.322 0.154 1
0.33 0.144 1
0.295 0.226 1
0.298 0.206 1
0.298 0.213 1
0.348 0.153 1
0.302 0.23 1
0.378 0.159 1
0.354 0.169 1
0.379 0.135 1
0.33 0.149 1
0.409 0.201 1
0.374 0.194 1
0.379 0.232 1
0.329 0.167 1
0.39 0.202 1
0.345 0.22 1
0.353 0.23 1
0.375 0.22 1
0.365 0.238 1
0.348 0.153 1
0.336 0.169 1
0.328 0.161 1
0.4 0.2 1
0.322 0.192 1
0.342 0.228 1
0.321 0.164 1
0.337 0.193 1
0.333 0.176 1
0.366 0.207 1
0.418 0.192 1
0.357 0.211 1
0.372 0.176 1
0.376 0.161 1
0.378 0.175 1
0.37 0.174 1
0.34 0.209 1
0.376 0.189 1
0.345 0.217 1
0.338 0.173 1
0.36 0.191 1
0.409 0.198 1
0.328 0.187 1
0.407 0.151 1
0.318 0.22 1
0.418 0.193 1
0.398 0.186 1
0.389 0.197 1
0.379 0.233 1
0.383 0.247 1
0.368 0.194 1
0.348 0.184 1
0.357 0.237 1
0.318 0.204 1
0.382 0.186 1
0.39 0.164 1
0.366 0.186 1
0.363 0.158 1
0.331 0.247 1
0.321 0.178 1
0.385 0.202 1
0.379 0.215 1
0.366 0.165 1
0.341 0.199 1
0.352 0.244 1
0.34 0.212 1
0.369 0.196 1
0.331 0.227 1
0.354 0.185 1
0.404 0.235 1
0.343 0.209 1
0.37 0.224 1
0.326 0.166 1
0.366 0.243 1
0.371 0.242 1
0.387 0.202 1
0.331 0.231 1
0.351 0.159 1
0.348 0.249 1
0.347 0.229 1
0.372 0.248 1
0.323 0.161 1
0.32 0.213 1
0.35 0.239 1
0.319 0.248 1
0.338 0.229 1
0.335 0.24 1
0.361 0.241 1
0.334 0.166 1
0.348 0.155 1
0.4 0.173 1
0.362 0.199 1
0.334 0.221 1
0.35 0.205 1
0.354 0.169 1
0.354 0.204 1
0.355 0.235 1
0.386 0.219 1
0.361 0.155 1
0.349 0.161 1
0.397 0.212 1
0.37 0.218 1
0.362 0.154 1
0.403 0.223 1
0.377 0.21 1
0.355 0.198 1
0.41 0.229 1
0.37 0.182 1
0.347 0.214 1
0.365 0.179 1
0.424 0.208 1
0.404 0.171 1
0.397 0.254 1
0.435 0.271 1
0.385 0.175 1
0.428 0.194 1
0.428 0.263 1
0.403 0.216 1
0.37 0.266 1
0.451 0.215 1
0.373 0.252 1
0.407 0.192 1
0.378 0.252 1
0.446 0.192 1
0.371 0.177 1
0.37 0.251 1
0.44 0.266 1
0.454 0.271 1
0.392 0.267 1
0.411 0.261 1
0.384 0.205 1
0.377 0.249 1
0.368 0.241 1
0.36 0.227 1
0.423 0.178 1
0.413 0.253 1
0.457 0.208 1
0.434 0.18 1
0.443 0.267 1
0.409 0.202 1
0.4 0.198 1
0.439 0.183 1
0.399 0.225 1
0.427 0.178 1
0.408 0.264 1
0.359 0.259 1
0.414 0.181 1
0.393 0.241 1
0.403 0.232 1
0.36 0.236 1
0.378 0.176 1
0.374 0.231 1
0.396 0.235 1
0.415 0.192 1
0.376 0.177 1
0.392 0.193 1
0.403 0.195 1
0.403 0.266 1
0.376 0.268 1
0.375 0.238 1
0.436 0.24 1
0.396 0.265 1
0.382 0.212 1
0.388 0.181 1
0.396 0.252 1
0.42 0.173 1
0.363 0.264 1
0.458 0.222 1
0.456 0.181 1
0.361 0.261 1
0.409 0.262 1
0.452 0.197 1
0.416 0.211 1
0.392 0.227 1
0.45 0.267 1
0.457 0.248 1
0.432 0.243 1
0.456 0.232 1
0.431 0.264 1
0.412 0.226 1
0.453 0.259 1
0.385 0.188 1
0.429 0.197 1
0.454 0.234 1
0.436 0.191 1
0.391 0.223 1
0.406 0.206 1
0.43 0.175 1
0.431 0.177 1
0.417 0.243 1
0.394 0.192 1
0.392 0.178 1
0.439 0.184 1
0.366 0.245 1
0.369 0.259 1
0.388 0.204 1
0.421 0.23 1
0.413 0.239 1
0.383 0.216 1
0.423 0.243 1
0.393 0.171 1
0.435 0.208 1
0.387 0.264 1
0.386 0.254 1
0.376 0.223 1
0.378 0.239 1
0.36 0.241 1
0.402 0.178 1
0.446 0.195 1
0.403 0.224 1
0.5 0.209 1
0.486 0.246 1
0.474 0.22 1
0.417 0.284 1
0.422 0.206 1
0.438 0.295 1
0.492 0.278 1
0.434 0.299 1
0.475 0.268 1
0.497 0.209 1
0.478 0.294 1
0.489 0.256 1
0.488 0.257 1
0.487 0.263 1
0.489 0.291 1
0.408 0.235 1
0.437 0.239 1
0.503 0.291 1
0.461 0.285 1
0.462 0.259 1
0.499 0.295 1
0.494 0.208 1
0.448 0.272 1
0.448 0.253 1
0.406 0.295 1
0.468 0.3 1
0.503 0.266 1
0.411 0.267 1
0.42 0.238 1
0.465 0.206 1
0.476 0.203 1
0.416 0.225 1
0.505 0.249 1
0.489 0.274 1
0.501 0.248 1
0.492 0.26 1
0.488 0.218 1
0.453 0.221 1
0.428 0.245 1
0.477 0.21 1
0.489 0.24 1
0.456 0.203 1
0.431 0.287 1
0.485 0.297 1
0.503 0.298 1
0.419 0.218 1
0.491 0.293 1
0.5 0.23 1
0.449 0.29 1
0.476 0.211 1
0.447 0.265 1
0.423 0.207 1
0.424 0.258 1
0.506 0.248 1
0.411 0.262 1
0.41 0.26 1
0.503 0.213 1
0.406 0.27 1
0.418 0.269 1
0.467 0.224 1
0.422 0.255 1
0.498 0.27 1
0.416 0.206 1
0.411 0.244 1
0.472 0.284 1
0.467 0.265 1
0.465 0.248 1
0.47 0.205 1
0.451 0.254 1
0.471 0.216 1
0.464 0.255 1
0.45 0.244 1
0.44 0.291 1
0.506 0.221 1
0.425 0.271 1
0.502 0.281 1
0.454 0.295 1
0.453 0.238 1
0.426 0.247 1
0.431 0.268 1
0.505 0.229 1
0.434 0.262 1
0.432 0.278 1
0.497 0.253 1
0.481 0.202 1
0.49 0.223 1
0.462 0.259 1
0.471 0.246 1
0.441 0.269 1
0.409 0.253 1
0.418 0.244 1
0.49 0.284 1
0.44 0.228 1
0.433 0.205 1
0.448 0.211 1
0.479 0.227 1
0.474 0.269 1
0.455 0.255 1
0.496 0.278 1
0.46 0.277 1
0.543 0.326 1
0.568 0.278 1
0.566 0.314 1
0.481 0.323 1
0.531 0.261 1
0.512 0.262 1
0.504 0.323 1
0.507 0.243 1
0.501 0.244 1
0.477 0.268 1
0.53 0.316 1
0.487 0.254 1
0.531 0.261 1
0.531 0.228 1
0.548 0.291 1
0.488 0.251 1
0.54 0.265 1
0.471 0.279 1
0.505 0.232 1
0.522 0.298 1
0.568 0.269 1
0.533 0.273 1
0.523 0.31 1
0.513 0.311 1
0.518 0.324 1
0.533 0.246 1
0.538 0.308 1
0.477 0.274 1
0.496 0.265 1
0.557 0.252 1
0.548 0.268 1
0.53 0.25 1
0.494 0.256 1
0.482 0.267 1
0.556 0.25 1
0.504 0.273 1
0.538 0.228 1
0.473 0.249 1
0.518 0.228 1
0.538 0.325 1
0.474 0.272 1
0.541 0.312 1
0.53 0.268 1
0.556 0.235 1
0.508 0.227 1
0.512 0.315 1
0.534 0.288 1
0.548 0.234 1
0.47 0.268 1
0.526 0.229 1
0.497 0.302 1
0.532 0.327 1
0.524 0.307 1
0.536 0.302 1
0.473 0.245 1
0.526 0.271 1
0.531 0.234 1
0.468 0.246 1
0.541 0.276 1
0.509 0.248 1
0.555 0.321 1
0.545 0.275 1
0.554 0.286 1
0.531 0.23 1
0.52 0.27 1
0.496 0.249 1
0.473 0.315 1
0.564 0.279 1
0.515 0.294 1
0.513 0.311 1
0.523 0.25 1
0.504 0.281 1
0.556 0.304 1
0.55 0.305 1
0.545 0.228 1
0.47 0.305 1
0.511 0.301 1
0.549 0.292 1
0.496 0.231 1
0.55 0.297 1
0.491 0.235 1
0.536 0.261 1
0.535 0.298 1
0.503 0.258 1
0.499 0.317 1
0.5 0.303 1
0.469 0.295 1
0.492 0.238 1
0.483 0.269 1
0.47 0.26 1
0.537 0.306 1
0.488 0.304 1
0.558 0.299 1
0.568 0.23 1
0.475 0.24 1
0.482 0.301 1
0.507 0.259 1
0.483 0.243 1
0.514 0.243 1
0.494 0.245 1
0.573 0.327 1
0.549 0.342 1
0.526 0.262 1
0.544 0.296 1
0.586 0.292 1
0.567 0.287 1
0.571 0.309 1
0.567 0.249 1
0.529 0.314 1
0.563 0.253 1
0.529 0.322 1
0.554 0.302 1
0.522 0.333 1
0.574 0.281 1
0.545 0.278 1
0.528 0.319 1
0.496 0.303 1
0.593 0.246 1
0.545 0.337 1
0.552 0.28 1
0.547 0.279 1
0.531 0.317 1
0.496 0.259 1
0.565 0.295 1
0.507 0.267 1
0.506 0.264 1
0.545 0.273 1
0.532 0.244 1
0.566 0.294 1
0.528 0.29 1
0.556 0.254 1
0.526 0.337 1
0.548 0.26 1
0.564 0.337 1
0.541 0.308 1
0.494 0.262 1
0.504 0.306 1
0.547 0.282 1
0.522 0.251 1
0.509 0.26 1
0.498 0.325 1
0.545 0.313 1
0.532 0.28 1
0.495 0.32 1
0.5 0.335 1
0.521 0.287 1
0.561 0.264 1
0.54 0.245 1
0.517 0.257 1
0.546 0.296 1
0.575 0.319 1
0.555 0.248 1
0.59 0.325 1
0.534 0.308 1
0.519 0.327 1
0.528 0.333 1
0.497 0.322 1
0.543 0.332 1
0.567 0.257 1
0.574 0.252 1
0.505 0.267 1
0.56 0.272 1
0.501 0.263 1
0.502 0.297 1
0.566 0.249 1
0.557 0.26 1
0.549 0.249 1
0.531 0.246 1
0.494 0.3 1
0.563 0.305 1
0.566 0.335 1
0.539 0.342 1
0.574 0.322 1
0.507 0.307 1
0.554 0.301 1
0.525 0.277 1
0.505 0.242 1
0.591 0.313 1
0.558 0.3 1
0.586 0.32 1
0.52 0.249 1
0.593 0.318 1
0.536 0.287 1
0.592 0.254 1
0.53 0.334 1
0.514 0.279 1
0.517 0.315 1
0.588 0.255 1
0.562 0.263 1
0.518 0.263 1
0.58 0.242 1
0.552 0.274 1
0.556 0.336 1
0.575 0.264 1
0.554 0.328 1
0.527 0.284 1
0.533 0.251 1
0.59 0.321 1
0.592 0.311 1
0.509 0.251 1
0.552 0.277 1
0.54 0.276 1
0.568 0.332 1
0.604 0.326 1
0.541 0.323 1
0.534 0.286 1
0.534 0.292 1
0.619 0.263 1
0.594 0.268 1
0.61 0.276 1
0.591 0.296 1
0.583 0.3 1
0.533 0.349 1
0.625 0.34 1
0.564 0.322 1
0.614 0.341 1
0.596 0.325 1
0.548 0.315 1
0.594 0.262 1
0.596 0.354 1
0.579 0.261 1
0.59 0.291 1
0.618 0.268 1
0.581 0.306 1
0.625 0.285 1
0.593 0.319 1
0.551 0.356 1
0.622 0.265 1
0.563 0.338 1
0.546 0.332 1
0.622 0.348 1
0.624 0.267 1
0.541 0.328 1
0.589 0.316 1
0.599 0.272 1
0.569 0.346 1
0.554 0.298 1
0.568 0.309 1
0.556 0.298 1
0.568 0.353 1
0.616 0.294 1
0.617 0.299 1
0.572 0.348 1
0.574 0.346 1
0.596 0.281 1
0.528 0.264 1
0.618 0.323 1
0.607 0.317 1
0.599 0.318 1
0.571 0.352 1
0.56 0.32 1
0.572 0.352 1
0.622 0.27 1
0.603 0.348 1
0.579 0.342 1
0.612 0.299 1
0.595 0.306 1
0.542 0.352 1
0.59 0.349 1
0.609 0.311 1
0.568 0.263 1
0.568 0.271 1
0.538 0.312 1
0.547 0.269 1
0.557 0.269 1
0.583 0.261 1
0.551 0.321 1
0.547 0.296 1
0.539 0.318 1
0.583 0.287 1
0.618 0.316 1
0.529 0.351 1
0.547 0.311 1
0.594 0.307 1
0.622 0.326 1
0.549 0.316 1
0.539 0.327 1
0.579 0.345 1
0.557 0.33 1
0.527 0.313 1
0.621 0.264 1
0.565 0.294 1
0.599 0.288 1
0.585 0.329 1
0.543 0.281 1
0.527 0.328 1
0.55 0.326 1
0.566 0.312 1
0.621 0.332 1
0.591 0.296 1
0.55 0.357 1
0.571 0.334 1
0.617 0.341 1
0.621 0.326 1
0.543 0.261 1
0.558 0.324 1
0.572 0.331 1
0.534 0.338 1
0.588 0.35 1
0.526 0.284 1
0.642 0.314 1
0.654 0.318 1
0.597 0.287 1
0.565 0.324 1
0.566 0.286 1
0.596 0.324 1
0.577 0.283 1
0.63 0.337 1
0.574 0.315 1
0.602 0.346 1
0.633 0.287 1
0.651 0.286 1
0.601 0.372 1
0.604 0.309 1
0.616 0.338 1
0.652 0.362 1
0.621 0.318 1
0.6 0.355 1
0.604 0.32 1
0.585 0.301 1
0.635 0.304 1
0.648 0.358 1
0.574 0.376 1
0.645 0.369 1
0.611 0.357 1
0.61 0.34 1
0.578 0.372 1
0.592 0.294 1
0.604 0.285 1
0.581 0.282 1
0.615 0.331 1
0.563 0.294 1
0.595 0.362 1
0.579 0.37 1
0.637 0.352 1
0.559 0.365 1
0.647 0.317 1
0.635 0.294 1
0.648 0.327 1
0.646 0.364 1
0.655 0.363 1
0.573 0.333 1
0.557 0.315 1
0.607 0.285 1
0.603 0.327 1
0.618 0.321 1
0.577 0.376 1
0.603 0.363 1
0.563 0.312 1
0.624 0.293 1
0.619 0.301 1
0.561 0.361 1
0.581 0.281 1
0.634 0.289 1
0.565 0.366 1
0.56 0.317 1
0.58 0.367 1
0.58 0.356 1
0.654 0.375 1
0.614 0.372 1
0.584 0.358 1
0.567 0.323 1
0.623 0.34 1
0.595 0.296 1
0.607 0.361 1
0.582 0.301 1
0.564 0.354 1
0.62 0.284 1
0.641 0.288 1
0.586 0.278 1
0.631 0.314 1
0.617 0.35 1
0.584 0.312 1
0.627 0.334 1
0.627 0.299 1
0.617 0.354 1
0.597 0.333 1
0.648 0.308 1
0.575 0.286 1
0.657 0.356 1
0.64 0.282 1
0.616 0.323 1
0.568 0.328 1
0.58 0.316 1
0.626 0.371 1
0.593 0.276 1
0.58 0.293 1
0.575 0.362 1
0.585 0.37 1
0.594 0.321 1
0.609 0.342 1
0.619 0.361 1
0.656 0.313 1
0.595 0.298 1
0.655 0.303 1
0.626 0.3 1
0.619 0.318 1
0.596 0.348 1
0.632 0.28 1
0.616 0.36 1
0.661 0.339 1
0.653 0.321 1
0.713 0.307 1
0.654 0.362 1
0.722 0.348 1
0.725 0.3 1
0.655 0.302 1
0.647 0.344 1
0.726 0.382 1
0.631 0.351 1
0.667 0.374 1
0.659 0.391 1
0.73 0.305 1
0.654 0.339 1
0.715 0.37 1
0.714 0.307 1
0.708 0.365 1
0.731 0.306 1
0.714 0.384 1
0.673 0.308 1
0.722 0.343 1
0.649 0.312 1
0.644 0.394 1
0.728 0.373 1
0.701 0.398 1
0.693 0.341 1
0.69 0.378 1
0.686 0.303 1
0.646 0.342 1
0.669 0.352 1
0.69 0.311 1
0.631 0.37 1
0.662 0.338 1
0.643 0.4 1
0.697 0.351 1
0.661 0.318 1
0.632 0.357 1
0.682 0.376 1
0.669 0.308 1
0.637 0.369 1
0.682 0.317 1
0.724 0.372 1
0.677 0.398 1
0.695 0.317 1
0.707 0.331 1
0.653 0.382 1
0.73 0.389 1
0.638 0.34 1
0.715 0.398 1
0.655 0.375 1
0.677 0.378 1
0.719 0.362 1
0.718 0.313 1
0.697 0.309 1
0.676 0.322 1
0.663 0.393 1
0.683 0.377 1
0.724 0.32 1
0.654 0.37 1
0.687 0.37 1
0.658 0.313 1
0.698 0.379 1
0.717 0.376 1
0.634 0.321 1
0.641 0.361 1
0.646 0.323 1
0.696 0.356 1
0.66 0.308 1
0.66 0.354 1
0.723 0.394 1
0.699 0.395 1
0.688 0.389 1
0.637 0.343 1
0.683 0.34 1
0.648 0.399 1
0.698 0.335 1
0.701 0.351 1
0.714 0.385 1
0.675 0.335 1
0.73 0.305 1
0.701 0.378 1
0.716 0.365 1
0.7 0.391 1
0.705 0.387 1
0.678 0.336 1
0.698 0.37 1
0.716 0.313 1
0.688 0.392 1
0.695 0.312 1
0.725 0.321 1
0.67 0.386 1
0.693 0.34 1
0.719 0.318 1
0.675 0.334 1
0.664 0.379 1
0.631 0.382 1
0.648 0.338 1
0.671 0.342 1
0.72 0.306 1
0.675 0.331 1
0.737 0.363 1
0.748 0.34 1
0.697 0.335 1
0.742 0.376 1
0.685 0.387 1
0.72 0.378 1
0.733 0.393 1
0.693 0.337 1
0.701 0.325 1
0.727 0.375 1
0.713 0.397 1
0.732 0.4 1
0.749 0.415 1
0.7 0.324 1
0.747 0.373 1
0.688 0.32 1
0.735 0.391 1
0.678 0.377 1
0.774 0.335 1
0.705 0.355 1
0.761 0.406 1
0.749 0.408 1
0.7 0.41 1
0.738 0.404 1
0.686 0.391 1
0.759 0.375 1
0.731 0.377 1
0.705 0.403 1
0.728 0.344 1
0.723 0.391 1
0.72 0.392 1
0.745 0.411 1
0.703 0.366 1
0.769 0.322 1
0.709 0.379 1
0.679 0.405 1
0.712 0.358 1
0.741 0.369 1
0.761 0.394 1
0.691 0.369 1
0.685 0.418 1
0.701 0.366 1
0.759 0.371 1
0.719 0.32 1
0.711 0.327 1
0.713 0.32 1
0.751 0.405 1
0.704 0.42 1
0.756 0.325 1
0.755 0.333 1
0.749 0.32 1
0.684 0.396 1
0.763 0.406 1
0.752 0.39 1
0.749 0.351 1
0.709 0.404 1
0.774 0.343 1
0.754 0.329 1
0.753 0.411 1
0.747 0.418 1
0.721 0.341 1
0.695 0.362 1
0.683 0.329 1
0.745 0.388 1
0.763 0.326 1
0.696 0.374 1
0.775 0.351 1
0.717 0.379 1
0.745 0.363 1
0.684 0.372 1
0.755 0.416 1
0.76 0.367 1
0.761 0.364 1
0.69 0.331 1
0.759 0.389 1
0.721 0.42 1
0.678 0.358 1
0.761 0.371 1
0.709 0.419 1
0.693 0.331 1
0.73 0.337 1
0.774 0.369 1
0.751 0.331 1
0.76 0.407 1
0.74 0.392 1
0.743 0.368 1
0.729 0.343 1
0.742 0.344 1
0.678 0.403 1
0.689 0.407 1
0.712 0.339 1
0.678 0.324 1
0.774 0.362 1
0.686 0.323 1
0.751 0.345 1
0.707 0.376 1
0.744 0.356 1
0.723 0.354 1
0.686 0.366 1
0.706 0.35 1
0.845 0.367 1
0.766 0.393 1
0.782 0.434 1
0.788 0.39 1
0.825 0.35 1
0.786 0.444 1
0.794 0.426 1
0.817 0.397 1
0.759 0.364 1
0.834 0.385 1
0.831 0.401 1
0.784 0.355 1
0.845 0.363 1
0.753 0.344 1
0.756 0.407 1
0.811 0.429 1
0.746 0.351 1
0.838 0.426 1
0.795 0.374 1
0.763 0.353 1
0.785 0.371 1
0.762 0.356 1
0.786 0.375 1
0.762 0.377 1
0.789 0.424 1
0.805 0.358 1
0.824 0.385 1
0.77 0.417 1
0.818 0.378 1
0.842 0.437 1
0.755 0.355 1
0.752 0.358 1
0.801 0.357 1
0.804 0.402 1
0.793 0.379 1
0.811 0.436 1
0.822 0.439 1
0.785 0.385 1
0.81 0.427 1
0.824 0.412 1
0.779 0.378 1
0.791 0.389 1
0.844 0.402 1
0.749 0.383 1
0.764 0.425 1
0.75 0.396 1
0.745 0.443 1
0.834 0.375 1
0.816 0.39 1
0.759 0.416 1
0.778 0.381 1
0.788 0.44 1
0.759 0.441 1
0.761 0.4 1
0.749 0.347 1
0.783 0.35 1
0.783 0.441 1
0.746 0.397 1
0.767 0.382 1
0.791 0.397 1
0.809 0.369 1
0.826 0.391 1
0.821 0.4 1
0.845 0.402 1
0.831 0.371 1
0.759 0.385 1
0.817 0.373 1
0.778 0.414 1
0.814 0.411 1
0.819 0.362 1
0.774 0.407 1
0.804 0.374 1
0.749 0.349 1
0.824 0.362 1
0.808 0.424 1
0.747 0.404 1
0.79 0.364 1
0.784 0.36 1
0.746 0.44 1
0.834 0.396 1
0.756 0.379 1
0.823 0.409 1
0.768 0.415 1
0.761 0.406 1
0.765 0.428 1
0.845 0.347 1
0.807 0.391 1
0.821 0.414 1
0.768 0.433 1
0.805 0.355 1
0.81 0.39 1
0.777 0.436 1
0.804 0.405 1
0.795 0.374 1
0.763 0.385 1
0.777 0.352 1
0.84 0.425 1
0.773 0.397 1
0.778 0.344 1
0.761 0.351 1
0.898 0.381 1
0.902 0.388 1
0.878 0.397 1
0.895 0.436 1
0.835 0.388 1
0.86 0.378 1
0.844 0.39 1
0.847 0.44 1
0.896 0.424 1
0.858 0.376 1
0.862 0.43 1
0.879 0.44 1
0.884 0.384 1
0.923 0.453 1
0.834 0.39 1
0.908 0.388 1
0.893 0.453 1
0.855 0.411 1
0.917 0.432 1
0.865 0.385 1
0.898 0.399 1
0.836 0.451 1
0.897 0.377 1
0.848 0.396 1
0.862 0.399 1
0.907 0.433 1
0.859 0.436 1
0.926 0.407 1
0.914 0.37 1
0.892 0.399 1
0.893 0.463 1
0.864 0.461 1
0.842 0.39 1
0.887 0.404 1
0.906 0.407 1
0.839 0.378 1
0.917 0.374 1
0.839 0.438 1
0.912 0.436 1
0.914 0.454 1
0.832 0.418 1
0.848 0.403 1
0.836 0.393 1
0.931 0.401 1
0.874 0.392 1
0.901 0.4 1
0.849 0.429 1
0.887 0.391 1
0.904 0.44 1
0.842 0.464 1
0.89 0.394 1
0.898 0.462 1
0.857 0.379 1
0.839 0.449 1
0.903 0.452 1
0.862 0.404 1
0.911 0.388 1
0.922 0.464 1
0.903 0.373 1
0.885 0.443 1
0.93 0.466 1
0.89 0.425 1
0.839 0.406 1
0.847 0.396 1
0.887 0.4 1
0.871 0.375 1
0.84 0.402 1
0.914 0.46 1
0.918 0.371 1
0.876 0.441 1
0.854 0.453 1
0.874 0.465 1
0.905 0.373 1
0.901 0.377 1
0.886 0.407 1
0.883 0.469 1
0.875 0.456 1
0.905 0.458 1
0.895 0.418 1
0.855 0.373 1
0.89 0.417 1
0.849 0.435 1
0.847 0.41 1
0.85 0.413 1
0.849 0.389 1
0.876 0.428 1
0.908 0.455 1
0.929 0.391 1
0.879 0.419 1
0.854 0.411 1
0.875 0.469 1
0.891 0.434 1
0.93 0.423 1
0.924 0.399 1
0.921 0.377 1
0.889 0.398 1
0.868 0.442 1
0.928 0.415 1
0.846 0.419 1
0.887 0.375 1
0.947 0.406 1
0.945 0.483 1
0.91 0.477 1
0.896 0.393 1
0.93 0.414 1
0.911 0.389 1
0.901 0.413 1
0.952 0.45 1
0.941 0.463 1
0.937 0.453 1
0.921 0.47 1
0.897 0.395 1
0.886 0.429 1
0.961 0.486 1
0.901 0.455 1
0.876 0.415 1
0.93 0.404 1
0.903 0.413 1
0.9 0.488 1
0.927 0.398 1
0.917 0.422 1
0.872 0.43 1
0.947 0.479 1
0.873 0.486 1
0.889 0.429 1
0.928 0.47 1
0.894 0.439 1
0.956 0.455 1
0.956 0.389 1
0.905 0.42 1
0.873 0.42 1
0.908 0.456 1
0.875 0.403 1
0.971 0.429 1
0.94 0.425 1
0.903 0.424 1
0.883 0.431 1
0.929 0.393 1
0.912 0.414 1
0.9 0.428 1
0.887 0.438 1
0.957 0.466 1
0.952 0.432 1
0.926 0.461 1
0.899 0.46 1
0.914 0.401 1
0.933 0.47 1
0.968 0.43 1
0.9 0.475 1
0.892 0.466 1
0.949 0.394 1
0.962 0.391 1
0.88 0.468 1
0.944 0.412 1
0.939 0.39 1
0.906 0.446 1
0.932 0.436 1
0.952 0.48 1
0.871 0.393 1
0.968 0.41 1
0.882 0.439 1
0.929 0.482 1
0.915 0.389 1
0.877 0.438 1
0.917 0.391 1
0.876 0.434 1
0.879 0.453 1
0.911 0.392 1
0.968 0.488 1
0.938 0.445 1
0.888 0.48 1
0.897 0.407 1
0.945 0.432 1
0.925 0.421 1
0.892 0.461 1
0.921 0.435 1
0.9 0.488 1
0.958 0.417 1
0.923 0.43 1
0.903 0.452 1
0.917 0.43 1
0.917 0.409 1
0.884 0.458 1
0.95 0.401 1
0.92 0.445 1
0.887 0.401 1
0.876 0.403 1
0.901 0.484 1
0.941 0.406 1
0.937 0.425 1
0.905 0.446 1
0.968 0.39 1
0.932 0.424 1
0.933 0.471 1
0.884 0.425 1
0.948 0.43 1
0.886 0.41 1
0.931 0.485 1
0.912 0.479 1
0.958 0.428 1
0.919 0.408 1
0.957 0.427 1
0.929 0.444 1
0.898 0.415 1
0.954 0.439 1
0.971 0.442 1
0.889 0.431 1
0.922 0.462 1
0.903 0.444 1
0.982 0.457 1
0.971 0.404 1
0.889 0.462 1
0.966 0.412 1
0.892 0.474 1
0.951 0.435 1
0.909 0.469 1
0.953 0.41 1
0.895 0.467 1
0.913 0.399 1
0.977 0.422 1
0.893 0.427 1
0.952 0.472 1
0.979 0.4 1
0.957 0.479 1
0.926 0.413 1
0.972 0.475 1
0.893 0.471 1
0.901 0.43 1
0.904 0.465 1
0.948 0.406 1
0.913 0.4 1
0.957 0.444 1
0.956 0.421 1
0.926 0.417 1
0.933 0.444 1
0.893 0.475 1
0.892 0.472 1
0.907 0.499 1
0.954 0.445 1
0.898 0.466 1
0.945 0.409 1
0.887 0.485 1
0.918 0.442 1
0.908 0.404 1
0.951 0.465 1
0.937 0.491 1
0.949 0.446 1
0.903 0.456 1
0.901 0.483 1
0.982 0.406 1
0.915 0.424 1
0.922 0.439 1
0.974 0.421 1
0.963 0.464 1
0.93 0.462 1
0.898 0.422 1
0.983 0.412 1
0.89 0.416 1
0.892 0.459 1
0.921 0.476 1
0.941 0.443 1
0.965 0.491 1
0.957 0.435 1
0.984 0.497 1
0.891 0.452 1
0.931 0.433 1
0.951 0.496 1
0.941 0.476 1
0.953 0.406 1
0.934 0.474 1
0.916 0.442 1
0.957 0.41 1
0.956 0.487 1
0.978 0.48 1
0.978 0.419 1
0.984 0.433 1
0.938 0.423 1
0.926 0.438 1
0.916 0.415 1
0.938 0.436 1
0.952 0.461 1
0.902 0.401 1
0.889 0.436 1
0.948 0.428 1
0.962 0.488 1
0.917 0.458 1
0.954 0.45 1
0.944 0.494 1
0.911 0.416 1
0.887 0.475 1
0.957 0.417 1
0.975 0.435 1
0.934 0.47 1
0.952 0.495 1
0.97 0.456 1
0.974 0.473 1
0.982 0.484 1
0.914 0.42 1
0.96 0.485 1
0.966 0.399 1
0.911 0.453 1
0.927 0.419 1
0.909 0.494 1
0.917 0.421 1
0.97 0.461 1
0.995 0.491 1
0.993 0.497 1
0.924 0.445 1
0.907 0.486 1
0.928 0.491 1
0.943 0.466 1
0.978 0.483 1
0.98 0.493 1
0.965 0.451 1
0.95 0.513 1
0.927 0.465 1
0.962 0.512 1
0.941 0.506 1
0.922 0.513 1
0.957 0.437 1
0.975 0.477 1
0.979 0.515 1
0.955 0.5 1
0.989 0.441 1
0.949 0.47 1
0.946 0.453 1
0.931 0.459 1
0.952 0.453 1
0.915 0.483 1
0.974 0.487 1
0.936 0.425 1
0.953 0.483 1
0.969 0.416 1
0.954 0.5 1
0.953 0.51 1
0.942 0.456 1
0.987 0.516 1
0.958 0.467 1
0.958 0.463 1
0.992 0.426 1
0.982 0.504 1
0.925 0.445 1
0.929 0.424 1
0.919 0.42 1
0.937 0.439 1
0.944 0.448 1
0.974 0.473 1
0.926 0.514 1
0.954 0.438 1
0.94 0.456 1
0.969 0.476 1
0.973 0.479 1
0.931 0.426 1
0.954 0.418 1
0.962 0.485 1
0.938 0.443 1
0.931 0.479 1
0.989 0.437 1
0.913 0.438 1
0.918 0.465 1
0.927 0.502 1
0.919 0.472 1
0.949 0.491 1
0.994 0.516 1
0.934 0.433 1
0.912 0.417 1
0.949 0.47 1
0.951 0.457 1
0.961 0.469 1
0.984 0.5 1
0.98 0.435 1
0.906 0.515 1
0.921 0.44 1
0.989 0.432 1
0.967 0.479 1
0.967 0.443 1
0.912 0.501 1
0.975 0.447 1
0.929 0.48 1
0.959 0.43 1
0.992 0.441 1
0.914 0.484 1
0.956 0.444 1
0.912 0.502 1
0.949 0.488 1
0.959 0.49 1
0.92 0.484 1
0.917 0.42 1
0.982 0.434 1
0.995 0.513 1
0.92 0.485 1
0.914 0.512 1
0.989 0.483 1
0.982 0.502 1
0.94 0.51 1
0.978 0.505 1
0.995 0.482 1
0.992 0.419 1
0.972 0.478 1
0.961 0.443 1
0.922 0.481 1
0.914 0.503 1
0.917 0.458 1
0.983 0.424 1
0.969 0.428 1
0.981 0.417 1
0.914 0.478 1
0.933 0.488 1
0.988 0.497 1
0.926 0.435 1
0.947 0.458 1
0.972 0.454 1
0.953 0.469 1
0.93 0.495 1
0.912 0.484 1
0.912 0.464 1
0.914 0.484 1
0.932 0.454 1
0.986 0.435 1
0.91 0.51 1
0.96 0.458 1
0.929 0.436 1
0.99 0.486 1
0.995 0.462 1
0.955 0.453 1
0.983 0.477 1
0.96 0.418 1
0.986 0.431 1
0.961 0.508 1
0.935 0.487 1
0.976 0.508 1
0.916 0.505 1
0.989 0.461 1
0.984 0.456 1
0.926 0.503 1
0.915 0.445 1
0.963 0.43 1
0.993 0.445 1
0.948 0.509 1
0.914 0.446 1
0.944 0.499 1
0.972 0.484 1
0.992 0.424 1
0.937 0.492 1
0.956 0.46 1
0.921 0.427 1
0.92 0.513 1
0.932 0.434 1
0.974 0.462 1
0.991 0.448 1
0.93 0.433 1
0.999 0.5 1
0.988 0.45 1
0.972 0.433 1
0.965 0.437 1
0.906 0.48 1
0.904 0.424 1
0.931 0.499 1
0.983 0.483 1
0.957 0.424 1
0.931 0.419 1
0.966 0.481 1
0.998 0.503 1
0.943 0.485 1
0.911 0.438 1
0.973 0.467 1
0.987 0.436 1
0.951 0.449 1
0.942 0.473 1
0.964 0.513 1
0.935 0.478 1
0.908 0.464 1
0.905 0.488 1
0.969 0.445 1
0.973 0.51 1
0.938 0.431 1
0.998 0.48 1
0.985 0.495 1
0.984 0.453 1
0.905 0.475 1
0.986 0.438 1
0.945 0.426 1
0.968 0.422 1
0.98 0.513 1
0.951 0.439 1
0.973 0.467 1
0.942 0.454 1
0.993 0.455 1
0.954 0.428 1
0.957 0.513 1
0.992 0.472 1
0.941 0.496 1
0.928 0.478 1
0.908 0.514 1
0.961 0.453 1
0.945 0.515 1
0.938 0.446 1
0.942 0.447 1
0.994 0.42 1
0.994 0.427 1
0.877 0.401 1
0.879 0.464 1
0.828 0.401 1
0.886 0.446 1
0.9 0.429 1
0.817 0.391 1
0.884 0.447 1
0.859 0.46 1
0.866 0.392 1
0.831 0.439 1
0.817 0.427 1
0.835 0.418 1
0.896 0.385 1
0.833 0.426 1
0.863 0.418 1
0.871 0.395 1
0.865 0.373 1
0.863 0.441 1
0.854 0.391 1
0.811 0.372 1
0.857 0.459 1
0.865 0.449 1
0.815 0.396 1
0.823 0.389 1
0.84 0.459 1
0.838 0.397 1
0.879 0.421 1
0.903 0.393 1
0.836 0.378 1
0.823 0.408 1
0.837 0.431 1
0.902 0.413 1
0.88 0.459 1
0.88 0.412 1
0.835 0.366 1
0.831 0.464 1
0.857 0.452 1
0.887 0.403 1
0.845 0.403 1
0.814 0.455 1
0.843 0.39 1
0.852 0.429 1
0.843 0.441 1
0.843 0.391 1
0.847 0.404 1
0.884 0.413 1
0.876 0.416 1
0.826 0.437 1
0.805 0.41 1
0.848 0.381 1
0.833 0.432 1
0.818 0.458 1
0.837 0.374 1
0.881 0.399 1
0.807 0.437 1
0.836 0.412 1
0.819 0.407 1
0.891 0.442 1
0.896 0.447 1
0.883 0.405 1
0.859 0.463 1
0.858 0.451 1
0.811 0.419 1
0.817 0.43 1
0.819 0.451 1
0.859 0.373 1
0.899 0.459 1
0.805 0.411 1
0.839 0.385 1
0.835 0.399 1
0.859 0.409 1
0.841 0.459 1
0.825 0.386 1
0.864 0.376 1
0.815 0.366 1
0.85 0.46 1
0.823 0.453 1
0.86 0.458 1
0.874 0.372 1
0.848 0.376 1
0.896 0.367 1
0.83 0.459 1
0.854 0.436 1
0.824 0.399 1
0.833 0.412 1
0.887 0.406 1
0.814 0.42 1
0.854 0.42 1
0.86 0.45 1
0.854 0.452 1
0.847 0.438 1
0.895 0.388 1
0.872 0.427 1
0.888 0.429 1
0.871 0.464 1
0.805 0.395 1
0.825 0.438 1
0.834 0.406 1
0.84 0.422 1
0.81 0.405 1
0.687 0.38 1
0.686 0.348 1
0.685 0.393 1
0.622 0.376 1
0.601 0.366 1
0.641 0.334 1
0.654 0.388 1
0.677 0.341 1
0.615 0.398 1
0.6 0.318 1
0.696 0.317 1
0.638 0.375 1
0.691 0.338 1
0.605 0.324 1
0.626 0.405 1
0.617 0.402 1
0.631 0.328 1
0.663 0.386 1
0.69 0.327 1
0.676 0.401 1
0.652 0.369 1
0.698 0.324 1
0.653 0.347 1
0.635 0.363 1
0.671 0.39 1
0.601 0.356 1
0.66 0.386 1
0.607 0.354 1
0.626 0.307 1
0.697 0.355 1
0.614 0.334 1
0.675 0.33 1
0.627 0.34 1
0.639 0.37 1
0.68 0.321 1
0.693 0.378 1
0.62 0.352 1
0.606 0.397 1
0.628 0.327 1
0.666 0.401 1
0.622 0.354 1
0.682 0.387 1
0.666 0.346 1
0.66 0.349 1
0.627 0.398 1
0.637 0.32 1
0.609 0.391 1
0.66 0.346 1
0.68 0.318 1
0.699 0.308 1
0.678 0.382 1
0.624 0.344 1
0.61 0.322 1
0.691 0.341 1
0.664 0.393 1
0.696 0.324 1
0.625 0.327 1
0.603 0.388 1
0.646 0.355 1
0.634 0.33 1
0.668 0.346 1
0.649 0.385 1
0.686 0.401 1
0.678 0.4 1
0.651 0.322 1
0.611 0.361 1
0.622 0.335 1
0.675 0.351 1
0.677 0.33 1
0.645 0.37 1
0.697 0.33 1
0.668 0.401 1
0.683 0.381 1
0.659 0.392 1
0.627 0.33 1
0.647 0.398 1
0.613 0.333 1
0.673 0.325 1
0.693 0.336 1
0.606 0.356 1
0.602 0.337 1
0.7 0.355 1
0.637 0.4 1
0.671 0.401 1
0.685 0.395 1
0.697 0.333 1
0.629 0.405 1
0.678 0.366 1
0.69 0.364 1
0.615 0.362 1
0.665 0.379 1
0.639 0.345 1
0.616 0.337 1
0.613 0.325 1
0.664 0.377 1
0.615 0.327 1
0.61 0.362 1
0.653 0.398 1
0.7 0.338 1
0.67 0.337 1
0.547 0.281 1
0.537 0.343 1
0.598 0.335 1
0.593 0.307 1
0.598 0.295 1
0.565 0.282 1
0.597 0.357 1
0.531 0.28 1
0.594 0.3 1
0.529 0.347 1
0.624 0.306 1
0.629 0.281 1
0.599 0.35 1
0.626 0.343 1
0.558 0.336 1
0.574 0.291 1
0.577 0.356 1
0.625 0.305 1
0.546 0.332 1
0.618 0.355 1
0.583 0.304 1
0.55 0.289 1
0.542 0.288 1
0.576 0.362 1
0.583 0.359 1
0.562 0.312 1
0.552 0.359 1
0.582 0.287 1
0.593 0.282 1
0.554 0.307 1
0.539 0.342 1
0.616 0.306 1
0.618 0.369 1
0.572 0.294 1
0.563 0.271 1
0.533 0.282 1
0.568 0.315 1
0.582 0.362 1
0.62 0.313 1
0.569 0.345 1
0.529 0.282 1
0.576 0.31 1
0.56 0.348 1
0.556 0.272 1
0.553 0.357 1
0.59 0.292 1
0.564 0.342 1
0.58 0.292 1
0.586 0.346 1
0.553 0.347 1
0.557 0.286 1
0.568 0.276 1
0.536 0.356 1
0.599 0.287 1
0.599 0.316 1
0.565 0.355 1
0.597 0.282 1
0.61 0.341 1
0.579 0.301 1
0.609 0.341 1
0.62 0.336 1
0.585 0.286 1
0.563 0.309 1
0.6 0.352 1
0.612 0.363 1
0.56 0.318 1
0.554 0.364 1
0.546 0.298 1
0.569 0.336 1
0.574 0.368 1
0.54 0.275 1
0.548 0.369 1
0.627 0.361 1
0.614 0.356 1
0.56 0.272 1
0.584 0.348 1
0.604 0.296 1
0.595 0.358 1
0.562 0.286 1
0.556 0.28 1
0.569 0.275 1
0.537 0.351 1
0.572 0.325 1
0.579 0.361 1
0.533 0.359 1
0.608 0.29 1
0.532 0.29 1
0.602 0.283 1
0.58 0.281 1
0.601 0.32 1
0.57 0.27 1
0.567 0.3 1
0.626 0.368 1
0.611 0.286 1
0.539 0.273 1
0.584 0.338 1
0.567 0.351 1
0.582 0.339 1
0.578 0.35 1
0.589 0.322 1
0.507 0.269 1
0.51 0.25 1
0.521 0.228 1
0.512 0.317 1
0.547 0.254 1
0.531 0.238 1
0.48 0.241 1
0.538 0.275 1
0.454 0.322 1
0.468 0.273 1
0.534 0.278 1
0.519 0.298 1
0.474 0.223 1
0.529 0.226 1
0.453 0.261 1
0.512 0.236 1
0.491 0.296 1
0.489 0.241 1
0.463 0.26 1
0.535 0.238 1
0.529 0.246 1
0.535 0.323 1
0.511 0.254 1
0.481 0.278 1
0.514 0.317 1
0.469 0.243 1
0.476 0.291 1
0.484 0.24 1
0.487 0.32 1
0.503 0.314 1
0.485 0.317 1
0.505 0.282 1
0.476 0.27 1
0.49 0.321 1
0.55 0.302 1
0.531 0.253 1
0.492 0.31 1
0.506 0.276 1
0.51 0.247 1
0.459 0.298 1
0.479 0.296 1
0.48 0.265 1
0.524 0.234 1
0.468 0.258 1
0.549 0.295 1
0.482 0.297 1
0.5 0.306 1
0.481 0.301 1
0.552 0.231 1
0.535 0.308 1
0.478 0.239 1
0.476 0.23 1
0.547 0.319 1
0.52 0.303 1
0.548 0.313 1
0.452 0.289 1
0.506 0.288 1
0.485 0.297 1
0.514 0.232 1
0.551 0.243 1
0.452 0.224 1
0.549 0.247 1
0.513 0.224 1
0.522 0.303 1
0.533 0.226 1
0.509 0.292 1
0.479 0.271 1
0.525 0.245 1
0.523 0.313 1
0.473 0.249 1
0.516 0.286 1
0.546 0.318 1
0.521 0.286 1
0.538 0.233 1
0.504 0.292 1
0.459 0.286 1
0.491 0.249 1
0.476 0.258 1
0.521 0.279 1
0.493 0.282 1
0.476 0.232 1
0.549 0.246 1
0.532 0.254 1
0.549 0.286 1
0.544 0.294 1
0.503 0.318 1
0.513 0.29 1
0.467 0.269 1
0.547 0.274 1
0.54 0.236 1
0.473 0.256 1
0.481 0.285 1
0.466 0.261 1
0.55 0.313 1
0.552 0.235 1
0.453 0.267 1
0.476 0.28 1
0.503 0.236 1
0.479 0.242 1
0.465 0.271 1
