0.145 0.934 0
0.188 0.991 0
0.146 0.996 0
0.126 0.981 0
0.147 0.914 0
0.149 0.957 0
0.104 0.95 0
0.176 0.999 0
0.102 0.968 0
0.139 0.98 0
0.162 0.922 0
0.164 0.927 0
0.187 0.977 0
0.181 0.93 0
0.106 0.928 0
0.092 0.98 0
0.13 0.994 0
0.111 0.994 0
0.175 0.99 0
0.145 0.932 0
0.167 0.919 0
0.181 0.926 0
0.187 0.954 0
0.096 0.97 0
0.091 0.943 0
0.102 0.987 0
0.163 0.947 0
0.124 0.979 0
0.136 0.943 0
0.147 0.913 0
0.099 0.958 0
0.129 0.964 0
0.187 0.932 0
0.123 0.947 0
0.144 0.93 0
0.107 0.998 0
0.18 0.996 0
0.171 0.991 0
0.104 0.921 0
0.148 0.957 0
0.151 0.956 0
0.182 0.949 0
0.159 0.951 0
0.186 0.914 0
0.176 0.924 0
0.142 0.959 0
0.175 0.951 0
0.172 0.994 0
0.134 0.996 0
0.092 0.972 0
0.127 0.984 0
0.104 0.933 0
0.132 0.912 0
0.089 0.989 0
0.102 0.988 0
0.105 0.978 0
0.134 0.917 0
0.15 0.936 0
0.188 0.98 0
0.173 0.922 0
0.144 0.965 0
0.11 0.945 0
0.093 0.972 0
0.169 0.988 0
0.139 0.93 0
0.144 0.941 0
0.096 0.921 0
0.117 0.945 0
0.112 0.96 0
0.097 0.939 0
0.106 0.997 0
0.174 0.963 0
0.095 0.932 0
0.183 0.957 0
0.155 0.999 0
0.099 0.989 0
0.141 0.962 0
0.141 0.997 0
0.179 0.973 0
0.094 0.965 0
0.176 0.953 0
0.13 0.946 0
0.101 0.922 0
0.151 0.975 0
0.122 0.938 0
0.088 0.982 0
0.188 0.971 0
0.118 0.985 0
0.152 0.971 0
0.158 0.96 0
0.147 0.991 0
0.112 0.942 0
0.165 0.968 0
0.093 0.932 0
0.129 0.976 0
0.091 0.972 0
0.125 0.991 0
0.133 0.957 0
0.133 0.924 0
0.142 0.921 0
0.078 0.964 0
0.131 0.962 0
0.088 0.989 0
0.097 0.939 0
0.131 0.997 0
0.143 0.99 0
0.118 0.943 0
0.084 0.95 0
0.119 0.941 0
0.157 0.986 0
0.117 0.964 0
0.091 0.967 0
0.089 0.982 0
0.136 0.943 0
0.153 0.977 0
0.153 0.942 0
0.156 0.98 0
0.138 0.995 0
0.101 0.953 0
0.147 0.943 0
0.104 0.954 0
0.137 0.936 0
0.12 0.981 0
0.168 0.947 0
0.087 0.952 0
0.081 0.969 0
0.158 0.931 0
0.155 0.988 0
0.118 0.978 0
0.141 0.986 0
0.13 0.939 0
0.126 0.968 0
0.162 0.969 0
0.136 0.92 0
0.135 0.923 0
0.096 0.919 0
0.153 0.97 0
0.168 0.988 0
0.161 0.938 0
0.152 0.931 0
0.142 0.981 0
0.115 0.968 0
0.157 0.923 0
0.134 0.983 0
0.122 0.931 0
0.139 0.99 0
0.097 0.942 0
0.147 0.942 0
0.068 0.933 0
0.073 0.992 0
0.119 0.931 0
0.125 0.939 0
0.166 0.991 0
0.117 0.977 0
0.123 0.996 0
0.159 0.939 0
0.071 0.979 0
0.09 0.923 0
0.162 0.944 0
0.07 0.926 0
0.153 0.953 0
0.082 0.927 0
0.142 0.924 0
0.126 0.969 0
0.079 0.996 0
0.155 0.946 0
0.112 0.965 0
0.131 0.945 0
0.073 0.993 0
0.111 0.931 0
0.082 0.93 0
0.125 0.947 0
0.157 0.985 0
0.124 0.92 0
0.166 0.98 0
0.09 0.93 0
0.112 0.967 0
0.147 0.992 0
0.105 0.986 0
0.09 0.946 0
0.13 0.958 0
0.113 0.967 0
0.107 0.963 0
0.127 0.994 0
0.11 0.949 0
0.073 0.945 0
0.112 0.947 0
0.153 0.969 0
0.131 0.989 0
0.072 0.973 0
0.106 0.943 0
0.072 0.922 0
0.166 0.973 0
0.071 0.929 0
0.106 0.941 0
0.089 0.979 0
0.09 0.959 0
0.141 0.964 0
0.14 0.928 0
0.085 0.974 0
0.068 0.887 0
0.093 0.983 0
0.03 0.963 0
0.073 0.903 0
0.032 0.973 0
0.019 0.912 0
0.108 0.95 0
0.037 0.962 0
0.072 0.9 0
0.044 0.95 0
0.1 0.946 0
0.013 0.944 0
0.106 0.972 0
0.058 0.962 0
0.102 0.944 0
0.012 0.923 0
0.034 0.913 0
0.071 0.911 0
0.106 0.97 0
0.053 0.887 0
0.026 0.942 0
0.054 0.977 0
0.049 0.985 0
0.011 0.973 0
0.053 0.959 0
0.076 0.902 0
0.066 0.902 0
0.074 0.898 0
0.013 0.935 0
0.014 0.92 0
0.027 0.948 0
0.09 0.957 0
0.068 0.948 0
0.038 0.94 0
0.061 0.983 0
0.064 0.974 0
0.016 0.959 0
0.095 0.959 0
0.017 0.895 0
0.07 0.942 0
0.074 0.964 0
0.098 0.914 0
0.026 0.897 0
0.032 0.941 0
0.035 0.981 0
0.09 0.975 0
0.016 0.923 0
0.021 0.902 0
0.029 0.983 0
0.078 0.942 0
0.093 0.982 0
0.009 0.911 0
0.057 0.971 0
0.022 0.897 0
0.032 0.933 0
0.076 0.94 0
0.035 0.95 0
0.063 0.985 0
0.051 0.942 0
0.096 0.892 0
0.101 0.937 0
0.096 0.928 0
0.078 0.962 0
0.041 0.971 0
0.103 0.948 0
0.108 0.971 0
0.066 0.911 0
0.038 0.942 0
0.029 0.912 0
0.096 0.949 0
0.095 0.966 0
0.09 0.915 0
0.077 0.972 0
0.053 0.923 0
0.034 0.972 0
0.025 0.924 0
0.063 0.931 0
0.066 0.944 0
0.098 0.897 0
0.068 0.941 0
0.037 0.894 0
0.089 0.903 0
0.093 0.965 0
0.046 0.986 0
0.05 0.924 0
0.011 0.969 0
0.009 0.894 0
0.064 0.914 0
0.1 0.889 0
0.099 0.974 0
0.073 0.909 0
0.014 0.942 0
0.086 0.927 0
0.011 0.983 0
0.02 0.984 0
0.077 0.963 0
0.09 0.914 0
0.074 0.906 0
0.051 0.97 0
0.03 0.947 0
0.075 0.938 0
0.058 0.913 0
0.044 0.948 0
0.071 0.963 0
0.068 0.907 0
0.1 0.938 0
0.015 0.92 0
0.011 0.925 0
0.079 0.952 0
0.05 0.887 0
0.102 0.882 0
0.032 0.976 0
0.063 0.965 0
0.089 0.88 0
0.063 0.95 0
0.078 0.906 0
0.041 0.945 0
0.098 0.88 0
0.024 0.946 0
0.018 0.89 0
0.009 0.964 0
0.018 0.974 0
0.058 0.93 0
0.019 0.91 0
0.049 0.894 0
0.09 0.921 0
0.1 0.882 0
0.014 0.949 0
0.076 0.954 0
0.034 0.925 0
0.006 0.966 0
0.041 0.908 0
0.046 0.898 0
0.059 0.916 0
0.066 0.884 0
0.072 0.968 0
0.027 0.966 0
0.036 0.909 0
0.074 0.95 0
0.014 0.961 0
0.1 0.877 0
0.07 0.928 0
0.086 0.899 0
0.019 0.883 0
0.024 0.943 0
0.004 0.934 0
0.086 0.928 0
0.085 0.892 0
0.025 0.952 0
0.064 0.959 0
0.043 0.921 0
0.021 0.893 0
0.075 0.951 0
0.091 0.953 0
0.084 0.897 0
0.034 0.968 0
0.033 0.882 0
0.098 0.891 0
0.049 0.939 0
0.03 0.942 0
0.081 0.904 0
0.089 0.957 0
0.078 0.88 0
0.003 0.907 0
0.025 0.934 0
0.033 0.941 0
0.047 0.956 0
0.094 0.913 0
0.088 0.907 0
0.03 0.903 0
0.079 0.941 0
0.04 0.966 0
0.086 0.911 0
0.067 0.915 0
0.065 0.954 0
0.044 0.935 0
0.003 0.878 0
0.073 0.929 0
0.045 0.902 0
0.023 0.956 0
0.072 0.954 0
0.103 0.964 0
0.004 0.93 0
0.055 0.893 0
0.032 0.914 0
0.088 0.891 0
0.086 0.976 0
0.076 0.939 0
0.069 0.945 0
0.069 0.915 0
0.061 0.913 0
0.052 0.955 0
0.036 0.949 0
0.014 0.923 0
0.04 0.935 0
0.101 0.947 0
0.051 0.909 0
0.086 0.963 0
0.1 0.935 0
0.095 0.889 0
0.074 0.892 0
0.051 0.839 0
0.107 0.83 0
0.044 0.902 0
0.019 0.888 0
0.072 0.876 0
0.067 0.877 0
0.117 0.866 0
0.046 0.826 0
0.058 0.867 0
0.117 0.837 0
0.112 0.877 0
0.11 0.834 0
0.056 0.84 0
0.068 0.866 0
0.061 0.877 0
0.034 0.881 0
0.017 0.824 0
0.037 0.839 0
0.03 0.838 0
0.064 0.838 0
0.056 0.916 0
0.025 0.824 0
0.071 0.875 0
0.109 0.913 0
0.027 0.852 0
0.113 0.916 0
0.036 0.915 0
0.085 0.896 0
0.068 0.893 0
0.074 0.882 0
0.02 0.837 0
0.102 0.891 0
0.035 0.831 0
0.051 0.833 0
0.056 0.882 0
0.107 0.876 0
0.054 0.912 0
0.093 0.885 0
0.051 0.884 0
0.054 0.855 0
0.047 0.894 0
0.055 0.863 0
0.103 0.836 0
0.02 0.879 0
0.052 0.847 0
0.093 0.846 0
0.071 0.862 0
0.018 0.915 0
0.049 0.878 0
0.113 0.864 0
0.063 0.859 0
0.073 0.825 0
0.028 0.889 0
0.044 0.871 0
0.042 0.864 0
0.058 0.911 0
0.095 0.868 0
0.089 0.857 0
0.11 0.862 0
0.066 0.893 0
0.025 0.849 0
0.099 0.843 0
0.069 0.907 0
0.097 0.823 0
0.049 0.853 0
0.11 0.879 0
0.064 0.918 0
0.054 0.86 0
0.02 0.864 0
0.041 0.835 0
0.078 0.882 0
0.06 0.873 0
0.113 0.888 0
0.068 0.914 0
0.078 0.865 0
0.05 0.866 0
0.084 0.843 0
0.099 0.871 0
0.05 0.838 0
0.087 0.88 0
0.109 0.833 0
0.039 0.861 0
0.114 0.896 0
0.061 0.873 0
0.034 0.905 0
0.019 0.852 0
0.058 0.887 0
0.083 0.865 0
0.024 0.902 0
0.073 0.845 0
0.062 0.913 0
0.052 0.906 0
0.116 0.911 0
0.062 0.87 0
0.025 0.822 0
0.065 0.829 0
0.057 0.868 0
0.051 0.836 0
0.064 0.86 0
0.193 0.756 0
0.221 0.774 0
0.13 0.779 0
0.135 0.842 0
0.145 0.75 0
0.151 0.811 0
0.125 0.821 0
0.212 0.771 0
0.196 0.782 0
0.215 0.834 0
0.186 0.768 0
0.223 0.813 0
0.18 0.761 0
0.123 0.816 0
0.175 0.8 0
0.163 0.803 0
0.188 0.825 0
0.204 0.747 0
0.147 0.773 0
0.2 0.768 0
0.189 0.8 0
0.15 0.845 0
0.21 0.844 0
0.222 0.787 0
0.214 0.782 0
0.212 0.822 0
0.123 0.828 0
0.151 0.801 0
0.139 0.78 0
0.21 0.822 0
0.176 0.823 0
0.173 0.831 0
0.152 0.785 0
0.16 0.82 0
0.149 0.778 0
0.161 0.814 0
0.199 0.804 0
0.214 0.788 0
0.146 0.758 0
0.209 0.771 0
0.163 0.754 0
0.146 0.827 0
0.129 0.832 0
0.222 0.838 0
0.181 0.78 0
0.222 0.792 0
0.209 0.838 0
0.215 0.82 0
0.219 0.838 0
0.148 0.774 0
0.184 0.813 0
0.163 0.747 0
0.131 0.839 0
0.162 0.751 0
0.194 0.832 0
0.134 0.783 0
0.141 0.793 0
0.222 0.79 0
0.156 0.797 0
0.192 0.827 0
0.179 0.83 0
0.164 0.822 0
0.199 0.787 0
0.21 0.816 0
0.178 0.825 0
0.193 0.795 0
0.138 0.789 0
0.161 0.822 0
0.135 0.817 0
0.153 0.774 0
0.199 0.764 0
0.144 0.813 0
0.149 0.762 0
0.134 0.813 0
0.179 0.785 0
0.13 0.772 0
0.167 0.801 0
0.192 0.809 0
0.217 0.75 0
0.136 0.828 0
0.212 0.808 0
0.168 0.749 0
0.16 0.808 0
0.187 0.781 0
0.136 0.814 0
0.127 0.762 0
0.19 0.773 0
0.139 0.764 0
0.203 0.81 0
0.221 0.767 0
0.144 0.807 0
0.133 0.819 0
0.211 0.844 0
0.124 0.794 0
0.123 0.781 0
0.181 0.81 0
0.196 0.835 0
0.209 0.808 0
0.204 0.832 0
0.124 0.834 0
0.222 0.854 0
0.27 0.804 0
0.254 0.855 0
0.234 0.801 0
0.267 0.804 0
0.207 0.829 0
0.271 0.777 0
0.204 0.815 0
0.272 0.811 0
0.209 0.831 0
0.194 0.764 0
0.21 0.842 0
0.217 0.857 0
0.215 0.83 0
0.229 0.851 0
0.248 0.809 0
0.18 0.815 0
0.216 0.838 0
0.197 0.854 0
0.209 0.845 0
0.213 0.809 0
0.207 0.792 0
0.188 0.821 0
0.263 0.788 0
0.18 0.814 0
0.181 0.808 0
0.192 0.816 0
0.24 0.764 0
0.194 0.855 0
0.235 0.805 0
0.247 0.815 0
0.263 0.772 0
0.246 0.842 0
0.253 0.798 0
0.193 0.782 0
0.27 0.776 0
0.267 0.805 0
0.193 0.857 0
0.191 0.838 0
0.262 0.813 0
0.195 0.801 0
0.188 0.834 0
0.273 0.81 0
0.192 0.837 0
0.178 0.791 0
0.209 0.787 0
0.221 0.821 0
0.184 0.831 0
0.269 0.854 0
0.222 0.836 0
0.192 0.807 0
0.205 0.817 0
0.225 0.863 0
0.177 0.814 0
0.242 0.795 0
0.26 0.842 0
0.203 0.81 0
0.185 0.775 0
0.197 0.775 0
0.227 0.78 0
0.276 0.857 0
0.231 0.855 0
0.201 0.831 0
0.177 0.841 0
0.262 0.791 0
0.25 0.786 0
0.22 0.851 0
0.26 0.811 0
0.24 0.864 0
0.199 0.796 0
0.232 0.809 0
0.255 0.844 0
0.205 0.766 0
0.238 0.82 0
0.241 0.846 0
0.212 0.858 0
0.19 0.767 0
0.211 0.85 0
0.209 0.781 0
0.203 0.818 0
0.205 0.783 0
0.267 0.794 0
0.242 0.796 0
0.25 0.765 0
0.189 0.818 0
0.178 0.794 0
0.204 0.79 0
0.214 0.818 0
0.25 0.818 0
0.269 0.777 0
0.276 0.833 0
0.181 0.78 0
0.227 0.842 0
0.251 0.771 0
0.212 0.829 0
0.273 0.791 0
0.196 0.827 0
0.191 0.833 0
0.228 0.827 0
0.183 0.831 0
0.171 0.85 0
0.252 0.847 0
0.219 0.856 0
0.208 0.912 0
0.18 0.908 0
0.184 0.91 0
0.194 0.851 0
0.211 0.847 0
0.253 0.896 0
0.185 0.9 0
0.17 0.843 0
0.215 0.929 0
0.242 0.874 0
0.23 0.879 0
0.203 0.907 0
0.225 0.867 0
0.254 0.919 0
0.188 0.862 0
0.222 0.928 0
0.208 0.862 0
0.212 0.876 0
0.189 0.835 0
0.175 0.856 0
0.183 0.877 0
0.234 0.834 0
0.253 0.916 0
0.217 0.919 0
0.25 0.9 0
0.25 0.859 0
0.173 0.835 0
0.206 0.881 0
0.209 0.907 0
0.192 0.929 0
0.196 0.886 0
0.214 0.922 0
0.236 0.847 0
0.254 0.858 0
0.246 0.925 0
0.203 0.893 0
0.208 0.873 0
0.223 0.928 0
0.173 0.908 0
0.264 0.88 0
0.243 0.843 0
0.226 0.919 0
0.189 0.835 0
0.26 0.901 0
0.226 0.843 0
0.215 0.917 0
0.269 0.83 0
0.205 0.87 0
0.169 0.849 0
0.223 0.908 0
0.257 0.912 0
0.201 0.839 0
0.227 0.832 0
0.217 0.858 0
0.239 0.928 0
0.203 0.878 0
0.208 0.901 0
0.227 0.921 0
0.255 0.861 0
0.269 0.85 0
0.208 0.93 0
0.181 0.905 0
0.202 0.902 0
0.242 0.903 0
0.187 0.844 0
0.245 0.885 0
0.224 0.914 0
0.252 0.842 0
0.241 0.881 0
0.186 0.847 0
0.178 0.907 0
0.19 0.924 0
0.214 0.857 0
0.248 0.831 0
0.173 0.844 0
0.204 0.862 0
0.195 0.901 0
0.19 0.85 0
0.184 0.843 0
0.19 0.923 0
0.21 0.832 0
0.228 0.865 0
0.236 0.9 0
0.223 0.84 0
0.206 0.845 0
0.266 0.871 0
0.194 0.871 0
0.208 0.924 0
0.239 0.915 0
0.171 0.887 0
0.206 0.886 0
0.18 0.919 0
0.175 0.845 0
0.218 0.897 0
0.196 0.913 0
0.246 0.905 0
0.218 0.901 0
0.224 0.954 0
0.159 0.935 0
0.197 0.959 0
0.2 0.961 0
0.218 0.889 0
0.158 0.934 0
0.166 0.938 0
0.192 0.923 0
0.158 0.863 0
0.165 0.894 0
0.201 0.929 0
0.222 0.904 0
0.19 0.941 0
0.221 0.87 0
0.164 0.883 0
0.23 0.906 0
0.217 0.882 0
0.17 0.93 0
0.174 0.949 0
0.168 0.893 0
0.199 0.949 0
0.242 0.956 0
0.234 0.926 0
0.171 0.904 0
0.237 0.957 0
0.204 0.865 0
0.237 0.935 0
0.233 0.905 0
0.185 0.917 0
0.173 0.893 0
0.213 0.867 0
0.218 0.919 0
0.238 0.869 0
0.15 0.94 0
0.188 0.918 0
0.201 0.895 0
0.155 0.907 0
0.162 0.927 0
0.179 0.945 0
0.172 0.879 0
0.211 0.921 0
0.176 0.87 0
0.241 0.869 0
0.168 0.904 0
0.202 0.897 0
0.209 0.92 0
0.212 0.917 0
0.225 0.951 0
0.17 0.871 0
0.184 0.918 0
0.223 0.872 0
0.225 0.889 0
0.209 0.902 0
0.144 0.942 0
0.147 0.878 0
0.226 0.951 0
0.173 0.961 0
0.228 0.887 0
0.159 0.867 0
0.201 0.916 0
0.159 0.93 0
0.195 0.881 0
0.241 0.89 0
0.194 0.957 0
0.208 0.942 0
0.208 0.95 0
0.209 0.953 0
0.223 0.939 0
0.215 0.933 0
0.15 0.889 0
0.19 0.915 0
0.174 0.913 0
0.198 0.899 0
0.145 0.95 0
0.189 0.877 0
0.218 0.954 0
0.146 0.868 0
0.192 0.901 0
0.243 0.861 0
0.211 0.893 0
0.225 0.944 0
0.222 0.882 0
0.219 0.92 0
0.163 0.881 0
0.224 0.901 0
0.212 0.862 0
0.152 0.921 0
0.155 0.954 0
0.171 0.874 0
0.152 0.875 0
0.173 0.946 0
0.171 0.917 0
0.174 0.96 0
0.2 0.899 0
0.244 0.891 0
0.151 0.929 0
0.203 0.861 0
0.215 0.922 0
0.215 0.948 0
0.192 0.899 0
0.052 0.902 0
0.097 0.899 0
0.14 0.873 0
0.099 0.828 0
0.133 0.877 0
0.106 0.865 0
0.08 0.835 0
0.113 0.831 0
0.098 0.826 0
0.107 0.88 0
0.058 0.871 0
0.099 0.892 0
0.127 0.901 0
0.101 0.914 0
0.107 0.882 0
0.126 0.841 0
0.135 0.818 0
0.1 0.855 0
0.096 0.858 0
0.083 0.871 0
0.104 0.837 0
0.078 0.917 0
0.088 0.838 0
0.068 0.828 0
0.08 0.914 0
0.117 0.845 0
0.095 0.885 0
0.097 0.896 0
0.064 0.91 0
0.139 0.871 0
0.118 0.914 0
0.045 0.846 0
0.063 0.847 0
0.113 0.894 0
0.093 0.818 0
0.089 0.873 0
0.06 0.917 0
0.136 0.889 0
0.137 0.881 0
0.069 0.868 0
0.119 0.85 0
0.068 0.838 0
0.1 0.885 0
0.065 0.821 0
0.116 0.893 0
0.127 0.858 0
0.053 0.841 0
0.144 0.892 0
0.084 0.905 0
0.121 0.911 0
0.128 0.897 0
0.053 0.871 0
0.079 0.903 0
0.136 0.874 0
0.091 0.888 0
0.065 0.872 0
0.072 0.83 0
0.141 0.837 0
0.119 0.916 0
0.143 0.895 0
0.051 0.866 0
0.072 0.864 0
0.053 0.835 0
0.072 0.898 0
0.136 0.886 0
0.084 0.871 0
0.06 0.867 0
0.053 0.904 0
0.107 0.875 0
0.113 0.846 0
0.11 0.917 0
0.125 0.865 0
0.111 0.855 0
0.06 0.833 0
0.062 0.86 0
0.107 0.84 0
0.12 0.872 0
0.106 0.818 0
0.052 0.848 0
0.098 0.849 0
0.132 0.838 0
0.104 0.858 0
0.131 0.909 0
0.103 0.837 0
0.129 0.879 0
0.111 0.903 0
0.054 0.831 0
0.109 0.827 0
0.073 0.83 0
0.12 0.845 0
0.137 0.833 0
0.058 0.85 0
0.06 0.819 0
0.097 0.89 0
0.046 0.856 0
0.078 0.91 0
0.129 0.847 0
0.119 0.891 0
0.107 0.915 0
0.143 0.862 0
0.077 0.843 0
0.13 0.765 0
0.05 0.786 0
0.081 0.799 0
0.135 0.841 0
0.1 0.846 0
0.054 0.834 0
0.141 0.826 0
0.076 0.832 0
0.094 0.789 0
0.093 0.799 0
0.135 0.818 0
0.061 0.858 0
0.112 0.854 0
0.08 0.776 0
0.087 0.862 0
0.13 0.853 0
0.094 0.775 0
0.136 0.78 0
0.08 0.861 0
0.089 0.844 0
0.07 0.836 0
0.103 0.771 0
0.072 0.821 0
0.053 0.808 0
0.059 0.772 0
0.046 0.779 0
0.061 0.856 0
0.079 0.819 0
0.13 0.773 0
0.125 0.784 0
0.056 0.843 0
0.099 0.841 0
0.053 0.785 0
0.124 0.767 0
0.129 0.772 0
0.119 0.771 0
0.12 0.795 0
0.111 0.856 0
0.14 0.801 0
0.109 0.835 0
0.127 0.845 0
0.13 0.815 0
0.137 0.798 0
0.115 0.783 0
0.082 0.829 0
0.14 0.859 0
0.095 0.85 0
0.084 0.817 0
0.046 0.844 0
0.068 0.842 0
0.113 0.765 0
0.107 0.775 0
0.065 0.783 0
0.051 0.784 0
0.086 0.794 0
0.114 0.789 0
0.138 0.862 0
0.059 0.796 0
0.134 0.852 0
0.128 0.767 0
0.052 0.81 0
0.102 0.839 0
0.097 0.848 0
0.114 0.85 0
0.123 0.796 0
0.078 0.829 0
0.067 0.851 0
0.127 0.833 0
0.099 0.796 0
0.078 0.8 0
0.048 0.837 0
0.056 0.817 0
0.078 0.808 0
0.091 0.858 0
0.081 0.803 0
0.106 0.779 0
0.062 0.807 0
0.075 0.823 0
0.072 0.808 0
0.089 0.775 0
0.115 0.789 0
0.129 0.795 0
0.052 0.782 0
0.076 0.77 0
0.103 0.835 0
0.048 0.853 0
0.12 0.858 0
0.132 0.832 0
0.094 0.805 0
0.065 0.854 0
0.136 0.787 0
0.097 0.78 0
0.1 0.774 0
0.058 0.862 0
0.134 0.863 0
0.053 0.77 0
0.07 0.77 0
0.07 0.815 0
0.074 0.794 0
0.145 0.806 0
0.151 0.774 0
0.18 0.754 0
0.116 0.809 0
0.186 0.741 0
0.123 0.778 0
0.096 0.816 0
0.131 0.799 0
0.181 0.805 0
0.133 0.809 0
0.154 0.793 0
0.192 0.808 0
0.189 0.75 0
0.147 0.737 0
0.185 0.82 0
0.118 0.766 0
0.189 0.81 0
0.146 0.827 0
0.103 0.775 0
0.167 0.767 0
0.132 0.739 0
0.155 0.775 0
0.138 0.76 0
0.181 0.769 0
0.164 0.737 0
0.115 0.751 0
0.164 0.798 0
0.126 0.747 0
0.175 0.778 0
0.187 0.801 0
0.158 0.779 0
0.1 0.761 0
0.191 0.798 0
0.182 0.799 0
0.147 0.774 0
0.158 0.819 0
0.157 0.756 0
0.108 0.74 0
0.1 0.747 0
0.148 0.776 0
0.19 0.796 0
0.101 0.806 0
0.161 0.814 0
0.113 0.814 0
0.145 0.813 0
0.145 0.741 0
0.147 0.829 0
0.149 0.775 0
0.194 0.793 0
0.16 0.811 0
0.192 0.75 0
0.144 0.803 0
0.105 0.771 0
0.123 0.778 0
0.112 0.756 0
0.095 0.81 0
0.165 0.758 0
0.124 0.818 0
0.178 0.758 0
0.168 0.757 0
0.116 0.811 0
0.114 0.781 0
0.184 0.763 0
0.192 0.83 0
0.135 0.799 0
0.135 0.821 0
0.159 0.834 0
0.179 0.796 0
0.117 0.813 0
0.114 0.802 0
0.163 0.749 0
0.16 0.794 0
0.134 0.768 0
0.096 0.775 0
0.152 0.738 0
0.192 0.82 0
0.189 0.762 0
0.158 0.788 0
0.113 0.744 0
0.105 0.787 0
0.15 0.812 0
0.188 0.775 0
0.194 0.787 0
0.146 0.789 0
0.174 0.794 0
0.156 0.742 0
0.146 0.81 0
0.186 0.765 0
0.126 0.753 0
0.152 0.768 0
0.123 0.768 0
0.156 0.764 0
0.118 0.76 0
0.13 0.737 0
0.186 0.831 0
0.165 0.796 0
0.131 0.816 0
0.145 0.769 0
0.15 0.819 0
0.128 0.834 0
0.949 0.953 1
0.876 0.982 1
0.902 0.958 1
0.94 0.958 1
0.9 0.94 1
0.866 0.998 1
0.862 0.971 1
0.945 0.991 1
0.886 0.925 1
0.943 0.921 1
0.931 0.945 1
0.851 0.964 1
0.913 0.99 1
0.858 0.952 1
0.908 0.994 1
0.909 0.937 1
0.884 0.958 1
0.911 0.967 1
0.939 0.97 1
0.852 0.996 1
0.904 0.955 1
0.947 0.944 1
0.853 0.96 1
0.927 0.986 1
0.855 0.985 1
0.923 0.973 1
0.852 0.998 1
0.895 0.989 1
0.896 0.95 1
0.869 0.982 1
0.873 0.957 1
0.905 0.922 1
0.914 0.951 1
0.92 0.956 1
0.871 0.962 1
0.888 0.964 1
0.924 0.989 1
0.906 0.924 1
0.917 0.93 1
0.874 0.923 1
0.935 0.98 1
0.916 0.93 1
0.894 0.972 1
0.883 0.994 1
0.923 0.941 1
0.876 0.984 1
0.935 0.983 1
0.942 0.995 1
0.94 0.932 1
0.934 0.991 1
0.876 0.955 1
0.942 0.982 1
0.875 0.934 1
0.863 0.932 1
0.881 0.922 1
0.935 0.946 1
0.94 0.979 1
0.945 0.963 1
0.944 0.964 1
0.912 0.964 1
0.897 0.928 1
0.879 0.97 1
0.903 0.964 1
0.942 0.956 1
0.942 0.977 1
0.889 0.945 1
0.94 0.961 1
0.917 0.986 1
0.95 0.948 1
0.871 0.925 1
0.899 0.967 1
0.902 0.961 1
0.901 0.948 1
0.87 0.986 1
0.93 0.927 1
0.884 0.964 1
0.933 0.959 1
0.907 0.95 1
0.936 0.936 1
0.855 0.946 1
0.908 0.988 1
0.927 0.953 1
0.938 0.958 1
0.941 0.929 1
0.944 0.976 1
0.926 0.963 1
0.946 0.948 1
0.877 0.952 1
0.88 0.943 1
0.95 0.951 1
0.939 0.942 1
0.946 0.921 1
0.881 0.942 1
0.94 0.953 1
0.889 0.968 1
0.91 0.928 1
0.913 0.956 1
0.855 0.99 1
0.897 0.975 1
0.92 0.951 1
0.849 0.937 1
0.854 0.942 1
0.846 0.937 1
0.883 0.928 1
0.925 0.989 1
0.847 0.996 1
0.917 0.973 1
0.841 0.974 1
0.901 0.918 1
0.854 0.941 1
0.842 0.974 1
0.844 0.921 1
0.901 0.944 1
0.906 0.951 1
0.879 0.956 1
0.856 0.964 1
0.898 0.938 1
0.894 0.976 1
0.908 0.947 1
0.919 0.928 1
0.849 0.983 1
0.879 0.945 1
0.863 0.979 1
0.897 0.918 1
0.924 0.988 1
0.858 0.936 1
0.855 0.977 1
0.869 0.953 1
0.931 0.993 1
0.833 0.96 1
0.845 0.952 1
0.921 0.947 1
0.925 0.988 1
0.84 0.951 1
0.851 0.923 1
0.874 0.967 1
0.927 0.919 1
0.879 0.936 1
0.903 0.932 1
0.834 0.952 1
0.923 0.997 1
0.923 0.937 1
0.866 0.962 1
0.859 0.962 1
0.871 0.933 1
0.852 0.993 1
0.928 0.926 1
0.875 0.961 1
0.914 0.977 1
0.854 0.97 1
0.914 0.925 1
0.877 0.989 1
0.905 0.957 1
0.851 0.943 1
0.852 0.939 1
0.918 0.929 1
0.898 0.946 1
0.846 0.946 1
0.905 0.984 1
0.908 0.941 1
0.894 0.957 1
0.858 0.95 1
0.873 0.952 1
0.854 0.977 1
0.85 0.994 1
0.877 0.927 1
0.853 0.992 1
0.855 0.979 1
0.929 0.936 1
0.917 0.939 1
0.909 0.925 1
0.869 0.922 1
0.912 0.921 1
0.841 0.941 1
0.898 0.935 1
0.869 0.974 1
0.852 0.921 1
0.913 0.986 1
0.907 0.932 1
0.868 0.946 1
0.893 0.978 1
0.839 0.94 1
0.87 0.996 1
0.86 0.922 1
0.854 0.941 1
0.843 0.93 1
0.84 0.981 1
0.931 0.97 1
0.869 0.939 1
0.835 0.945 1
0.888 0.972 1
0.931 0.933 1
0.88 0.985 1
0.841 0.928 1
0.85 0.987 1
0.906 0.961 1
0.837 0.959 1
0.927 0.961 1
0.903 0.946 1
0.861 1.0 1
0.791 0.892 1
0.778 0.928 1
0.811 0.962 1
0.833 0.988 1
0.814 0.961 1
0.804 0.965 1
0.777 0.917 1
0.791 0.933 1
0.817 0.952 1
0.833 0.972 1
0.762 0.963 1
0.846 0.937 1
0.803 0.918 1
0.833 0.948 1
0.768 0.957 1
0.78 0.97 1
0.853 0.926 1
0.779 0.963 1
0.817 0.92 1
0.791 0.965 1
0.784 0.983 1
0.766 0.916 1
0.841 0.918 1
0.811 0.903 1
0.843 0.943 1
0.798 0.968 1
0.804 0.971 1
0.809 0.894 1
0.829 0.919 1
0.822 0.934 1
0.799 0.971 1
0.834 0.98 1
0.766 0.956 1
0.844 0.974 1
0.797 0.956 1
0.757 0.946 1
0.778 0.951 1
0.756 0.969 1
0.782 0.948 1
0.782 0.909 1
0.823 0.913 1
0.805 0.973 1
0.845 0.992 1
0.766 0.97 1
0.818 0.898 1
0.771 0.952 1
0.842 0.987 1
0.841 0.902 1
0.769 0.96 1
0.765 0.911 1
0.777 0.927 1
0.783 0.947 1
0.812 0.908 1
0.843 0.938 1
0.836 0.903 1
0.796 0.904 1
0.845 0.931 1
0.765 0.961 1
0.849 0.939 1
0.819 0.915 1
0.814 0.95 1
0.8 0.931 1
0.819 0.913 1
0.769 0.915 1
0.784 0.911 1
0.753 0.978 1
0.807 0.909 1
0.775 0.898 1
0.793 0.933 1
0.757 0.99 1
0.828 0.918 1
0.768 0.992 1
0.821 0.964 1
0.798 0.983 1
0.799 0.912 1
0.842 0.964 1
0.809 0.985 1
0.788 0.967 1
0.835 0.962 1
0.774 0.971 1
0.842 0.912 1
0.758 0.984 1
0.773 0.919 1
0.819 0.99 1
0.836 0.975 1
0.802 0.907 1
0.797 0.904 1
0.783 0.912 1
0.759 0.975 1
0.794 0.954 1
0.788 0.941 1
0.771 0.981 1
0.761 0.955 1
0.829 0.964 1
0.833 0.936 1
0.833 0.963 1
0.823 0.978 1
0.84 0.931 1
0.759 0.986 1
0.84 0.923 1
0.822 0.867 1
0.781 0.848 1
0.817 0.855 1
0.827 0.891 1
0.771 0.929 1
0.803 0.854 1
0.817 0.883 1
0.825 0.873 1
0.766 0.939 1
0.835 0.866 1
0.763 0.929 1
0.792 0.911 1
0.84 0.878 1
0.839 0.915 1
0.825 0.882 1
0.776 0.85 1
0.852 0.855 1
0.781 0.86 1
0.829 0.892 1
0.774 0.848 1
0.828 0.906 1
0.777 0.93 1
0.779 0.946 1
0.814 0.848 1
0.811 0.865 1
0.777 0.87 1
0.836 0.879 1
0.783 0.852 1
0.807 0.912 1
0.815 0.879 1
0.84 0.911 1
0.836 0.893 1
0.807 0.912 1
0.841 0.864 1
0.784 0.855 1
0.786 0.858 1
0.834 0.914 1
0.851 0.906 1
0.808 0.931 1
0.847 0.861 1
0.809 0.925 1
0.813 0.939 1
0.792 0.932 1
0.826 0.854 1
0.845 0.877 1
0.756 0.876 1
0.755 0.898 1
0.83 0.943 1
0.777 0.919 1
0.764 0.855 1
0.773 0.881 1
0.767 0.897 1
0.844 0.929 1
0.767 0.928 1
0.827 0.854 1
0.817 0.853 1
0.761 0.863 1
0.806 0.917 1
0.785 0.935 1
0.808 0.898 1
0.822 0.887 1
0.826 0.933 1
0.759 0.858 1
0.792 0.873 1
0.754 0.88 1
0.839 0.853 1
0.781 0.894 1
0.838 0.909 1
0.763 0.896 1
0.808 0.939 1
0.822 0.918 1
0.785 0.89 1
0.781 0.885 1
0.794 0.928 1
0.778 0.899 1
0.756 0.874 1
0.789 0.856 1
0.768 0.851 1
0.762 0.923 1
0.764 0.932 1
0.81 0.932 1
0.822 0.847 1
0.819 0.859 1
0.772 0.913 1
0.824 0.85 1
0.828 0.862 1
0.827 0.86 1
0.839 0.863 1
0.772 0.903 1
0.788 0.916 1
0.814 0.875 1
0.769 0.918 1
0.772 0.895 1
0.827 0.943 1
0.777 0.934 1
0.815 0.848 1
0.759 0.858 1
0.852 0.848 1
0.832 0.93 1
0.769 0.904 1
0.856 0.807 1
0.828 0.887 1
0.802 0.841 1
0.835 0.82 1
0.809 0.848 1
0.887 0.868 1
0.836 0.829 1
0.844 0.88 1
0.886 0.803 1
0.873 0.878 1
0.851 0.887 1
0.849 0.845 1
0.809 0.895 1
0.863 0.897 1
0.825 0.866 1
0.846 0.853 1
0.864 0.854 1
0.807 0.807 1
0.802 0.896 1
0.835 0.807 1
0.827 0.842 1
0.807 0.882 1
0.885 0.856 1
0.806 0.866 1
0.851 0.851 1
0.805 0.857 1
0.81 0.899 1
0.814 0.809 1
0.814 0.869 1
0.827 0.835 1
0.853 0.893 1
0.851 0.894 1
0.842 0.861 1
0.866 0.841 1
0.851 0.843 1
0.826 0.818 1
0.841 0.862 1
0.869 0.893 1
0.807 0.81 1
0.822 0.84 1
0.803 0.803 1
0.826 0.85 1
0.812 0.834 1
0.89 0.866 1
0.871 0.903 1
0.828 0.862 1
0.888 0.808 1
0.86 0.877 1
0.85 0.851 1
0.86 0.839 1
0.84 0.855 1
0.861 0.888 1
0.856 0.813 1
0.874 0.809 1
0.855 0.831 1
0.835 0.812 1
0.892 0.841 1
0.879 0.831 1
0.82 0.889 1
0.887 0.817 1
0.885 0.847 1
0.86 0.87 1
0.82 0.807 1
0.868 0.856 1
0.812 0.894 1
0.811 0.812 1
0.863 0.836 1
0.81 0.814 1
0.798 0.894 1
0.867 0.84 1
0.839 0.885 1
0.823 0.875 1
0.858 0.847 1
0.842 0.853 1
0.823 0.867 1
0.799 0.838 1
0.834 0.807 1
0.851 0.842 1
0.861 0.856 1
0.85 0.849 1
0.83 0.825 1
0.856 0.827 1
0.86 0.805 1
0.808 0.842 1
0.843 0.867 1
0.844 0.89 1
0.87 0.858 1
0.844 0.89 1
0.817 0.813 1
0.88 0.823 1
0.836 0.889 1
0.86 0.862 1
0.839 0.868 1
0.825 0.819 1
0.872 0.851 1
0.807 0.849 1
0.869 0.83 1
0.826 0.9 1
0.831 0.852 1
0.835 0.858 1
0.914 0.966 1
0.845 0.869 1
0.843 0.928 1
0.893 0.923 1
0.93 0.934 1
0.866 0.911 1
0.869 0.898 1
0.884 0.896 1
0.839 0.965 1
0.878 0.927 1
0.899 0.907 1
0.918 0.938 1
0.919 0.876 1
0.925 0.931 1
0.919 0.882 1
0.888 0.916 1
0.903 0.927 1
0.866 0.897 1
0.901 0.933 1
0.915 0.885 1
0.845 0.937 1
0.863 0.887 1
0.859 0.952 1
0.91 0.869 1
0.838 0.896 1
0.898 0.893 1
0.856 0.92 1
0.879 0.891 1
0.887 0.951 1
0.873 0.935 1
0.91 0.968 1
0.912 0.896 1
0.915 0.923 1
0.899 0.907 1
0.918 0.89 1
0.919 0.938 1
0.889 0.888 1
0.917 0.932 1
0.88 0.954 1
0.894 0.902 1
0.849 0.908 1
0.845 0.941 1
0.863 0.96 1
0.911 0.943 1
0.896 0.871 1
0.835 0.915 1
0.908 0.888 1
0.865 0.964 1
0.893 0.934 1
0.835 0.889 1
0.884 0.904 1
0.887 0.968 1
0.919 0.943 1
0.892 0.924 1
0.906 0.924 1
0.866 0.964 1
0.835 0.873 1
0.855 0.91 1
0.875 0.873 1
0.848 0.917 1
0.907 0.954 1
0.912 0.904 1
0.854 0.936 1
0.853 0.886 1
0.868 0.873 1
0.92 0.869 1
0.855 0.951 1
0.934 0.87 1
0.911 0.907 1
0.869 0.898 1
0.866 0.887 1
0.847 0.898 1
0.93 0.931 1
0.918 0.92 1
0.933 0.903 1
0.923 0.887 1
0.894 0.875 1
0.87 0.919 1
0.869 0.944 1
0.876 0.879 1
0.863 0.925 1
0.934 0.96 1
0.851 0.892 1
0.866 0.889 1
0.846 0.895 1
0.897 0.887 1
0.904 0.896 1
0.835 0.922 1
0.881 0.907 1
0.908 0.948 1
0.917 0.914 1
0.864 0.942 1
0.933 0.965 1
0.849 0.92 1
0.893 0.957 1
0.904 0.962 1
0.838 0.924 1
0.847 0.878 1
0.9 0.939 1
0.887 0.924 1
0.798 0.991 1
0.849 0.927 1
0.839 0.966 1
0.8 0.913 1
0.821 0.909 1
0.838 0.927 1
0.809 0.957 1
0.856 0.947 1
0.841 0.951 1
0.814 0.949 1
0.834 0.98 1
0.816 0.894 1
0.847 0.917 1
0.786 0.98 1
0.839 0.92 1
0.822 0.911 1
0.867 0.893 1
0.783 0.907 1
0.872 0.966 1
0.851 0.896 1
0.803 0.967 1
0.837 0.899 1
0.869 0.976 1
0.805 0.988 1
0.856 0.958 1
0.821 0.926 1
0.873 0.952 1
0.851 0.924 1
0.804 0.99 1
0.822 0.959 1
0.805 0.918 1
0.773 0.922 1
0.804 0.894 1
0.781 0.961 1
0.852 0.915 1
0.85 0.933 1
0.798 0.973 1
0.786 0.989 1
0.781 0.911 1
0.781 0.92 1
0.826 0.937 1
0.818 0.912 1
0.798 0.977 1
0.786 0.914 1
0.806 0.973 1
0.83 0.968 1
0.83 0.945 1
0.811 0.961 1
0.792 0.936 1
0.792 0.948 1
0.838 0.909 1
0.816 0.942 1
0.797 0.95 1
0.84 0.894 1
0.832 0.963 1
0.826 0.926 1
0.817 0.951 1
0.809 0.923 1
0.859 0.99 1
0.833 0.98 1
0.79 0.933 1
0.803 0.912 1
0.847 0.906 1
0.803 0.978 1
0.847 0.915 1
0.809 0.945 1
0.827 0.951 1
0.85 0.92 1
0.867 0.911 1
0.83 0.991 1
0.79 0.925 1
0.836 0.989 1
0.797 0.928 1
0.819 0.965 1
0.818 0.906 1
0.823 0.913 1
0.849 0.933 1
0.785 0.987 1
0.857 0.944 1
0.806 0.952 1
0.871 0.919 1
0.831 0.967 1
0.861 0.985 1
0.784 0.901 1
0.797 0.908 1
0.798 0.974 1
0.849 0.976 1
0.822 0.961 1
0.844 0.916 1
0.867 0.962 1
0.8 0.94 1
0.812 0.946 1
0.816 0.977 1
0.777 0.903 1
0.845 0.925 1
0.814 0.974 1
0.782 0.942 1
0.797 0.971 1
0.809 0.992 1
0.809 0.98 1
0.774 0.937 1
0.816 0.913 1
0.787 0.912 1
0.743 0.919 1
0.732 0.89 1
0.728 0.964 1
0.781 0.905 1
0.813 0.899 1
0.758 0.876 1
0.81 0.917 1
0.723 0.911 1
0.733 0.893 1
0.748 0.874 1
0.764 0.947 1
0.757 0.888 1
0.786 0.883 1
0.74 0.901 1
0.785 0.909 1
0.745 0.918 1
0.794 0.879 1
0.777 0.88 1
0.756 0.921 1
0.799 0.963 1
0.798 0.936 1
0.813 0.91 1
0.786 0.927 1
0.752 0.899 1
0.789 0.924 1
0.758 0.889 1
0.804 0.959 1
0.755 0.947 1
0.786 0.928 1
0.731 0.893 1
0.807 0.911 1
0.792 0.904 1
0.723 0.929 1
0.815 0.961 1
0.805 0.96 1
0.725 0.963 1
0.776 0.949 1
0.723 0.932 1
0.78 0.876 1
0.742 0.95 1
0.817 0.88 1
0.771 0.894 1
0.814 0.924 1
0.787 0.961 1
0.81 0.891 1
0.733 0.959 1
0.784 0.914 1
0.798 0.894 1
0.801 0.914 1
0.8 0.932 1
0.803 0.965 1
0.772 0.931 1
0.725 0.899 1
0.722 0.93 1
0.796 0.922 1
0.765 0.956 1
0.749 0.911 1
0.806 0.917 1
0.752 0.905 1
0.761 0.881 1
0.806 0.932 1
0.727 0.869 1
0.784 0.922 1
0.778 0.891 1
0.764 0.945 1
0.799 0.913 1
0.811 0.935 1
0.742 0.925 1
0.76 0.913 1
0.768 0.916 1
0.796 0.926 1
0.739 0.967 1
0.782 0.949 1
0.778 0.962 1
0.792 0.948 1
0.734 0.931 1
0.745 0.88 1
0.776 0.946 1
0.774 0.952 1
0.787 0.911 1
0.737 0.872 1
0.779 0.952 1
0.726 0.901 1
0.815 0.943 1
0.769 0.894 1
0.773 0.956 1
0.744 0.936 1
0.761 0.905 1
0.741 0.87 1
0.728 0.875 1
0.809 0.923 1
0.769 0.925 1
0.761 0.904 1
0.814 0.932 1
0.743 0.921 1
0.809 0.945 1
0.778 0.93 1
0.736 0.839 1
0.761 0.799 1
0.738 0.84 1
0.768 0.862 1
0.716 0.809 1
0.745 0.821 1
0.758 0.851 1
0.763 0.857 1
0.743 0.866 1
0.736 0.8 1
0.781 0.874 1
0.723 0.812 1
0.735 0.884 1
0.716 0.797 1
0.735 0.853 1
0.75 0.88 1
0.774 0.836 1
0.78 0.884 1
0.748 0.884 1
0.765 0.874 1
0.776 0.802 1
0.776 0.881 1
0.711 0.844 1
0.788 0.871 1
0.71 0.89 1
0.706 0.798 1
0.743 0.798 1
0.755 0.844 1
0.741 0.865 1
0.778 0.888 1
0.719 0.887 1
0.718 0.792 1
0.78 0.871 1
0.766 0.829 1
0.703 0.882 1
0.691 0.885 1
0.777 0.84 1
0.782 0.804 1
0.698 0.795 1
0.764 0.889 1
0.734 0.822 1
0.719 0.818 1
0.742 0.814 1
0.762 0.8 1
0.743 0.832 1
0.779 0.869 1
0.697 0.822 1
0.724 0.89 1
0.765 0.841 1
0.742 0.813 1
0.714 0.836 1
0.727 0.864 1
0.749 0.879 1
0.711 0.796 1
0.747 0.878 1
0.781 0.875 1
0.706 0.853 1
0.782 0.834 1
0.692 0.859 1
0.707 0.852 1
0.747 0.792 1
0.782 0.875 1
0.756 0.829 1
0.756 0.888 1
0.786 0.873 1
0.759 0.837 1
0.703 0.853 1
0.766 0.845 1
0.692 0.886 1
0.708 0.844 1
0.711 0.793 1
0.74 0.834 1
0.762 0.854 1
0.71 0.824 1
0.777 0.823 1
0.782 0.828 1
0.766 0.792 1
0.743 0.82 1
0.743 0.867 1
0.737 0.831 1
0.7 0.865 1
0.72 0.819 1
0.715 0.795 1
0.749 0.871 1
0.698 0.883 1
0.72 0.886 1
0.737 0.888 1
0.762 0.817 1
0.701 0.855 1
0.781 0.829 1
0.72 0.875 1
0.756 0.825 1
0.718 0.834 1
0.75 0.816 1
0.773 0.839 1
0.712 0.866 1
0.746 0.81 1
0.698 0.794 1
0.772 0.84 1
0.771 0.875 1
0.761 0.849 1
0.788 0.817 1
0.741 0.829 1
0.786 0.765 1
0.8 0.77 1
0.807 0.848 1
0.753 0.83 1
0.789 0.796 1
0.756 0.842 1
0.764 0.771 1
0.739 0.784 1
0.768 0.763 1
0.771 0.77 1
0.732 0.767 1
0.788 0.835 1
0.784 0.788 1
0.782 0.772 1
0.792 0.774 1
0.791 0.762 1
0.736 0.838 1
0.768 0.782 1
0.788 0.809 1
0.741 0.821 1
0.718 0.749 1
0.792 0.832 1
0.794 0.758 1
0.711 0.826 1
0.743 0.783 1
0.738 0.789 1
0.767 0.803 1
0.794 0.751 1
0.76 0.822 1
0.805 0.774 1
0.719 0.774 1
0.719 0.793 1
0.758 0.826 1
0.737 0.811 1
0.789 0.831 1
0.75 0.783 1
0.803 0.775 1
0.731 0.832 1
0.749 0.843 1
0.71 0.813 1
0.734 0.813 1
0.759 0.756 1
0.769 0.765 1
0.774 0.758 1
0.774 0.81 1
0.787 0.843 1
0.748 0.804 1
0.749 0.754 1
0.713 0.804 1
0.776 0.769 1
0.806 0.817 1
0.774 0.794 1
0.785 0.824 1
0.808 0.776 1
0.8 0.835 1
0.726 0.792 1
0.805 0.753 1
0.724 0.761 1
0.727 0.76 1
0.754 0.757 1
0.717 0.766 1
0.792 0.784 1
0.719 0.779 1
0.771 0.831 1
0.712 0.752 1
0.741 0.773 1
0.713 0.822 1
0.742 0.761 1
0.752 0.843 1
0.726 0.829 1
0.715 0.842 1
0.717 0.831 1
0.752 0.799 1
0.766 0.765 1
0.802 0.774 1
0.721 0.803 1
0.776 0.842 1
0.775 0.827 1
0.711 0.77 1
0.771 0.778 1
0.802 0.775 1
0.729 0.775 1
0.72 0.84 1
0.743 0.799 1
0.727 0.803 1
0.802 0.805 1
0.732 0.84 1
0.71 0.799 1
0.715 0.83 1
0.794 0.834 1
0.797 0.788 1
0.765 0.83 1
0.808 0.771 1
0.747 0.827 1
0.72 0.779 1
0.755 0.77 1
0.789 0.774 1
0.872 0.796 1
0.868 0.779 1
0.791 0.843 1
0.786 0.801 1
0.869 0.795 1
0.795 0.826 1
0.86 0.809 1
0.854 0.786 1
0.867 0.816 1
0.823 0.838 1
0.846 0.842 1
0.792 0.775 1
0.85 0.788 1
0.823 0.84 1
0.831 0.748 1
0.823 0.845 1
0.863 0.778 1
0.829 0.746 1
0.881 0.758 1
0.804 0.748 1
0.857 0.814 1
0.846 0.828 1
0.793 0.781 1
0.866 0.76 1
0.831 0.838 1
0.813 0.749 1
0.823 0.796 1
0.815 0.845 1
0.823 0.834 1
0.787 0.81 1
0.807 0.79 1
0.877 0.799 1
0.803 0.791 1
0.872 0.822 1
0.872 0.839 1
0.853 0.839 1
0.833 0.772 1
0.811 0.797 1
0.853 0.756 1
0.861 0.784 1
0.863 0.789 1
0.832 0.811 1
0.842 0.845 1
0.859 0.765 1
0.835 0.762 1
0.87 0.809 1
0.82 0.781 1
0.848 0.817 1
0.813 0.843 1
0.824 0.844 1
0.792 0.828 1
0.867 0.828 1
0.845 0.808 1
0.804 0.777 1
0.813 0.788 1
0.796 0.786 1
0.849 0.809 1
0.871 0.787 1
0.84 0.75 1
0.821 0.791 1
0.791 0.797 1
0.86 0.758 1
0.832 0.784 1
0.836 0.832 1
0.795 0.828 1
0.818 0.763 1
0.883 0.775 1
0.827 0.805 1
0.846 0.768 1
0.854 0.829 1
0.794 0.776 1
0.853 0.841 1
0.876 0.757 1
0.798 0.784 1
0.856 0.811 1
0.806 0.781 1
0.853 0.82 1
0.885 0.756 1
0.788 0.83 1
0.855 0.811 1
0.843 0.798 1
0.862 0.805 1
0.79 0.78 1
0.833 0.787 1
0.861 0.782 1
0.869 0.746 1
0.883 0.807 1
0.842 0.796 1
0.795 0.806 1
0.834 0.826 1
0.875 0.757 1
0.844 0.77 1
0.799 0.824 1
0.788 0.843 1
0.803 0.833 1
0.885 0.808 1
0.864 0.845 1
0.878 0.769 1
0.797 0.798 1
0.855 0.779 1
0.922 0.871 1
0.851 0.823 1
0.933 0.813 1
0.906 0.807 1
0.875 0.828 1
0.853 0.811 1
0.925 0.809 1
0.938 0.864 1
0.842 0.789 1
0.926 0.808 1
0.849 0.827 1
0.874 0.844 1
0.896 0.784 1
0.875 0.876 1
0.898 0.845 1
0.86 0.856 1
0.909 0.85 1
0.915 0.808 1
0.911 0.801 1
0.857 0.827 1
0.932 0.808 1
0.895 0.813 1
0.864 0.789 1
0.92 0.815 1
0.869 0.793 1
0.868 0.807 1
0.853 0.86 1
0.853 0.793 1
0.854 0.864 1
0.896 0.798 1
0.868 0.831 1
0.872 0.858 1
0.895 0.864 1
0.873 0.861 1
0.924 0.823 1
0.857 0.859 1
0.918 0.796 1
0.889 0.827 1
0.919 0.872 1
0.929 0.814 1
0.891 0.833 1
0.872 0.857 1
0.849 0.843 1
0.93 0.815 1
0.939 0.829 1
0.92 0.78 1
0.921 0.806 1
0.901 0.842 1
0.88 0.792 1
0.886 0.845 1
0.878 0.822 1
0.91 0.877 1
0.922 0.847 1
0.906 0.871 1
0.907 0.818 1
0.927 0.801 1
0.899 0.851 1
0.92 0.871 1
0.902 0.786 1
0.872 0.871 1
0.929 0.794 1
0.87 0.843 1
0.84 0.857 1
0.902 0.798 1
0.883 0.857 1
0.902 0.824 1
0.897 0.787 1
0.931 0.822 1
0.905 0.854 1
0.881 0.832 1
0.881 0.809 1
0.885 0.801 1
0.931 0.817 1
0.899 0.84 1
0.925 0.787 1
0.898 0.816 1
0.912 0.879 1
0.927 0.872 1
0.918 0.819 1
0.904 0.79 1
0.863 0.827 1
0.878 0.838 1
0.89 0.83 1
0.846 0.781 1
0.929 0.831 1
0.852 0.812 1
0.905 0.871 1
0.854 0.795 1
0.909 0.866 1
0.893 0.801 1
0.939 0.847 1
0.841 0.842 1
0.899 0.813 1
0.879 0.834 1
0.897 0.859 1
0.881 0.857 1
0.891 0.787 1
0.93 0.877 1
0.906 0.875 1
0.926 0.874 1
0.906 0.881 1
0.849 0.905 1
0.941 0.879 1
0.895 0.896 1
0.893 0.886 1
0.921 0.898 1
0.921 0.902 1
0.903 0.896 1
0.871 0.9 1
0.94 0.945 1
0.877 0.884 1
0.857 0.86 1
0.903 0.949 1
0.864 0.936 1
0.851 0.912 1
0.852 0.857 1
0.906 0.861 1
0.93 0.855 1
0.913 0.934 1
0.927 0.895 1
0.899 0.884 1
0.931 0.868 1
0.852 0.853 1
0.858 0.909 1
0.854 0.876 1
0.853 0.942 1
0.887 0.892 1
0.931 0.869 1
0.87 0.869 1
0.915 0.879 1
0.932 0.87 1
0.852 0.939 1
0.915 0.888 1
0.865 0.922 1
0.869 0.887 1
0.919 0.865 1
0.911 0.861 1
0.862 0.91 1
0.942 0.887 1
0.846 0.902 1
0.919 0.884 1
0.847 0.891 1
0.898 0.856 1
0.889 0.859 1
0.846 0.905 1
0.904 0.901 1
0.909 0.924 1
0.853 0.874 1
0.847 0.892 1
0.931 0.935 1
0.907 0.852 1
0.933 0.908 1
0.895 0.879 1
0.941 0.912 1
0.881 0.85 1
0.865 0.942 1
0.875 0.876 1
0.855 0.874 1
0.922 0.923 1
0.919 0.885 1
0.931 0.95 1
0.921 0.887 1
0.846 0.887 1
0.941 0.946 1
0.883 0.905 1
0.942 0.859 1
0.881 0.872 1
0.894 0.884 1
0.91 0.923 1
0.901 0.926 1
0.9 0.88 1
0.931 0.924 1
0.942 0.921 1
0.881 0.856 1
0.904 0.85 1
0.928 0.891 1
0.931 0.92 1
0.893 0.885 1
0.906 0.916 1
0.892 0.94 1
0.939 0.895 1
0.867 0.853 1
0.929 0.864 1
0.945 0.944 1
0.9 0.873 1
0.862 0.935 1
0.858 0.915 1
0.934 0.931 1
0.895 0.947 1
0.893 0.945 1
0.92 0.881 1
0.908 0.917 1
0.874 0.871 1
0.868 0.868 1
0.927 0.85 1
0.855 0.941 1
0.879 0.918 1
0.938 0.892 1
0.939 0.913 1
0.929 0.935 1
0.802 0.946 1
0.805 0.905 1
0.868 0.936 1
0.826 0.959 1
0.878 0.915 1
0.875 0.923 1
0.83 0.924 1
0.816 0.906 1
0.871 0.947 1
0.875 0.969 1
0.846 0.95 1
0.859 0.924 1
0.796 0.95 1
0.783 0.905 1
0.842 0.949 1
0.797 0.894 1
0.826 0.973 1
0.818 0.975 1
0.83 0.928 1
0.852 0.906 1
0.821 0.962 1
0.78 0.939 1
0.82 0.912 1
0.822 0.97 1
0.88 0.942 1
0.792 0.956 1
0.803 0.937 1
0.865 0.961 1
0.816 0.955 1
0.851 0.883 1
0.783 0.934 1
0.88 0.908 1
0.814 0.943 1
0.798 0.91 1
0.822 0.974 1
0.846 0.897 1
0.852 0.908 1
0.822 0.906 1
0.824 0.949 1
0.852 0.938 1
0.861 0.88 1
0.879 0.964 1
0.858 0.955 1
0.828 0.897 1
0.845 0.955 1
0.864 0.935 1
0.852 0.966 1
0.855 0.903 1
0.835 0.901 1
0.803 0.935 1
0.801 0.896 1
0.875 0.879 1
0.786 0.961 1
0.812 0.876 1
0.843 0.941 1
0.854 0.961 1
0.839 0.939 1
0.878 0.975 1
0.854 0.963 1
0.786 0.921 1
0.793 0.956 1
0.818 0.918 1
0.872 0.949 1
0.78 0.942 1
0.864 0.955 1
0.812 0.96 1
0.805 0.928 1
0.871 0.918 1
0.822 0.953 1
0.855 0.962 1
0.856 0.916 1
0.793 0.898 1
0.8 0.907 1
0.848 0.889 1
0.802 0.918 1
0.868 0.932 1
0.822 0.898 1
0.875 0.898 1
0.819 0.925 1
0.837 0.967 1
0.843 0.963 1
0.784 0.918 1
0.856 0.951 1
0.862 0.97 1
0.806 0.893 1
0.87 0.925 1
0.839 0.952 1
0.875 0.932 1
0.826 0.888 1
0.815 0.964 1
0.879 0.932 1
0.85 0.901 1
0.78 0.883 1
0.879 0.929 1
0.784 0.914 1
0.84 0.905 1
0.853 0.884 1
0.848 0.969 1
0.86 0.976 1
0.853 0.88 1
0.763 0.87 1
0.755 0.858 1
0.733 0.867 1
0.781 0.935 1
0.773 0.863 1
0.743 0.899 1
0.745 0.903 1
0.756 0.836 1
0.709 0.84 1
0.701 0.866 1
0.778 0.884 1
0.739 0.899 1
0.787 0.86 1
0.792 0.933 1
0.732 0.867 1
0.694 0.854 1
0.773 0.865 1
0.741 0.841 1
0.703 0.899 1
0.726 0.849 1
0.717 0.899 1
0.77 0.912 1
0.724 0.918 1
0.701 0.915 1
0.699 0.922 1
0.729 0.85 1
0.718 0.873 1
0.725 0.886 1
0.752 0.837 1
0.787 0.837 1
0.763 0.908 1
0.708 0.905 1
0.697 0.917 1
0.746 0.849 1
0.721 0.889 1
0.77 0.845 1
0.715 0.904 1
0.733 0.928 1
0.714 0.882 1
0.73 0.874 1
0.732 0.867 1
0.718 0.883 1
0.746 0.912 1
0.729 0.862 1
0.739 0.849 1
0.752 0.847 1
0.743 0.879 1
0.723 0.881 1
0.702 0.854 1
0.732 0.917 1
0.743 0.932 1
0.756 0.891 1
0.738 0.931 1
0.766 0.887 1
0.694 0.855 1
0.716 0.915 1
0.728 0.93 1
0.753 0.907 1
0.775 0.888 1
0.759 0.922 1
0.764 0.916 1
0.766 0.854 1
0.716 0.891 1
0.744 0.897 1
0.715 0.862 1
0.694 0.859 1
0.71 0.864 1
0.735 0.859 1
0.789 0.882 1
0.708 0.895 1
0.77 0.896 1
0.746 0.918 1
0.752 0.84 1
0.728 0.886 1
0.724 0.916 1
0.741 0.861 1
0.769 0.866 1
0.721 0.882 1
0.731 0.862 1
0.739 0.883 1
0.738 0.845 1
0.704 0.93 1
0.738 0.886 1
0.785 0.872 1
0.716 0.903 1
0.777 0.912 1
0.78 0.895 1
0.76 0.91 1
0.735 0.921 1
0.736 0.897 1
0.792 0.918 1
0.715 0.877 1
0.747 0.918 1
0.733 0.915 1
0.779 0.856 1
0.751 0.864 1
0.706 0.923 1
0.787 0.85 1
0.772 0.846 1
0.769 0.869 1
0.777 0.766 1
0.77 0.855 1
0.769 0.824 1
0.794 0.758 1
0.702 0.807 1
0.706 0.817 1
0.753 0.786 1
0.746 0.846 1
0.718 0.803 1
0.699 0.808 1
0.786 0.801 1
0.757 0.844 1
0.697 0.765 1
0.739 0.758 1
0.775 0.786 1
0.736 0.771 1
0.793 0.784 1
0.757 0.837 1
0.697 0.785 1
0.749 0.806 1
0.707 0.816 1
0.776 0.792 1
0.78 0.826 1
0.754 0.811 1
0.758 0.8 1
0.748 0.834 1
0.722 0.789 1
0.784 0.798 1
0.758 0.771 1
0.75 0.786 1
0.747 0.824 1
0.703 0.84 1
0.763 0.769 1
0.716 0.778 1
0.714 0.827 1
0.785 0.849 1
0.791 0.833 1
0.717 0.812 1
0.786 0.814 1
0.759 0.848 1
0.732 0.846 1
0.726 0.825 1
0.706 0.816 1
0.735 0.837 1
0.762 0.819 1
0.714 0.835 1
0.71 0.842 1
0.751 0.846 1
0.699 0.851 1
0.717 0.769 1
0.781 0.845 1
0.745 0.831 1
0.783 0.83 1
0.751 0.805 1
0.75 0.777 1
0.791 0.763 1
0.748 0.851 1
0.741 0.768 1
0.768 0.849 1
0.761 0.85 1
0.718 0.788 1
0.751 0.814 1
0.764 0.853 1
0.741 0.757 1
0.762 0.855 1
0.78 0.771 1
0.792 0.821 1
0.713 0.776 1
0.726 0.854 1
0.791 0.805 1
0.723 0.854 1
0.72 0.787 1
0.7 0.805 1
0.772 0.788 1
0.79 0.795 1
0.709 0.786 1
0.78 0.816 1
0.708 0.846 1
0.768 0.799 1
0.783 0.834 1
0.762 0.81 1
0.778 0.797 1
0.781 0.809 1
0.766 0.787 1
0.767 0.785 1
0.769 0.816 1
0.786 0.853 1
0.728 0.851 1
0.718 0.789 1
0.733 0.856 1
0.715 0.794 1
0.725 0.85 1
0.788 0.773 1
0.76 0.782 1
0.727 0.823 1
0.723 0.796 1
0.783 0.807 1
0.741 0.843 1
0.695 0.788 1
0.76 0.822 1
0.775 0.697 1
0.855 0.695 1
0.836 0.777 1
0.843 0.701 1
0.865 0.742 1
0.828 0.788 1
0.824 0.722 1
0.866 0.784 1
0.817 0.752 1
0.787 0.746 1
0.803 0.768 1
0.777 0.748 1
0.82 0.755 1
0.82 0.692 1
0.803 0.738 1
0.798 0.693 1
0.823 0.755 1
0.863 0.784 1
0.809 0.737 1
0.822 0.696 1
0.837 0.782 1
0.867 0.786 1
0.815 0.705 1
0.822 0.777 1
0.779 0.769 1
0.79 0.743 1
0.829 0.783 1
0.843 0.746 1
0.858 0.704 1
0.783 0.717 1
0.785 0.739 1
0.868 0.773 1
0.847 0.772 1
0.798 0.774 1
0.862 0.75 1
0.87 0.763 1
0.869 0.743 1
0.834 0.784 1
0.838 0.732 1
0.821 0.723 1
0.809 0.734 1
0.802 0.742 1
0.831 0.768 1
0.776 0.751 1
0.831 0.737 1
0.858 0.704 1
0.841 0.718 1
0.836 0.765 1
0.851 0.699 1
0.855 0.708 1
0.862 0.783 1
0.844 0.691 1
0.818 0.739 1
0.839 0.745 1
0.828 0.739 1
0.855 0.753 1
0.844 0.771 1
0.834 0.767 1
0.782 0.69 1
0.867 0.695 1
0.85 0.788 1
0.863 0.714 1
0.86 0.73 1
0.854 0.71 1
0.841 0.735 1
0.806 0.692 1
0.773 0.778 1
0.822 0.771 1
0.785 0.748 1
0.838 0.72 1
0.813 0.762 1
0.793 0.774 1
0.842 0.745 1
0.786 0.733 1
0.838 0.729 1
0.836 0.735 1
0.816 0.688 1
0.803 0.767 1
0.865 0.735 1
0.826 0.769 1
0.789 0.739 1
0.806 0.775 1
0.863 0.739 1
0.836 0.742 1
0.827 0.747 1
0.819 0.74 1
0.866 0.707 1
0.871 0.732 1
0.791 0.722 1
0.793 0.729 1
0.813 0.689 1
0.796 0.723 1
0.791 0.7 1
0.798 0.72 1
0.856 0.771 1
0.803 0.788 1
0.873 0.755 1
0.842 0.74 1
0.775 0.743 1
0.857 0.72 1
0.906 0.8 1
0.895 0.789 1
0.915 0.848 1
0.891 0.762 1
0.891 0.814 1
0.934 0.775 1
0.888 0.774 1
0.886 0.849 1
0.852 0.796 1
0.854 0.797 1
0.866 0.773 1
0.847 0.825 1
0.916 0.83 1
0.856 0.755 1
0.935 0.794 1
0.87 0.818 1
0.928 0.761 1
0.927 0.799 1
0.931 0.827 1
0.938 0.813 1
0.854 0.843 1
0.846 0.788 1
0.885 0.823 1
0.843 0.794 1
0.87 0.832 1
0.898 0.77 1
0.846 0.834 1
0.847 0.809 1
0.897 0.798 1
0.926 0.85 1
0.871 0.759 1
0.936 0.831 1
0.92 0.821 1
0.939 0.804 1
0.885 0.799 1
0.939 0.765 1
0.89 0.848 1
0.874 0.823 1
0.856 0.835 1
0.903 0.785 1
0.851 0.75 1
0.901 0.809 1
0.896 0.797 1
0.853 0.846 1
0.895 0.757 1
0.872 0.771 1
0.929 0.814 1
0.905 0.795 1
0.892 0.759 1
0.914 0.756 1
0.929 0.816 1
0.889 0.819 1
0.871 0.78 1
0.843 0.831 1
0.91 0.808 1
0.878 0.837 1
0.938 0.754 1
0.862 0.845 1
0.871 0.839 1
0.92 0.819 1
0.911 0.757 1
0.881 0.847 1
0.918 0.765 1
0.909 0.8 1
0.896 0.76 1
0.899 0.81 1
0.861 0.761 1
0.883 0.828 1
0.866 0.848 1
0.888 0.788 1
0.864 0.811 1
0.885 0.815 1
0.885 0.809 1
0.912 0.783 1
0.893 0.787 1
0.907 0.782 1
0.907 0.765 1
0.928 0.819 1
0.913 0.813 1
0.846 0.843 1
0.913 0.787 1
0.934 0.771 1
0.921 0.787 1
0.898 0.774 1
0.85 0.849 1
0.85 0.838 1
0.873 0.841 1
0.884 0.85 1
0.92 0.784 1
0.85 0.786 1
0.881 0.826 1
0.888 0.824 1
0.898 0.754 1
0.886 0.82 1
0.895 0.842 1
0.922 0.767 1
0.903 0.844 1
0.856 0.82 1
0.842 0.784 1
0.911 0.795 1
0.889 0.884 1
0.883 0.892 1
0.852 0.82 1
0.889 0.793 1
0.847 0.828 1
0.855 0.866 1
0.927 0.837 1
0.84 0.839 1
0.898 0.866 1
0.928 0.809 1
0.915 0.869 1
0.851 0.832 1
0.922 0.849 1
0.926 0.89 1
0.846 0.872 1
0.896 0.883 1
0.856 0.876 1
0.896 0.797 1
0.86 0.833 1
0.91 0.809 1
0.913 0.815 1
0.929 0.799 1
0.927 0.805 1
0.849 0.874 1
0.853 0.871 1
0.888 0.855 1
0.924 0.864 1
0.855 0.874 1
0.863 0.81 1
0.89 0.8 1
0.848 0.832 1
0.93 0.886 1
0.903 0.848 1
0.844 0.875 1
0.878 0.794 1
0.886 0.876 1
0.9 0.824 1
0.9 0.809 1
0.843 0.793 1
0.893 0.885 1
0.858 0.848 1
0.883 0.823 1
0.861 0.828 1
0.843 0.808 1
0.834 0.872 1
0.843 0.857 1
0.893 0.89 1
0.849 0.807 1
0.93 0.881 1
0.887 0.893 1
0.834 0.861 1
0.879 0.802 1
0.845 0.835 1
0.861 0.805 1
0.908 0.836 1
0.908 0.795 1
0.881 0.86 1
0.853 0.815 1
0.911 0.851 1
0.852 0.873 1
0.84 0.877 1
0.838 0.806 1
0.87 0.882 1
0.852 0.843 1
0.891 0.821 1
0.926 0.878 1
0.871 0.869 1
0.83 0.875 1
0.914 0.81 1
0.896 0.855 1
0.917 0.826 1
0.865 0.89 1
0.842 0.846 1
0.905 0.832 1
0.901 0.847 1
0.927 0.808 1
0.902 0.865 1
0.869 0.809 1
0.912 0.795 1
0.849 0.877 1
0.838 0.886 1
0.865 0.825 1
0.857 0.876 1
0.892 0.839 1
0.923 0.794 1
0.898 0.862 1
0.841 0.809 1
0.877 0.824 1
0.924 0.846 1
0.872 0.797 1
0.856 0.857 1
0.865 0.802 1
0.911 0.843 1
0.885 0.844 1
0.911 0.89 1
0.873 0.882 1
0.862 0.848 1
0.832 0.87 1
0.864 0.821 1
0.925 0.864 1
0.664 0.367 2
0.681 0.3 2
0.684 0.347 2
0.653 0.35 2
0.68 0.278 2
0.666 0.312 2
0.673 0.356 2
0.635 0.332 2
0.674 0.339 2
0.65 0.304 2
0.629 0.369 2
0.611 0.282 2
0.586 0.348 2
0.594 0.362 2
0.616 0.287 2
0.651 0.289 2
0.656 0.292 2
0.614 0.314 2
0.599 0.354 2
0.647 0.308 2
0.609 0.283 2
0.604 0.34 2
0.658 0.306 2
0.68 0.363 2
0.595 0.356 2
0.632 0.297 2
0.608 0.347 2
0.672 0.329 2
0.609 0.289 2
0.603 0.292 2
0.598 0.299 2
0.661 0.334 2
0.621 0.332 2
0.643 0.285 2
0.632 0.35 2
0.624 0.332 2
0.681 0.334 2
0.614 0.297 2
0.667 0.297 2
0.651 0.279 2
0.68 0.295 2
0.61 0.33 2
0.67 0.349 2
0.592 0.296 2
0.64 0.294 2
0.598 0.3 2
0.641 0.304 2
0.641 0.308 2
0.624 0.364 2
0.611 0.29 2
0.618 0.364 2
0.621 0.286 2
0.637 0.311 2
0.682 0.301 2
0.644 0.299 2
0.639 0.363 2
0.62 0.353 2
0.654 0.356 2
0.676 0.323 2
0.613 0.347 2
0.675 0.358 2
0.682 0.33 2
0.631 0.344 2
0.636 0.355 2
0.679 0.331 2
0.6 0.316 2
0.606 0.355 2
0.61 0.351 2
0.648 0.293 2
0.647 0.356 2
0.684 0.326 2
0.664 0.316 2
0.606 0.348 2
0.635 0.344 2
0.618 0.301 2
0.594 0.363 2
0.595 0.331 2
0.671 0.332 2
0.667 0.347 2
0.623 0.28 2
0.592 0.346 2
0.601 0.299 2
0.648 0.372 2
0.592 0.345 2
0.592 0.335 2
0.604 0.35 2
0.674 0.347 2
0.642 0.368 2
0.657 0.345 2
0.671 0.299 2
0.679 0.349 2
0.603 0.335 2
0.607 0.315 2
0.673 0.363 2
0.591 0.322 2
0.622 0.341 2
0.675 0.28 2
0.626 0.275 2
0.678 0.315 2
0.585 0.301 2
0.527 0.325 2
0.561 0.391 2
0.547 0.405 2
0.59 0.377 2
0.53 0.415 2
0.598 0.335 2
0.553 0.364 2
0.606 0.409 2
0.538 0.414 2
0.6 0.408 2
0.566 0.377 2
0.574 0.375 2
0.541 0.424 2
0.596 0.362 2
0.568 0.403 2
0.551 0.404 2
0.567 0.332 2
0.611 0.329 2
0.612 0.36 2
0.549 0.394 2
0.606 0.34 2
0.578 0.351 2
0.548 0.339 2
0.552 0.424 2
0.517 0.33 2
0.537 0.389 2
0.599 0.344 2
0.604 0.401 2
0.533 0.354 2
0.521 0.339 2
0.515 0.412 2
0.554 0.416 2
0.58 0.381 2
0.569 0.349 2
0.587 0.355 2
0.586 0.421 2
0.516 0.416 2
0.592 0.41 2
0.584 0.362 2
0.613 0.374 2
0.581 0.34 2
0.608 0.346 2
0.606 0.419 2
0.589 0.397 2
0.557 0.341 2
0.586 0.331 2
0.533 0.417 2
0.528 0.333 2
0.52 0.387 2
0.573 0.418 2
0.533 0.386 2
0.543 0.362 2
0.521 0.376 2
0.527 0.35 2
0.554 0.399 2
0.564 0.347 2
0.612 0.372 2
0.585 0.331 2
0.584 0.338 2
0.587 0.369 2
0.602 0.331 2
0.575 0.347 2
0.609 0.416 2
0.555 0.348 2
0.549 0.343 2
0.517 0.359 2
0.514 0.381 2
0.535 0.374 2
0.583 0.411 2
0.514 0.368 2
0.594 0.378 2
0.53 0.4 2
0.573 0.4 2
0.545 0.325 2
0.532 0.425 2
0.59 0.4 2
0.586 0.399 2
0.565 0.42 2
0.519 0.415 2
0.574 0.392 2
0.57 0.395 2
0.547 0.414 2
0.559 0.389 2
0.552 0.412 2
0.607 0.342 2
0.559 0.372 2
0.577 0.416 2
0.588 0.363 2
0.53 0.402 2
0.555 0.398 2
0.524 0.415 2
0.578 0.346 2
0.59 0.369 2
0.548 0.406 2
0.55 0.416 2
0.578 0.325 2
0.578 0.37 2
0.54 0.399 2
0.515 0.348 2
0.54 0.417 2
0.466 0.361 2
0.425 0.35 2
0.467 0.392 2
0.452 0.351 2
0.428 0.353 2
0.434 0.404 2
0.465 0.367 2
0.52 0.337 2
0.445 0.347 2
0.452 0.335 2
0.445 0.334 2
0.47 0.417 2
0.464 0.409 2
0.479 0.357 2
0.447 0.389 2
0.499 0.359 2
0.433 0.38 2
0.521 0.407 2
0.428 0.384 2
0.475 0.353 2
0.501 0.386 2
0.491 0.373 2
0.465 0.328 2
0.426 0.374 2
0.425 0.349 2
0.467 0.383 2
0.435 0.379 2
0.424 0.415 2
0.482 0.387 2
0.518 0.386 2
0.491 0.425 2
0.429 0.372 2
0.458 0.335 2
0.432 0.331 2
0.524 0.362 2
0.46 0.348 2
0.471 0.347 2
0.513 0.366 2
0.517 0.381 2
0.482 0.342 2
0.429 0.329 2
0.447 0.357 2
0.483 0.34 2
0.472 0.344 2
0.475 0.418 2
0.459 0.349 2
0.52 0.39 2
0.479 0.412 2
0.448 0.335 2
0.494 0.413 2
0.487 0.4 2
0.455 0.412 2
0.442 0.351 2
0.437 0.368 2
0.438 0.342 2
0.515 0.371 2
0.429 0.34 2
0.437 0.405 2
0.431 0.407 2
0.507 0.353 2
0.476 0.349 2
0.493 0.383 2
0.453 0.38 2
0.427 0.35 2
0.457 0.373 2
0.495 0.403 2
0.496 0.368 2
0.455 0.368 2
0.515 0.392 2
0.497 0.339 2
0.435 0.413 2
0.48 0.404 2
0.489 0.346 2
0.434 0.338 2
0.5 0.401 2
0.502 0.371 2
0.48 0.356 2
0.454 0.42 2
0.476 0.345 2
0.425 0.34 2
0.481 0.374 2
0.449 0.391 2
0.429 0.398 2
0.44 0.391 2
0.429 0.35 2
0.447 0.402 2
0.509 0.425 2
0.428 0.343 2
0.442 0.352 2
0.509 0.416 2
0.479 0.363 2
0.446 0.33 2
0.472 0.351 2
0.495 0.346 2
0.454 0.397 2
0.444 0.384 2
0.524 0.387 2
0.472 0.346 2
0.459 0.414 2
0.508 0.416 2
0.266 0.332 2
0.342 0.287 2
0.275 0.284 2
0.335 0.301 2
0.307 0.352 2
0.262 0.322 2
0.319 0.308 2
0.285 0.37 2
0.317 0.378 2
0.306 0.356 2
0.256 0.307 2
0.324 0.35 2
0.3 0.323 2
0.282 0.374 2
0.262 0.34 2
0.326 0.34 2
0.276 0.347 2
0.26 0.29 2
0.32 0.319 2
0.33 0.281 2
0.341 0.284 2
0.294 0.286 2
0.28 0.301 2
0.335 0.37 2
0.31 0.302 2
0.28 0.342 2
0.266 0.377 2
0.288 0.306 2
0.254 0.338 2
0.309 0.319 2
0.3 0.332 2
0.338 0.284 2
0.324 0.302 2
0.308 0.313 2
0.333 0.365 2
0.318 0.295 2
0.265 0.363 2
0.324 0.373 2
0.349 0.317 2
0.349 0.298 2
0.258 0.326 2
0.301 0.339 2
0.353 0.316 2
0.326 0.33 2
0.348 0.346 2
0.344 0.334 2
0.332 0.313 2
0.288 0.359 2
0.332 0.355 2
0.272 0.372 2
0.34 0.358 2
0.344 0.323 2
0.329 0.338 2
0.331 0.337 2
0.3 0.298 2
0.35 0.292 2
0.322 0.331 2
0.339 0.306 2
0.329 0.36 2
0.347 0.351 2
0.34 0.294 2
0.313 0.38 2
0.313 0.303 2
0.314 0.378 2
0.334 0.303 2
0.289 0.33 2
0.337 0.36 2
0.349 0.372 2
0.299 0.376 2
0.335 0.316 2
0.338 0.285 2
0.326 0.323 2
0.296 0.334 2
0.307 0.285 2
0.348 0.296 2
0.297 0.322 2
0.257 0.349 2
0.346 0.348 2
0.305 0.373 2
0.354 0.339 2
0.299 0.362 2
0.297 0.35 2
0.254 0.359 2
0.257 0.32 2
0.291 0.376 2
0.345 0.376 2
0.274 0.381 2
0.353 0.372 2
0.297 0.356 2
0.343 0.361 2
0.341 0.281 2
0.28 0.341 2
0.307 0.364 2
0.259 0.283 2
0.338 0.292 2
0.256 0.375 2
0.259 0.376 2
0.336 0.37 2
0.299 0.326 2
0.261 0.353 2
0.312 0.194 2
0.311 0.238 2
0.32 0.278 2
0.306 0.194 2
0.338 0.235 2
0.332 0.247 2
0.319 0.243 2
0.307 0.211 2
0.275 0.248 2
0.256 0.252 2
0.262 0.287 2
0.265 0.25 2
0.284 0.279 2
0.315 0.262 2
0.283 0.222 2
0.339 0.243 2
0.334 0.28 2
0.246 0.218 2
0.264 0.214 2
0.254 0.22 2
0.248 0.23 2
0.324 0.202 2
0.294 0.239 2
0.284 0.204 2
0.271 0.214 2
0.257 0.212 2
0.29 0.27 2
0.264 0.281 2
0.331 0.195 2
0.297 0.196 2
0.331 0.229 2
0.293 0.22 2
0.306 0.287 2
0.339 0.251 2
0.28 0.258 2
0.289 0.276 2
0.289 0.204 2
0.326 0.211 2
0.252 0.224 2
0.324 0.253 2
0.326 0.286 2
0.314 0.232 2
0.24 0.211 2
0.34 0.273 2
0.286 0.211 2
0.273 0.246 2
0.273 0.268 2
0.314 0.287 2
0.326 0.225 2
0.321 0.222 2
0.28 0.224 2
0.326 0.279 2
0.327 0.209 2
0.278 0.283 2
0.248 0.252 2
0.325 0.266 2
0.276 0.288 2
0.269 0.237 2
0.294 0.226 2
0.289 0.216 2
0.313 0.245 2
0.291 0.25 2
0.259 0.234 2
0.324 0.255 2
0.249 0.226 2
0.323 0.23 2
0.334 0.245 2
0.335 0.209 2
0.281 0.194 2
0.255 0.285 2
0.334 0.218 2
0.288 0.253 2
0.247 0.208 2
0.277 0.282 2
0.312 0.218 2
0.293 0.219 2
0.297 0.27 2
0.324 0.248 2
0.274 0.285 2
0.329 0.217 2
0.284 0.264 2
0.27 0.214 2
0.245 0.269 2
0.302 0.251 2
0.253 0.229 2
0.325 0.272 2
0.337 0.21 2
0.309 0.216 2
0.332 0.263 2
0.312 0.251 2
0.266 0.266 2
0.292 0.268 2
0.302 0.248 2
0.306 0.211 2
0.323 0.259 2
0.301 0.22 2
0.331 0.242 2
0.327 0.198 2
0.324 0.22 2
0.273 0.287 2
0.348 0.103 2
0.361 0.152 2
0.344 0.18 2
0.302 0.181 2
0.364 0.108 2
0.338 0.116 2
0.368 0.109 2
0.358 0.108 2
0.354 0.168 2
0.328 0.198 2
0.347 0.121 2
0.373 0.189 2
0.387 0.16 2
0.342 0.193 2
0.315 0.136 2
0.303 0.173 2
0.327 0.113 2
0.38 0.14 2
0.329 0.174 2
0.36 0.19 2
0.385 0.114 2
0.295 0.109 2
0.383 0.164 2
0.297 0.17 2
0.334 0.148 2
0.371 0.123 2
0.299 0.197 2
0.322 0.175 2
0.365 0.129 2
0.384 0.153 2
0.356 0.158 2
0.337 0.126 2
0.349 0.103 2
0.36 0.135 2
0.302 0.132 2
0.353 0.099 2
0.364 0.136 2
0.351 0.162 2
0.288 0.11 2
0.359 0.167 2
0.382 0.156 2
0.38 0.157 2
0.338 0.115 2
0.311 0.132 2
0.303 0.108 2
0.328 0.175 2
0.37 0.134 2
0.31 0.18 2
0.371 0.163 2
0.35 0.146 2
0.37 0.186 2
0.385 0.16 2
0.33 0.127 2
0.347 0.173 2
0.344 0.191 2
0.308 0.168 2
0.362 0.154 2
0.304 0.107 2
0.343 0.116 2
0.303 0.186 2
0.374 0.143 2
0.328 0.172 2
0.339 0.114 2
0.324 0.111 2
0.387 0.165 2
0.353 0.098 2
0.383 0.123 2
0.361 0.119 2
0.337 0.105 2
0.308 0.17 2
0.345 0.143 2
0.372 0.117 2
0.352 0.166 2
0.354 0.136 2
0.369 0.103 2
0.369 0.148 2
0.327 0.141 2
0.313 0.111 2
0.361 0.192 2
0.375 0.102 2
0.377 0.154 2
0.326 0.164 2
0.319 0.124 2
0.344 0.145 2
0.362 0.184 2
0.331 0.133 2
0.35 0.128 2
0.309 0.142 2
0.374 0.101 2
0.344 0.142 2
0.331 0.169 2
0.311 0.133 2
0.386 0.133 2
0.353 0.107 2
0.376 0.131 2
0.374 0.127 2
0.313 0.176 2
0.324 0.131 2
0.377 0.154 2
0.322 0.192 2
0.338 0.147 2
0.372 0.134 2
0.349 0.13 2
0.404 0.068 2
0.43 0.113 2
0.355 0.066 2
0.377 0.136 2
0.413 0.085 2
0.373 0.154 2
0.413 0.147 2
0.39 0.143 2
0.411 0.14 2
0.359 0.082 2
0.352 0.117 2
0.393 0.121 2
0.398 0.146 2
0.355 0.129 2
0.391 0.062 2
0.398 0.142 2
0.425 0.127 2
0.378 0.081 2
0.431 0.09 2
0.374 0.077 2
0.354 0.124 2
0.366 0.112 2
0.341 0.148 2
0.342 0.153 2
0.389 0.127 2
0.346 0.098 2
0.385 0.076 2
0.382 0.121 2
0.42 0.116 2
0.382 0.118 2
0.341 0.119 2
0.37 0.161 2
0.4 0.128 2
0.351 0.136 2
0.387 0.145 2
0.341 0.122 2
0.422 0.12 2
0.362 0.097 2
0.347 0.142 2
0.428 0.15 2
0.369 0.1 2
0.43 0.154 2
0.35 0.12 2
0.413 0.127 2
0.405 0.14 2
0.422 0.16 2
0.405 0.098 2
0.374 0.144 2
0.345 0.093 2
0.345 0.154 2
0.402 0.111 2
0.381 0.159 2
0.338 0.112 2
0.417 0.091 2
0.366 0.113 2
0.354 0.133 2
0.381 0.087 2
0.372 0.108 2
0.34 0.137 2
0.365 0.087 2
0.353 0.088 2
0.423 0.138 2
0.382 0.104 2
0.408 0.139 2
0.427 0.111 2
0.381 0.093 2
0.353 0.151 2
0.351 0.126 2
0.394 0.083 2
0.398 0.16 2
0.374 0.157 2
0.426 0.128 2
0.377 0.145 2
0.336 0.151 2
0.362 0.099 2
0.43 0.099 2
0.389 0.09 2
0.371 0.061 2
0.379 0.139 2
0.345 0.071 2
0.412 0.117 2
0.341 0.094 2
0.403 0.11 2
0.383 0.127 2
0.349 0.13 2
0.377 0.104 2
0.382 0.117 2
0.427 0.064 2
0.4 0.129 2
0.375 0.071 2
0.427 0.125 2
0.335 0.082 2
0.419 0.106 2
0.43 0.131 2
0.364 0.125 2
0.419 0.069 2
0.426 0.095 2
0.559 0.121 2
0.578 0.131 2
0.611 0.127 2
0.604 0.101 2
0.566 0.075 2
0.565 0.07 2
0.635 0.12 2
0.641 0.084 2
0.626 0.069 2
0.561 0.063 2
0.551 0.121 2
0.638 0.129 2
0.636 0.076 2
0.542 0.135 2
0.558 0.049 2
0.57 0.053 2
0.584 0.135 2
0.568 0.045 2
0.59 0.077 2
0.561 0.089 2
0.611 0.102 2
0.552 0.052 2
0.568 0.111 2
0.585 0.125 2
0.563 0.104 2
0.587 0.064 2
0.56 0.045 2
0.623 0.132 2
0.568 0.135 2
0.574 0.12 2
0.598 0.097 2
0.595 0.062 2
0.588 0.132 2
0.624 0.094 2
0.585 0.134 2
0.565 0.117 2
0.606 0.095 2
0.611 0.126 2
0.574 0.126 2
0.569 0.056 2
0.602 0.051 2
0.568 0.059 2
0.586 0.097 2
0.577 0.136 2
0.625 0.121 2
0.545 0.128 2
0.572 0.038 2
0.624 0.126 2
0.618 0.039 2
0.631 0.134 2
0.623 0.117 2
0.608 0.058 2
0.635 0.111 2
0.597 0.085 2
0.541 0.121 2
0.551 0.089 2
0.563 0.046 2
0.569 0.054 2
0.543 0.107 2
0.619 0.047 2
0.64 0.128 2
0.63 0.064 2
0.564 0.06 2
0.599 0.07 2
0.551 0.088 2
0.579 0.065 2
0.57 0.065 2
0.592 0.106 2
0.634 0.116 2
0.543 0.135 2
0.586 0.046 2
0.542 0.087 2
0.577 0.053 2
0.604 0.123 2
0.573 0.095 2
0.564 0.131 2
0.541 0.115 2
0.637 0.089 2
0.619 0.08 2
0.628 0.066 2
0.563 0.052 2
0.588 0.084 2
0.608 0.093 2
0.543 0.096 2
0.627 0.102 2
0.574 0.088 2
0.548 0.117 2
0.552 0.087 2
0.541 0.075 2
0.566 0.135 2
0.571 0.082 2
0.553 0.063 2
0.591 0.038 2
0.593 0.05 2
0.569 0.133 2
0.572 0.12 2
0.608 0.113 2
0.6 0.064 2
0.618 0.055 2
0.608 0.046 2
0.757 0.129 2
0.798 0.188 2
0.727 0.201 2
0.753 0.146 2
0.773 0.181 2
0.706 0.16 2
0.77 0.182 2
0.803 0.169 2
0.759 0.143 2
0.742 0.159 2
0.787 0.211 2
0.801 0.122 2
0.789 0.148 2
0.743 0.186 2
0.737 0.119 2
0.788 0.166 2
0.739 0.186 2
0.758 0.189 2
0.774 0.116 2
0.781 0.159 2
0.721 0.176 2
0.751 0.174 2
0.765 0.202 2
0.711 0.207 2
0.747 0.172 2
0.728 0.167 2
0.727 0.153 2
0.74 0.135 2
0.781 0.147 2
0.751 0.2 2
0.78 0.128 2
0.795 0.117 2
0.762 0.141 2
0.705 0.207 2
0.743 0.177 2
0.755 0.13 2
0.773 0.112 2
0.721 0.134 2
0.749 0.145 2
0.709 0.128 2
0.773 0.176 2
0.741 0.169 2
0.771 0.122 2
0.766 0.175 2
0.788 0.131 2
0.786 0.19 2
0.748 0.122 2
0.791 0.197 2
0.733 0.131 2
0.717 0.158 2
0.797 0.146 2
0.756 0.207 2
0.773 0.19 2
0.788 0.166 2
0.734 0.203 2
0.796 0.156 2
0.777 0.194 2
0.705 0.171 2
0.711 0.132 2
0.766 0.138 2
0.787 0.194 2
0.757 0.16 2
0.755 0.155 2
0.744 0.21 2
0.802 0.15 2
0.715 0.154 2
0.733 0.136 2
0.766 0.192 2
0.797 0.122 2
0.75 0.159 2
0.706 0.21 2
0.724 0.178 2
0.763 0.115 2
0.735 0.134 2
0.784 0.211 2
0.795 0.125 2
0.804 0.165 2
0.797 0.162 2
0.765 0.202 2
0.76 0.193 2
0.776 0.13 2
0.726 0.151 2
0.71 0.201 2
0.767 0.154 2
0.784 0.147 2
0.705 0.162 2
0.711 0.19 2
0.785 0.198 2
0.737 0.148 2
0.757 0.159 2
0.712 0.113 2
0.765 0.211 2
0.78 0.13 2
0.706 0.144 2
0.753 0.141 2
0.794 0.197 2
0.766 0.195 2
0.763 0.158 2
0.739 0.116 2
0.778 0.145 2
0.681 0.249 2
0.726 0.282 2
0.715 0.219 2
0.683 0.209 2
0.752 0.273 2
0.675 0.253 2
0.752 0.264 2
0.72 0.255 2
0.686 0.278 2
0.688 0.211 2
0.765 0.199 2
0.697 0.271 2
0.732 0.223 2
0.749 0.28 2
0.772 0.209 2
0.742 0.24 2
0.743 0.287 2
0.703 0.217 2
0.728 0.242 2
0.677 0.271 2
0.769 0.24 2
0.728 0.25 2
0.679 0.22 2
0.716 0.283 2
0.743 0.232 2
0.684 0.236 2
0.721 0.242 2
0.733 0.199 2
0.739 0.228 2
0.756 0.265 2
0.761 0.254 2
0.741 0.285 2
0.706 0.244 2
0.746 0.23 2
0.721 0.281 2
0.718 0.28 2
0.767 0.236 2
0.724 0.208 2
0.761 0.218 2
0.773 0.224 2
0.698 0.277 2
0.722 0.267 2
0.681 0.26 2
0.73 0.239 2
0.741 0.208 2
0.695 0.283 2
0.706 0.212 2
0.727 0.259 2
0.73 0.282 2
0.686 0.209 2
0.747 0.258 2
0.675 0.241 2
0.775 0.246 2
0.689 0.239 2
0.69 0.229 2
0.726 0.26 2
0.763 0.204 2
0.69 0.253 2
0.712 0.271 2
0.737 0.225 2
0.74 0.245 2
0.775 0.257 2
0.772 0.208 2
0.734 0.198 2
0.722 0.242 2
0.696 0.223 2
0.741 0.291 2
0.682 0.242 2
0.762 0.201 2
0.708 0.223 2
0.767 0.198 2
0.706 0.2 2
0.767 0.275 2
0.71 0.287 2
0.68 0.277 2
0.722 0.238 2
0.685 0.289 2
0.766 0.212 2
0.738 0.232 2
0.751 0.259 2
0.729 0.294 2
0.774 0.209 2
0.683 0.241 2
0.738 0.282 2
0.757 0.269 2
0.751 0.199 2
0.682 0.267 2
0.723 0.216 2
0.746 0.28 2
0.753 0.214 2
0.695 0.266 2
0.762 0.251 2
0.677 0.263 2
0.713 0.23 2
0.734 0.211 2
0.767 0.237 2
0.7 0.225 2
0.772 0.24 2
0.739 0.252 2
0.736 0.262 2
0.553 0.245 2
0.505 0.323 2
0.566 0.264 2
0.561 0.292 2
0.482 0.316 2
0.494 0.271 2
0.52 0.305 2
0.526 0.342 2
0.518 0.252 2
0.556 0.341 2
0.558 0.248 2
0.575 0.267 2
0.491 0.312 2
0.497 0.251 2
0.537 0.272 2
0.49 0.267 2
0.577 0.289 2
0.536 0.331 2
0.533 0.271 2
0.53 0.29 2
0.491 0.287 2
0.516 0.343 2
0.557 0.267 2
0.547 0.327 2
0.537 0.305 2
0.492 0.245 2
0.509 0.321 2
0.56 0.243 2
0.511 0.266 2
0.522 0.301 2
0.542 0.267 2
0.522 0.303 2
0.501 0.342 2
0.479 0.275 2
0.517 0.338 2
0.478 0.326 2
0.561 0.245 2
0.517 0.246 2
0.557 0.315 2
0.571 0.285 2
0.501 0.285 2
0.577 0.305 2
0.532 0.246 2
0.517 0.276 2
0.563 0.339 2
0.572 0.28 2
0.478 0.318 2
0.512 0.335 2
0.515 0.333 2
0.573 0.285 2
0.526 0.333 2
0.555 0.322 2
0.545 0.254 2
0.504 0.317 2
0.485 0.248 2
0.478 0.318 2
0.55 0.248 2
0.528 0.248 2
0.566 0.339 2
0.558 0.321 2
0.506 0.243 2
0.573 0.287 2
0.541 0.318 2
0.542 0.29 2
0.514 0.254 2
0.541 0.262 2
0.521 0.278 2
0.495 0.281 2
0.541 0.291 2
0.517 0.281 2
0.536 0.299 2
0.526 0.307 2
0.54 0.322 2
0.494 0.295 2
0.541 0.327 2
0.554 0.266 2
0.537 0.267 2
0.555 0.343 2
0.555 0.301 2
0.5 0.25 2
0.479 0.317 2
0.51 0.252 2
0.547 0.273 2
0.479 0.291 2
0.516 0.317 2
0.483 0.338 2
0.571 0.249 2
0.529 0.342 2
0.538 0.257 2
0.477 0.314 2
0.499 0.288 2
0.546 0.267 2
0.532 0.327 2
0.554 0.248 2
0.526 0.243 2
0.543 0.277 2
0.512 0.243 2
0.558 0.265 2
0.577 0.329 2
0.516 0.285 2
0.35 0.234 2
0.417 0.242 2
0.365 0.252 2
0.34 0.233 2
0.364 0.197 2
0.351 0.256 2
0.421 0.214 2
0.37 0.219 2
0.353 0.292 2
0.405 0.234 2
0.407 0.223 2
0.384 0.216 2
0.425 0.268 2
0.392 0.279 2
0.391 0.297 2
0.383 0.297 2
0.409 0.229 2
0.351 0.274 2
0.336 0.28 2
0.344 0.229 2
0.375 0.296 2
0.396 0.241 2
0.355 0.253 2
0.425 0.214 2
0.339 0.238 2
0.37 0.296 2
0.399 0.221 2
0.424 0.251 2
0.368 0.231 2
0.38 0.285 2
0.341 0.269 2
0.377 0.216 2
0.338 0.253 2
0.371 0.217 2
0.42 0.206 2
0.356 0.257 2
0.338 0.281 2
0.364 0.207 2
0.332 0.231 2
0.393 0.221 2
0.396 0.236 2
0.36 0.262 2
0.332 0.225 2
0.415 0.254 2
0.387 0.252 2
0.4 0.197 2
0.391 0.246 2
0.398 0.234 2
0.383 0.245 2
0.339 0.228 2
0.338 0.276 2
0.42 0.217 2
0.374 0.261 2
0.42 0.255 2
0.37 0.256 2
0.37 0.229 2
0.404 0.278 2
0.376 0.285 2
0.396 0.25 2
0.405 0.202 2
0.364 0.206 2
0.34 0.239 2
0.391 0.293 2
0.426 0.268 2
0.402 0.251 2
0.394 0.212 2
0.416 0.208 2
0.343 0.233 2
0.399 0.265 2
0.346 0.285 2
0.407 0.227 2
0.392 0.206 2
0.363 0.213 2
0.431 0.22 2
0.431 0.294 2
0.392 0.245 2
0.368 0.204 2
0.359 0.243 2
0.407 0.287 2
0.363 0.272 2
0.423 0.288 2
0.356 0.204 2
0.36 0.216 2
0.426 0.221 2
0.332 0.244 2
0.398 0.256 2
0.419 0.278 2
0.426 0.218 2
0.388 0.282 2
0.366 0.241 2
0.386 0.213 2
0.366 0.239 2
0.355 0.256 2
0.396 0.239 2
0.334 0.205 2
0.343 0.224 2
0.431 0.253 2
0.386 0.259 2
0.402 0.265 2
0.427 0.266 2
0.414 0.126 2
0.349 0.136 2
0.346 0.156 2
0.342 0.195 2
0.347 0.169 2
0.364 0.115 2
0.377 0.178 2
0.425 0.195 2
0.386 0.154 2
0.425 0.134 2
0.342 0.115 2
0.404 0.147 2
0.384 0.097 2
0.39 0.183 2
0.349 0.171 2
0.432 0.128 2
0.375 0.136 2
0.414 0.184 2
0.375 0.141 2
0.413 0.1 2
0.355 0.16 2
0.39 0.104 2
0.363 0.13 2
0.421 0.101 2
0.407 0.105 2
0.387 0.123 2
0.371 0.134 2
0.396 0.174 2
0.368 0.169 2
0.356 0.107 2
0.351 0.13 2
0.343 0.127 2
0.363 0.181 2
0.345 0.189 2
0.396 0.166 2
0.352 0.191 2
0.439 0.138 2
0.375 0.185 2
0.364 0.178 2
0.442 0.156 2
0.363 0.141 2
0.394 0.193 2
0.431 0.103 2
0.408 0.123 2
0.389 0.179 2
0.351 0.097 2
0.359 0.15 2
0.402 0.14 2
0.425 0.192 2
0.342 0.133 2
0.426 0.182 2
0.438 0.153 2
0.35 0.152 2
0.408 0.17 2
0.367 0.132 2
0.396 0.177 2
0.437 0.197 2
0.373 0.156 2
0.427 0.139 2
0.375 0.177 2
0.398 0.152 2
0.379 0.124 2
0.376 0.125 2
0.427 0.15 2
0.383 0.106 2
0.365 0.158 2
0.354 0.183 2
0.396 0.143 2
0.428 0.191 2
0.385 0.129 2
0.361 0.19 2
0.374 0.187 2
0.382 0.147 2
0.39 0.147 2
0.413 0.148 2
0.372 0.122 2
0.439 0.124 2
0.405 0.141 2
0.367 0.187 2
0.424 0.102 2
0.411 0.175 2
0.41 0.153 2
0.369 0.101 2
0.342 0.166 2
0.363 0.186 2
0.438 0.167 2
0.385 0.116 2
0.432 0.111 2
0.342 0.14 2
0.379 0.142 2
0.38 0.191 2
0.368 0.107 2
0.434 0.157 2
0.404 0.144 2
0.395 0.175 2
0.412 0.119 2
0.382 0.136 2
0.398 0.143 2
0.403 0.134 2
0.44 0.175 2
0.432 0.076 2
0.413 0.087 2
0.496 0.091 2
0.492 0.087 2
0.442 0.084 2
0.438 0.081 2
0.482 0.037 2
0.449 0.064 2
0.403 0.114 2
0.469 0.101 2
0.485 0.057 2
0.493 0.044 2
0.474 0.082 2
0.458 0.071 2
0.436 0.076 2
0.442 0.057 2
0.466 0.105 2
0.433 0.13 2
0.487 0.114 2
0.466 0.128 2
0.462 0.106 2
0.414 0.044 2
0.432 0.112 2
0.459 0.091 2
0.403 0.066 2
0.4 0.113 2
0.43 0.109 2
0.467 0.084 2
0.478 0.047 2
0.458 0.04 2
0.412 0.132 2
0.4 0.076 2
0.422 0.098 2
0.478 0.084 2
0.411 0.081 2
0.457 0.098 2
0.46 0.135 2
0.424 0.108 2
0.45 0.056 2
0.446 0.063 2
0.397 0.057 2
0.445 0.137 2
0.491 0.064 2
0.448 0.086 2
0.472 0.097 2
0.434 0.072 2
0.455 0.057 2
0.45 0.131 2
0.423 0.096 2
0.48 0.086 2
0.418 0.113 2
0.435 0.047 2
0.418 0.062 2
0.496 0.122 2
0.41 0.115 2
0.479 0.074 2
0.468 0.042 2
0.4 0.131 2
0.402 0.075 2
0.413 0.073 2
0.434 0.038 2
0.399 0.043 2
0.419 0.053 2
0.437 0.132 2
0.45 0.077 2
0.407 0.095 2
0.423 0.058 2
0.415 0.125 2
0.496 0.039 2
0.396 0.137 2
0.465 0.114 2
0.482 0.041 2
0.451 0.096 2
0.396 0.045 2
0.438 0.105 2
0.421 0.095 2
0.422 0.063 2
0.408 0.05 2
0.428 0.117 2
0.481 0.124 2
0.464 0.128 2
0.495 0.04 2
0.495 0.074 2
0.49 0.117 2
0.451 0.076 2
0.492 0.112 2
0.494 0.038 2
0.438 0.058 2
0.49 0.054 2
0.427 0.063 2
0.425 0.097 2
0.428 0.039 2
0.426 0.102 2
0.397 0.083 2
0.405 0.135 2
0.411 0.117 2
0.472 0.112 2
0.496 0.127 2
0.428 0.079 2
0.47 0.116 2
0.564 0.084 2
0.543 0.087 2
0.59 0.018 2
0.624 0.025 2
0.632 0.069 2
0.578 0.023 2
0.639 0.088 2
0.553 0.019 2
0.574 0.098 2
0.557 0.042 2
0.592 0.023 2
0.636 0.066 2
0.621 0.097 2
0.555 0.029 2
0.613 0.066 2
0.643 0.039 2
0.567 0.055 2
0.578 0.105 2
0.62 0.028 2
0.565 0.042 2
0.56 0.027 2
0.55 0.099 2
0.553 0.057 2
0.57 0.051 2
0.569 0.053 2
0.629 0.086 2
0.585 0.083 2
0.624 0.098 2
0.554 0.103 2
0.557 0.055 2
0.603 0.097 2
0.61 0.105 2
0.56 0.014 2
0.587 0.036 2
0.626 0.096 2
0.633 0.061 2
0.572 0.058 2
0.613 0.063 2
0.587 0.029 2
0.585 0.031 2
0.562 0.035 2
0.617 0.039 2
0.556 0.048 2
0.625 0.09 2
0.581 0.024 2
0.562 0.031 2
0.6 0.026 2
0.551 0.058 2
0.59 0.026 2
0.63 0.086 2
0.546 0.025 2
0.636 0.071 2
0.637 0.057 2
0.61 0.019 2
0.639 0.034 2
0.613 0.078 2
0.64 0.041 2
0.605 0.096 2
0.56 0.07 2
0.552 0.032 2
0.549 0.036 2
0.609 0.033 2
0.629 0.105 2
0.625 0.063 2
0.62 0.053 2
0.64 0.089 2
0.562 0.048 2
0.572 0.043 2
0.558 0.014 2
0.566 0.092 2
0.573 0.057 2
0.615 0.072 2
0.576 0.06 2
0.58 0.051 2
0.608 0.087 2
0.545 0.111 2
0.612 0.04 2
0.612 0.109 2
0.604 0.055 2
0.555 0.022 2
0.605 0.084 2
0.622 0.039 2
0.573 0.025 2
0.642 0.078 2
0.59 0.075 2
0.565 0.036 2
0.623 0.084 2
0.628 0.051 2
0.553 0.018 2
0.543 0.11 2
0.589 0.096 2
0.554 0.039 2
0.608 0.053 2
0.632 0.073 2
0.587 0.101 2
0.573 0.084 2
0.63 0.094 2
0.603 0.046 2
0.585 0.072 2
0.574 0.062 2
0.671 0.06 2
0.637 0.042 2
0.68 0.127 2
0.663 0.044 2
0.678 0.074 2
0.646 0.099 2
0.646 0.119 2
0.688 0.104 2
0.706 0.117 2
0.695 0.073 2
0.664 0.063 2
0.663 0.099 2
0.655 0.081 2
0.712 0.05 2
0.676 0.056 2
0.63 0.131 2
0.679 0.123 2
0.721 0.091 2
0.724 0.092 2
0.697 0.105 2
0.664 0.043 2
0.643 0.126 2
0.627 0.086 2
0.675 0.077 2
0.631 0.043 2
0.65 0.036 2
0.724 0.058 2
0.693 0.097 2
0.706 0.097 2
0.625 0.127 2
0.694 0.046 2
0.645 0.063 2
0.693 0.061 2
0.703 0.083 2
0.698 0.098 2
0.68 0.04 2
0.644 0.123 2
0.689 0.094 2
0.652 0.114 2
0.631 0.128 2
0.695 0.057 2
0.65 0.082 2
0.663 0.085 2
0.652 0.066 2
0.718 0.078 2
0.667 0.112 2
0.717 0.102 2
0.69 0.062 2
0.673 0.12 2
0.639 0.099 2
0.714 0.047 2
0.625 0.082 2
0.695 0.098 2
0.665 0.104 2
0.708 0.085 2
0.653 0.109 2
0.632 0.059 2
0.676 0.063 2
0.658 0.105 2
0.685 0.07 2
0.707 0.1 2
0.704 0.095 2
0.714 0.13 2
0.683 0.131 2
0.71 0.067 2
0.627 0.036 2
0.632 0.088 2
0.625 0.055 2
0.7 0.033 2
0.704 0.063 2
0.715 0.049 2
0.721 0.083 2
0.704 0.079 2
0.638 0.035 2
0.656 0.08 2
0.713 0.113 2
0.653 0.105 2
0.718 0.124 2
0.686 0.078 2
0.707 0.095 2
0.632 0.045 2
0.641 0.049 2
0.656 0.064 2
0.632 0.095 2
0.724 0.123 2
0.683 0.06 2
0.679 0.099 2
0.695 0.073 2
0.686 0.118 2
0.686 0.088 2
0.69 0.065 2
0.699 0.065 2
0.695 0.051 2
0.657 0.079 2
0.678 0.051 2
0.642 0.091 2
0.667 0.043 2
0.656 0.059 2
0.707 0.121 2
0.682 0.062 2
0.663 0.149 2
0.733 0.091 2
0.736 0.132 2
0.707 0.146 2
0.715 0.147 2
0.707 0.111 2
0.678 0.099 2
0.736 0.089 2
0.672 0.169 2
0.722 0.086 2
0.706 0.172 2
0.649 0.095 2
0.7 0.138 2
0.719 0.166 2
0.647 0.159 2
0.652 0.157 2
0.741 0.145 2
0.671 0.082 2
0.669 0.13 2
0.672 0.077 2
0.682 0.166 2
0.734 0.131 2
0.688 0.088 2
0.74 0.132 2
0.724 0.176 2
0.663 0.103 2
0.715 0.147 2
0.739 0.143 2
0.737 0.093 2
0.705 0.168 2
0.707 0.136 2
0.662 0.119 2
0.66 0.172 2
0.717 0.095 2
0.652 0.086 2
0.729 0.137 2
0.685 0.117 2
0.735 0.101 2
0.732 0.173 2
0.714 0.091 2
0.694 0.089 2
0.676 0.094 2
0.74 0.122 2
0.642 0.127 2
0.643 0.139 2
0.732 0.107 2
0.645 0.091 2
0.742 0.174 2
0.709 0.149 2
0.663 0.163 2
0.711 0.081 2
0.732 0.176 2
0.647 0.095 2
0.654 0.132 2
0.67 0.077 2
0.701 0.158 2
0.662 0.171 2
0.711 0.086 2
0.693 0.172 2
0.706 0.151 2
0.658 0.079 2
0.73 0.083 2
0.645 0.15 2
0.702 0.094 2
0.651 0.119 2
0.66 0.123 2
0.726 0.176 2
0.66 0.152 2
0.72 0.173 2
0.705 0.13 2
0.7 0.079 2
0.696 0.112 2
0.735 0.153 2
0.71 0.16 2
0.739 0.149 2
0.696 0.171 2
0.726 0.175 2
0.678 0.086 2
0.74 0.117 2
0.679 0.168 2
0.732 0.114 2
0.672 0.134 2
0.735 0.118 2
0.68 0.116 2
0.675 0.082 2
0.726 0.157 2
0.679 0.144 2
0.668 0.103 2
0.711 0.136 2
0.703 0.1 2
0.659 0.147 2
0.667 0.127 2
0.654 0.172 2
0.732 0.166 2
0.662 0.151 2
0.686 0.164 2
0.68 0.122 2
0.663 0.174 2
0.691 0.131 2
0.667 0.175 2
0.63 0.187 2
0.595 0.219 2
0.572 0.257 2
0.566 0.242 2
0.655 0.238 2
0.63 0.189 2
0.615 0.201 2
0.648 0.249 2
0.629 0.236 2
0.58 0.279 2
0.657 0.197 2
0.564 0.211 2
0.581 0.198 2
0.644 0.259 2
0.576 0.263 2
0.581 0.282 2
0.642 0.278 2
0.602 0.227 2
0.564 0.252 2
0.569 0.193 2
0.567 0.219 2
0.643 0.267 2
0.565 0.267 2
0.603 0.285 2
0.62 0.246 2
0.597 0.242 2
0.656 0.257 2
0.641 0.243 2
0.654 0.203 2
0.59 0.248 2
0.598 0.236 2
0.583 0.233 2
0.615 0.211 2
0.616 0.187 2
0.611 0.279 2
0.576 0.202 2
0.571 0.206 2
0.613 0.188 2
0.659 0.201 2
0.656 0.2 2
0.571 0.222 2
0.643 0.217 2
0.608 0.2 2
0.65 0.238 2
0.637 0.224 2
0.627 0.216 2
0.611 0.239 2
0.63 0.201 2
0.565 0.279 2
0.562 0.265 2
0.639 0.252 2
0.6 0.195 2
0.589 0.244 2
0.599 0.213 2
0.637 0.258 2
0.62 0.237 2
0.637 0.236 2
0.637 0.201 2
0.593 0.267 2
0.647 0.265 2
0.597 0.236 2
0.63 0.241 2
0.63 0.194 2
0.636 0.199 2
0.581 0.266 2
0.602 0.24 2
0.616 0.225 2
0.612 0.279 2
0.593 0.194 2
0.598 0.195 2
0.615 0.254 2
0.581 0.216 2
0.586 0.222 2
0.581 0.248 2
0.631 0.191 2
0.607 0.205 2
0.576 0.213 2
0.586 0.227 2
0.579 0.257 2
0.624 0.231 2
0.658 0.22 2
0.652 0.188 2
0.569 0.232 2
0.607 0.205 2
0.567 0.26 2
0.59 0.271 2
0.571 0.241 2
0.651 0.262 2
0.606 0.222 2
0.61 0.225 2
0.641 0.242 2
0.625 0.254 2
0.656 0.206 2
0.643 0.25 2
0.578 0.205 2
0.656 0.229 2
0.605 0.209 2
0.596 0.219 2
0.598 0.213 2
0.594 0.231 2
0.595 0.242 2
0.503 0.226 2
0.522 0.265 2
0.562 0.254 2
0.524 0.232 2
0.569 0.271 2
0.557 0.279 2
0.596 0.264 2
0.569 0.233 2
0.524 0.252 2
0.573 0.288 2
0.521 0.216 2
0.535 0.208 2
0.508 0.205 2
0.564 0.264 2
0.566 0.273 2
0.514 0.204 2
0.501 0.206 2
0.587 0.226 2
0.497 0.226 2
0.54 0.282 2
0.591 0.235 2
0.563 0.215 2
0.54 0.264 2
0.497 0.257 2
0.58 0.217 2
0.498 0.284 2
0.584 0.271 2
0.524 0.264 2
0.561 0.234 2
0.511 0.245 2
0.563 0.284 2
0.515 0.267 2
0.57 0.2 2
0.552 0.276 2
0.557 0.259 2
0.545 0.227 2
0.523 0.217 2
0.531 0.198 2
0.54 0.27 2
0.576 0.28 2
0.569 0.225 2
0.507 0.296 2
0.544 0.206 2
0.583 0.295 2
0.539 0.224 2
0.536 0.296 2
0.572 0.288 2
0.596 0.258 2
0.586 0.235 2
0.583 0.237 2
0.523 0.279 2
0.549 0.258 2
0.51 0.205 2
0.514 0.226 2
0.576 0.21 2
0.549 0.273 2
0.556 0.252 2
0.512 0.208 2
0.587 0.204 2
0.502 0.248 2
0.524 0.263 2
0.502 0.263 2
0.507 0.283 2
0.509 0.253 2
0.53 0.292 2
0.583 0.274 2
0.513 0.219 2
0.501 0.274 2
0.567 0.262 2
0.506 0.273 2
0.516 0.205 2
0.575 0.213 2
0.525 0.252 2
0.499 0.211 2
0.543 0.239 2
0.581 0.266 2
0.589 0.246 2
0.581 0.239 2
0.582 0.296 2
0.54 0.222 2
0.583 0.23 2
0.591 0.255 2
0.524 0.232 2
0.573 0.278 2
0.515 0.259 2
0.561 0.274 2
0.528 0.243 2
0.551 0.287 2
0.586 0.235 2
0.56 0.29 2
0.499 0.286 2
0.518 0.212 2
0.499 0.211 2
0.579 0.224 2
0.534 0.221 2
0.517 0.267 2
0.52 0.281 2
0.581 0.285 2
0.537 0.207 2
0.46 0.165 2
0.458 0.156 2
0.476 0.181 2
0.518 0.212 2
0.528 0.203 2
0.493 0.231 2
0.448 0.191 2
0.451 0.184 2
0.445 0.19 2
0.503 0.215 2
0.535 0.19 2
0.508 0.232 2
0.515 0.252 2
0.453 0.248 2
0.466 0.194 2
0.465 0.247 2
0.533 0.162 2
0.494 0.156 2
0.491 0.229 2
0.446 0.208 2
0.504 0.162 2
0.538 0.229 2
0.489 0.188 2
0.523 0.182 2
0.455 0.19 2
0.541 0.167 2
0.54 0.249 2
0.463 0.236 2
0.49 0.206 2
0.536 0.221 2
0.495 0.159 2
0.51 0.249 2
0.479 0.203 2
0.469 0.163 2
0.516 0.236 2
0.532 0.166 2
0.505 0.246 2
0.514 0.162 2
0.495 0.24 2
0.48 0.167 2
0.479 0.179 2
0.513 0.256 2
0.483 0.163 2
0.447 0.237 2
0.493 0.189 2
0.494 0.182 2
0.455 0.175 2
0.53 0.189 2
0.528 0.2 2
0.47 0.196 2
0.5 0.212 2
0.525 0.179 2
0.453 0.16 2
0.468 0.247 2
0.451 0.193 2
0.47 0.196 2
0.541 0.228 2
0.54 0.183 2
0.534 0.256 2
0.524 0.182 2
0.531 0.211 2
0.537 0.157 2
0.5 0.173 2
0.518 0.251 2
0.514 0.248 2
0.5 0.25 2
0.494 0.256 2
0.485 0.159 2
0.455 0.204 2
0.466 0.249 2
0.489 0.244 2
0.493 0.239 2
0.485 0.179 2
0.474 0.232 2
0.506 0.182 2
0.486 0.165 2
0.519 0.157 2
0.481 0.183 2
0.515 0.192 2
0.473 0.18 2
0.489 0.231 2
0.519 0.243 2
0.502 0.248 2
0.45 0.18 2
0.448 0.193 2
0.523 0.251 2
0.461 0.185 2
0.503 0.241 2
0.508 0.245 2
0.443 0.186 2
0.54 0.172 2
0.452 0.217 2
0.481 0.252 2
0.464 0.221 2
0.463 0.198 2
0.456 0.232 2
0.518 0.164 2
0.496 0.192 2
0.467 0.163 2
0.466 0.249 2
0.476 0.097 2
0.47 0.116 2
0.465 0.131 2
0.465 0.112 2
0.486 0.148 2
0.49 0.07 2
0.468 0.071 2
0.492 0.068 2
0.532 0.103 2
0.518 0.072 2
0.453 0.16 2
0.513 0.137 2
0.536 0.072 2
0.453 0.091 2
0.493 0.089 2
0.514 0.148 2
0.461 0.077 2
0.526 0.092 2
0.524 0.146 2
0.483 0.113 2
0.444 0.068 2
0.485 0.159 2
0.529 0.158 2
0.463 0.162 2
0.51 0.11 2
0.526 0.149 2
0.503 0.084 2
0.511 0.084 2
0.492 0.089 2
0.446 0.157 2
0.462 0.139 2
0.491 0.124 2
0.533 0.156 2
0.476 0.123 2
0.505 0.157 2
0.467 0.064 2
0.508 0.067 2
0.46 0.088 2
0.516 0.131 2
0.515 0.13 2
0.501 0.104 2
0.5 0.154 2
0.498 0.077 2
0.497 0.135 2
0.487 0.075 2
0.478 0.087 2
0.439 0.16 2
0.467 0.117 2
0.467 0.065 2
0.473 0.148 2
0.457 0.135 2
0.438 0.072 2
0.512 0.146 2
0.488 0.099 2
0.442 0.16 2
0.492 0.149 2
0.464 0.077 2
0.494 0.159 2
0.446 0.161 2
0.448 0.134 2
0.527 0.098 2
0.511 0.062 2
0.514 0.161 2
0.487 0.153 2
0.524 0.115 2
0.464 0.118 2
0.491 0.079 2
0.515 0.086 2
0.526 0.155 2
0.465 0.111 2
0.468 0.103 2
0.462 0.146 2
0.529 0.117 2
0.441 0.066 2
0.445 0.144 2
0.529 0.122 2
0.446 0.117 2
0.488 0.16 2
0.454 0.138 2
0.504 0.064 2
0.535 0.067 2
0.492 0.161 2
0.47 0.099 2
0.469 0.123 2
0.477 0.107 2
0.462 0.087 2
0.459 0.128 2
0.523 0.082 2
0.529 0.133 2
0.506 0.103 2
0.441 0.084 2
0.478 0.07 2
0.51 0.119 2
0.529 0.157 2
0.461 0.142 2
0.473 0.109 2
0.512 0.102 2
0.476 0.105 2
0.507 0.087 2
0.467 0.068 2
0.514 0.06 2
0.5 0.115 2
0.555 0.102 2
0.525 0.08 2
0.506 0.103 2
0.522 0.068 2
0.514 0.067 2
0.564 0.08 2
0.502 0.116 2
0.505 0.106 2
0.563 0.109 2
0.544 0.051 2
0.514 0.1 2
0.521 0.096 2
0.483 0.099 2
0.538 0.037 2
0.475 0.047 2
0.477 0.084 2
0.474 0.092 2
0.474 0.08 2
0.47 0.115 2
0.512 0.04 2
0.536 0.067 2
0.493 0.106 2
0.555 0.083 2
0.473 0.075 2
0.558 0.043 2
0.508 0.024 2
0.51 0.068 2
0.49 0.107 2
0.568 0.05 2
0.5 0.028 2
0.549 0.085 2
0.487 0.05 2
0.525 0.032 2
0.493 0.115 2
0.493 0.1 2
0.5 0.053 2
0.523 0.031 2
0.523 0.035 2
0.555 0.082 2
0.54 0.017 2
0.512 0.022 2
0.5 0.031 2
0.511 0.07 2
0.527 0.036 2
0.535 0.019 2
0.516 0.03 2
0.543 0.079 2
0.499 0.04 2
0.499 0.085 2
0.512 0.053 2
0.483 0.099 2
0.522 0.107 2
0.47 0.037 2
0.496 0.032 2
0.532 0.116 2
0.539 0.094 2
0.505 0.1 2
0.557 0.089 2
0.47 0.106 2
0.532 0.033 2
0.503 0.018 2
0.516 0.041 2
0.471 0.045 2
0.55 0.036 2
0.56 0.018 2
0.563 0.101 2
0.477 0.066 2
0.471 0.054 2
0.544 0.111 2
0.524 0.046 2
0.549 0.075 2
0.554 0.083 2
0.501 0.066 2
0.567 0.092 2
0.524 0.062 2
0.515 0.068 2
0.508 0.095 2
0.547 0.079 2
0.518 0.031 2
0.555 0.096 2
0.508 0.055 2
0.549 0.073 2
0.565 0.105 2
0.525 0.058 2
0.513 0.031 2
0.524 0.094 2
0.566 0.072 2
0.527 0.111 2
0.488 0.111 2
0.566 0.048 2
0.479 0.092 2
0.57 0.077 2
0.534 0.053 2
0.526 0.029 2
0.545 0.045 2
0.553 0.086 2
0.522 0.038 2
0.536 0.108 2
0.626 0.13 2
0.563 0.184 2
0.613 0.153 2
0.576 0.184 2
0.619 0.181 2
0.551 0.12 2
0.629 0.142 2
0.579 0.153 2
0.632 0.176 2
0.565 0.166 2
0.611 0.119 2
0.596 0.165 2
0.613 0.173 2
0.587 0.103 2
0.611 0.177 2
0.569 0.175 2
0.593 0.148 2
0.62 0.185 2
0.605 0.105 2
0.587 0.162 2
0.584 0.148 2
0.568 0.116 2
0.606 0.163 2
0.621 0.18 2
0.55 0.173 2
0.551 0.17 2
0.561 0.097 2
0.586 0.135 2
0.615 0.107 2
0.565 0.14 2
0.576 0.115 2
0.559 0.103 2
0.57 0.091 2
0.571 0.13 2
0.566 0.098 2
0.539 0.102 2
0.558 0.139 2
0.548 0.11 2
0.569 0.151 2
0.62 0.09 2
0.581 0.104 2
0.549 0.18 2
0.599 0.166 2
0.614 0.173 2
0.602 0.148 2
0.617 0.179 2
0.592 0.09 2
0.622 0.181 2
0.59 0.126 2
0.563 0.124 2
0.567 0.172 2
0.637 0.182 2
0.596 0.175 2
0.555 0.151 2
0.607 0.093 2
0.552 0.13 2
0.63 0.141 2
0.582 0.109 2
0.606 0.13 2
0.576 0.119 2
0.632 0.177 2
0.601 0.179 2
0.566 0.188 2
0.627 0.125 2
0.542 0.171 2
0.629 0.105 2
0.583 0.133 2
0.56 0.188 2
0.552 0.103 2
0.628 0.091 2
0.566 0.153 2
0.562 0.164 2
0.63 0.125 2
0.559 0.135 2
0.539 0.113 2
0.628 0.163 2
0.58 0.105 2
0.566 0.105 2
0.629 0.115 2
0.615 0.152 2
0.596 0.123 2
0.595 0.112 2
0.547 0.19 2
0.599 0.095 2
0.626 0.106 2
0.555 0.098 2
0.55 0.137 2
0.625 0.109 2
0.607 0.134 2
0.582 0.156 2
0.575 0.176 2
0.574 0.106 2
0.635 0.151 2
0.607 0.139 2
0.583 0.184 2
0.542 0.092 2
0.633 0.108 2
0.576 0.101 2
0.571 0.17 2
0.557 0.159 2
0.575 0.149 2
0.567 0.156 2
0.527 0.151 2
0.563 0.233 2
0.583 0.142 2
0.574 0.17 2
0.562 0.154 2
0.531 0.153 2
0.579 0.172 2
0.597 0.172 2
0.549 0.149 2
0.587 0.174 2
0.546 0.204 2
0.594 0.151 2
0.527 0.139 2
0.566 0.192 2
0.575 0.147 2
0.528 0.145 2
0.527 0.221 2
0.588 0.188 2
0.572 0.163 2
0.576 0.203 2
0.6 0.213 2
0.608 0.226 2
0.55 0.165 2
0.589 0.155 2
0.564 0.208 2
0.527 0.204 2
0.582 0.196 2
0.623 0.153 2
0.575 0.177 2
0.611 0.143 2
0.529 0.173 2
0.568 0.18 2
0.607 0.189 2
0.542 0.212 2
0.538 0.224 2
0.557 0.179 2
0.56 0.222 2
0.615 0.158 2
0.555 0.232 2
0.529 0.18 2
0.552 0.153 2
0.58 0.219 2
0.608 0.194 2
0.606 0.193 2
0.604 0.196 2
0.55 0.224 2
0.587 0.217 2
0.533 0.168 2
0.588 0.138 2
0.591 0.157 2
0.565 0.225 2
0.548 0.149 2
0.559 0.169 2
0.524 0.154 2
0.584 0.222 2
0.598 0.142 2
0.569 0.233 2
0.537 0.211 2
0.585 0.156 2
0.574 0.189 2
0.556 0.204 2
0.587 0.187 2
0.523 0.185 2
0.546 0.161 2
0.619 0.179 2
0.605 0.215 2
0.608 0.21 2
0.535 0.176 2
0.565 0.22 2
0.544 0.213 2
0.613 0.228 2
0.612 0.203 2
0.523 0.147 2
0.534 0.201 2
0.535 0.17 2
0.524 0.156 2
0.603 0.219 2
0.545 0.152 2
0.554 0.209 2
0.577 0.169 2
0.542 0.146 2
0.533 0.224 2
0.58 0.164 2
0.605 0.193 2
0.53 0.226 2
0.598 0.155 2
0.557 0.231 2
0.603 0.229 2
0.548 0.156 2
0.601 0.191 2
0.608 0.156 2
0.577 0.148 2
0.55 0.146 2
0.555 0.157 2
0.534 0.154 2
0.558 0.152 2
0.567 0.164 2
0.527 0.163 2
0.415 0.308 2
0.454 0.365 2
0.408 0.382 2
0.398 0.347 2
0.393 0.374 2
0.391 0.349 2
0.371 0.3 2
0.412 0.357 2
0.456 0.369 2
0.463 0.372 2
0.441 0.348 2
0.461 0.359 2
0.431 0.349 2
0.449 0.304 2
0.442 0.344 2
0.444 0.329 2
0.432 0.346 2
0.386 0.36 2
0.425 0.398 2
0.431 0.351 2
0.466 0.339 2
0.451 0.372 2
0.415 0.397 2
0.437 0.393 2
0.445 0.382 2
0.43 0.391 2
0.42 0.361 2
0.426 0.353 2
0.406 0.357 2
0.419 0.366 2
0.369 0.362 2
0.43 0.393 2
0.376 0.379 2
0.415 0.31 2
0.377 0.301 2
0.443 0.383 2
0.381 0.349 2
0.42 0.354 2
0.391 0.336 2
0.406 0.359 2
0.434 0.351 2
0.435 0.334 2
0.417 0.385 2
0.436 0.395 2
0.414 0.397 2
0.408 0.363 2
0.45 0.351 2
0.423 0.39 2
0.377 0.392 2
0.424 0.313 2
0.414 0.363 2
0.42 0.355 2
0.404 0.369 2
0.443 0.338 2
0.446 0.393 2
0.366 0.39 2
0.461 0.37 2
0.369 0.352 2
0.416 0.357 2
0.378 0.331 2
0.424 0.303 2
0.381 0.367 2
0.383 0.302 2
0.453 0.323 2
0.441 0.314 2
0.392 0.368 2
0.419 0.312 2
0.377 0.37 2
0.383 0.345 2
0.408 0.339 2
0.442 0.389 2
0.406 0.344 2
0.39 0.372 2
0.407 0.329 2
0.404 0.307 2
0.433 0.384 2
0.441 0.379 2
0.393 0.317 2
0.39 0.358 2
0.449 0.298 2
0.38 0.303 2
0.383 0.396 2
0.369 0.371 2
0.397 0.314 2
0.394 0.325 2
0.429 0.361 2
0.385 0.315 2
0.453 0.311 2
0.44 0.368 2
0.458 0.372 2
0.401 0.353 2
0.417 0.38 2
0.432 0.37 2
0.43 0.312 2
0.374 0.34 2
0.437 0.303 2
0.39 0.361 2
0.43 0.355 2
0.379 0.383 2
0.43 0.389 2
0.366 0.4 2
0.391 0.385 2
0.352 0.43 2
0.369 0.409 2
0.373 0.338 2
0.408 0.363 2
0.397 0.404 2
0.405 0.411 2
0.329 0.339 2
0.38 0.411 2
0.397 0.363 2
0.392 0.356 2
0.331 0.401 2
0.41 0.38 2
0.365 0.388 2
0.38 0.349 2
0.395 0.396 2
0.345 0.413 2
0.398 0.358 2
0.377 0.372 2
0.369 0.371 2
0.386 0.366 2
0.339 0.383 2
0.372 0.365 2
0.376 0.361 2
0.338 0.403 2
0.362 0.361 2
0.366 0.412 2
0.402 0.34 2
0.327 0.353 2
0.411 0.345 2
0.397 0.375 2
0.392 0.332 2
0.336 0.385 2
0.344 0.389 2
0.372 0.428 2
0.346 0.381 2
0.404 0.401 2
0.342 0.384 2
0.334 0.424 2
0.403 0.375 2
0.39 0.353 2
0.334 0.421 2
0.347 0.372 2
0.379 0.336 2
0.389 0.37 2
0.355 0.396 2
0.363 0.411 2
0.343 0.38 2
0.379 0.39 2
0.33 0.424 2
0.344 0.37 2
0.397 0.356 2
0.349 0.409 2
0.363 0.394 2
0.331 0.385 2
0.335 0.377 2
0.326 0.379 2
0.409 0.386 2
0.355 0.335 2
0.403 0.364 2
0.418 0.341 2
0.353 0.366 2
0.401 0.426 2
0.403 0.391 2
0.381 0.337 2
0.378 0.375 2
0.368 0.389 2
0.403 0.427 2
0.415 0.363 2
0.372 0.416 2
0.337 0.418 2
0.41 0.381 2
0.335 0.383 2
0.365 0.347 2
0.36 0.403 2
0.419 0.397 2
0.333 0.365 2
0.346 0.406 2
0.352 0.346 2
0.38 0.35 2
0.33 0.393 2
0.341 0.428 2
0.325 0.337 2
0.331 0.35 2
0.347 0.391 2
0.412 0.362 2
0.346 0.369 2
0.337 0.371 2
0.413 0.35 2
0.331 0.366 2
0.355 0.336 2
0.334 0.374 2
0.362 0.409 2
0.404 0.412 2
0.331 0.402 2
0.402 0.377 2
0.321 0.352 2
0.381 0.336 2
0.377 0.409 2
0.386 0.377 2
0.398 0.37 2
0.382 0.352 2
0.385 0.367 2
0.308 0.297 2
0.366 0.33 2
0.369 0.305 2
0.343 0.335 2
0.326 0.372 2
0.385 0.375 2
0.353 0.346 2
0.318 0.301 2
0.343 0.392 2
0.306 0.327 2
0.336 0.294 2
0.404 0.344 2
0.312 0.334 2
0.373 0.337 2
0.392 0.375 2
0.398 0.36 2
0.304 0.296 2
0.315 0.344 2
0.341 0.373 2
0.307 0.351 2
0.393 0.328 2
0.358 0.297 2
0.363 0.294 2
0.34 0.325 2
0.366 0.331 2
0.332 0.341 2
0.313 0.342 2
0.36 0.342 2
0.397 0.392 2
0.395 0.292 2
0.371 0.37 2
0.372 0.34 2
0.36 0.316 2
0.326 0.305 2
0.387 0.293 2
0.362 0.39 2
0.389 0.337 2
0.393 0.341 2
0.312 0.326 2
0.319 0.356 2
0.33 0.392 2
0.369 0.308 2
0.345 0.318 2
0.382 0.362 2
0.395 0.37 2
0.337 0.356 2
0.395 0.303 2
0.373 0.347 2
0.363 0.3 2
0.352 0.367 2
0.398 0.32 2
0.327 0.308 2
0.396 0.363 2
0.315 0.329 2
0.355 0.339 2
0.333 0.293 2
0.354 0.321 2
0.363 0.315 2
0.323 0.383 2
0.404 0.307 2
0.353 0.379 2
0.332 0.377 2
0.383 0.309 2
0.319 0.341 2
0.326 0.296 2
0.312 0.305 2
0.309 0.307 2
0.335 0.347 2
0.337 0.337 2
0.378 0.383 2
0.344 0.362 2
0.347 0.304 2
0.338 0.347 2
0.372 0.39 2
0.33 0.386 2
0.344 0.31 2
0.344 0.369 2
0.382 0.364 2
0.349 0.337 2
0.371 0.337 2
0.324 0.34 2
0.324 0.369 2
0.372 0.367 2
0.355 0.389 2
0.319 0.361 2
0.402 0.331 2
0.391 0.303 2
0.346 0.302 2
0.368 0.373 2
0.386 0.383 2
0.381 0.355 2
0.353 0.337 2
0.387 0.341 2
0.317 0.305 2
0.32 0.324 2
0.346 0.322 2
0.494 0.266 2
0.475 0.238 2
0.433 0.266 2
0.42 0.332 2
0.487 0.264 2
0.443 0.252 2
0.456 0.327 2
0.439 0.315 2
0.438 0.309 2
0.495 0.294 2
0.49 0.311 2
0.478 0.258 2
0.492 0.331 2
0.404 0.306 2
0.451 0.299 2
0.423 0.303 2
0.48 0.253 2
0.418 0.299 2
0.477 0.233 2
0.433 0.261 2
0.461 0.246 2
0.404 0.282 2
0.406 0.243 2
0.478 0.25 2
0.477 0.272 2
0.422 0.331 2
0.445 0.323 2
0.447 0.328 2
0.44 0.276 2
0.49 0.321 2
0.444 0.298 2
0.405 0.254 2
0.42 0.287 2
0.4 0.25 2
0.412 0.232 2
0.405 0.29 2
0.494 0.239 2
0.46 0.28 2
0.47 0.279 2
0.444 0.322 2
0.456 0.267 2
0.464 0.266 2
0.42 0.237 2
0.494 0.247 2
0.492 0.297 2
0.434 0.33 2
0.456 0.273 2
0.443 0.233 2
0.427 0.237 2
0.493 0.265 2
0.402 0.251 2
0.462 0.301 2
0.416 0.264 2
0.402 0.233 2
0.447 0.322 2
0.414 0.267 2
0.42 0.292 2
0.457 0.327 2
0.478 0.315 2
0.428 0.292 2
0.479 0.286 2
0.483 0.293 2
0.447 0.286 2
0.489 0.297 2
0.472 0.261 2
0.45 0.263 2
0.444 0.317 2
0.475 0.328 2
0.475 0.263 2
0.484 0.262 2
0.412 0.27 2
0.399 0.259 2
0.439 0.249 2
0.472 0.313 2
0.415 0.242 2
0.424 0.254 2
0.478 0.331 2
0.489 0.261 2
0.456 0.243 2
0.443 0.326 2
0.407 0.311 2
0.427 0.316 2
0.427 0.248 2
0.49 0.323 2
0.461 0.293 2
0.438 0.3 2
0.398 0.331 2
0.473 0.306 2
0.408 0.243 2
0.458 0.272 2
0.451 0.314 2
0.469 0.302 2
0.441 0.325 2
0.494 0.28 2
0.404 0.234 2
0.398 0.269 2
0.479 0.268 2
0.475 0.288 2
0.452 0.268 2
0.484 0.286 2
0.516 0.26 2
0.472 0.346 2
0.567 0.288 2
0.536 0.314 2
0.474 0.285 2
0.555 0.304 2
0.496 0.311 2
0.564 0.283 2
0.523 0.28 2
0.517 0.306 2
0.469 0.325 2
0.54 0.281 2
0.535 0.341 2
0.54 0.301 2
0.567 0.274 2
0.486 0.271 2
0.546 0.289 2
0.468 0.315 2
0.516 0.289 2
0.512 0.31 2
0.477 0.303 2
0.558 0.304 2
0.544 0.274 2
0.54 0.264 2
0.527 0.302 2
0.514 0.292 2
0.511 0.284 2
0.543 0.349 2
0.516 0.308 2
0.481 0.259 2
0.487 0.278 2
0.485 0.306 2
0.51 0.33 2
0.543 0.347 2
0.474 0.274 2
0.521 0.255 2
0.514 0.269 2
0.526 0.315 2
0.562 0.321 2
0.538 0.316 2
0.49 0.309 2
0.551 0.28 2
0.491 0.252 2
0.521 0.351 2
0.562 0.345 2
0.56 0.308 2
0.502 0.333 2
0.548 0.332 2
0.566 0.298 2
0.544 0.291 2
0.534 0.271 2
0.514 0.286 2
0.545 0.265 2
0.514 0.331 2
0.553 0.304 2
0.508 0.339 2
0.528 0.352 2
0.516 0.262 2
0.562 0.271 2
0.541 0.284 2
0.501 0.283 2
0.544 0.352 2
0.486 0.329 2
0.518 0.294 2
0.467 0.29 2
0.516 0.265 2
0.563 0.347 2
0.546 0.315 2
0.49 0.316 2
0.492 0.318 2
0.566 0.343 2
0.482 0.318 2
0.564 0.279 2
0.539 0.341 2
0.495 0.272 2
0.47 0.336 2
0.538 0.328 2
0.484 0.337 2
0.533 0.304 2
0.491 0.283 2
0.52 0.299 2
0.543 0.257 2
0.482 0.302 2
0.559 0.301 2
0.493 0.269 2
0.495 0.316 2
0.521 0.258 2
0.532 0.297 2
0.541 0.318 2
0.521 0.283 2
0.548 0.282 2
0.485 0.311 2
0.472 0.263 2
0.515 0.314 2
0.559 0.258 2
0.521 0.287 2
0.565 0.316 2
0.548 0.286 2
0.48 0.341 2
0.479 0.343 2
0.523 0.313 2
0.515 0.265 2
0.463 0.299 2
0.491 0.233 2
0.468 0.226 2
0.537 0.25 2
0.537 0.284 2
0.506 0.278 2
0.468 0.227 2
0.495 0.296 2
0.485 0.256 2
0.532 0.314 2
0.5 0.302 2
0.483 0.225 2
0.509 0.304 2
0.509 0.29 2
0.457 0.245 2
0.513 0.273 2
0.453 0.295 2
0.458 0.29 2
0.496 0.238 2
0.489 0.219 2
0.513 0.272 2
0.502 0.311 2
0.471 0.271 2
0.45 0.224 2
0.507 0.261 2
0.539 0.224 2
0.47 0.223 2
0.491 0.292 2
0.53 0.26 2
0.47 0.248 2
0.504 0.232 2
0.487 0.264 2
0.449 0.29 2
0.494 0.315 2
0.464 0.223 2
0.469 0.315 2
0.503 0.272 2
0.511 0.307 2
0.461 0.238 2
0.469 0.293 2
0.466 0.246 2
0.507 0.226 2
0.49 0.308 2
0.527 0.228 2
0.544 0.246 2
0.48 0.216 2
0.492 0.245 2
0.466 0.229 2
0.529 0.293 2
0.52 0.252 2
0.518 0.308 2
0.458 0.306 2
0.479 0.296 2
0.488 0.284 2
0.461 0.272 2
0.456 0.253 2
0.466 0.284 2
0.484 0.293 2
0.469 0.315 2
0.48 0.262 2
0.536 0.266 2
0.474 0.28 2
0.458 0.241 2
0.505 0.24 2
0.524 0.292 2
0.516 0.231 2
0.516 0.302 2
0.523 0.272 2
0.536 0.282 2
0.494 0.312 2
0.546 0.269 2
0.503 0.245 2
0.484 0.223 2
0.538 0.25 2
0.501 0.236 2
0.474 0.256 2
0.508 0.289 2
0.475 0.31 2
0.492 0.285 2
0.485 0.282 2
0.464 0.232 2
0.515 0.227 2
0.505 0.293 2
0.489 0.26 2
0.499 0.316 2
0.508 0.299 2
0.451 0.236 2
0.522 0.24 2
0.454 0.282 2
0.525 0.302 2
0.513 0.292 2
0.509 0.298 2
0.462 0.262 2
0.519 0.261 2
0.456 0.3 2
0.498 0.239 2
0.507 0.3 2
0.473 0.313 2
