0.395 0.662 0
0.384 0.652 0
0.367 0.694 0
0.342 0.654 0
0.404 0.689 0
0.342 0.652 0
0.369 0.679 0
0.371 0.72 0
0.335 0.659 0
0.372 0.705 0
0.387 0.667 0
0.353 0.677 0
0.395 0.646 0
0.377 0.656 0
0.365 0.656 0
0.38 0.714 0
0.396 0.631 0
0.318 0.694 0
0.358 0.629 0
0.361 0.638 0
0.315 0.645 0
0.401 0.669 0
0.329 0.685 0
0.399 0.634 0
0.342 0.702 0
0.408 0.718 0
0.375 0.635 0
0.409 0.629 0
0.359 0.677 0
0.358 0.693 0
0.321 0.629 0
0.408 0.698 0
0.373 0.64 0
0.381 0.641 0
0.369 0.721 0
0.313 0.643 0
0.387 0.702 0
0.321 0.654 0
0.4 0.682 0
0.346 0.65 0
0.33 0.688 0
0.364 0.702 0
0.347 0.692 0
0.311 0.665 0
0.34 0.694 0
0.331 0.629 0
0.364 0.677 0
0.335 0.674 0
0.331 0.666 0
0.386 0.641 0
0.322 0.705 0
0.347 0.7 0
0.409 0.649 0
0.343 0.633 0
0.376 0.64 0
0.333 0.672 0
0.324 0.699 0
0.371 0.69 0
0.359 0.631 0
0.374 0.681 0
0.403 0.666 0
0.374 0.643 0
0.41 0.717 0
0.362 0.716 0
0.347 0.707 0
0.394 0.687 0
0.396 0.716 0
0.383 0.725 0
0.404 0.635 0
0.391 0.681 0
0.322 0.65 0
0.323 0.658 0
0.37 0.689 0
0.377 0.637 0
0.343 0.648 0
0.394 0.64 0
0.405 0.72 0
0.377 0.69 0
0.341 0.658 0
0.407 0.648 0
0.357 0.645 0
0.321 0.686 0
0.35 0.71 0
0.403 0.647 0
0.338 0.632 0
0.371 0.627 0
0.362 0.652 0
0.41 0.683 0
0.326 0.725 0
0.386 0.717 0
0.315 0.693 0
0.376 0.685 0
0.387 0.638 0
0.337 0.691 0
0.397 0.698 0
0.374 0.64 0
0.312 0.694 0
0.387 0.663 0
0.362 0.647 0
0.379 0.689 0
0.37 0.689 0
0.413 0.72 0
0.344 0.645 0
0.405 0.63 0
0.376 0.708 0
0.41 0.721 0
0.335 0.674 0
0.361 0.636 0
0.394 0.683 0
0.334 0.723 0
0.376 0.701 0
0.412 0.69 0
0.421 0.719 0
0.381 0.688 0
0.374 0.67 0
0.365 0.683 0
0.335 0.645 0
0.413 0.682 0
0.342 0.685 0
0.434 0.684 0
0.401 0.634 0
0.375 0.671 0
0.34 0.641 0
0.408 0.69 0
0.41 0.664 0
0.377 0.65 0
0.355 0.674 0
0.432 0.714 0
0.427 0.711 0
0.419 0.684 0
0.357 0.687 0
0.352 0.657 0
0.376 0.665 0
0.35 0.698 0
0.387 0.678 0
0.389 0.699 0
0.357 0.644 0
0.434 0.694 0
0.43 0.665 0
0.384 0.678 0
0.353 0.718 0
0.4 0.661 0
0.366 0.723 0
0.42 0.682 0
0.374 0.631 0
0.362 0.65 0
0.418 0.695 0
0.422 0.657 0
0.38 0.719 0
0.352 0.676 0
0.356 0.65 0
0.344 0.707 0
0.368 0.675 0
0.337 0.673 0
0.397 0.66 0
0.408 0.697 0
0.392 0.712 0
0.4 0.725 0
0.374 0.696 0
0.424 0.683 0
0.363 0.637 0
0.419 0.707 0
0.374 0.721 0
0.386 0.722 0
0.381 0.712 0
0.394 0.648 0
0.343 0.666 0
0.419 0.686 0
0.406 0.637 0
0.387 0.679 0
0.376 0.688 0
0.366 0.667 0
0.335 0.668 0
0.427 0.702 0
0.379 0.702 0
0.365 0.704 0
0.361 0.642 0
0.364 0.668 0
0.431 0.7 0
0.369 0.726 0
0.395 0.706 0
0.419 0.7 0
0.384 0.648 0
0.405 0.68 0
0.43 0.686 0
0.369 0.679 0
0.396 0.71 0
0.344 0.647 0
0.357 0.647 0
0.34 0.645 0
0.405 0.726 0
0.341 0.677 0
0.416 0.637 0
0.349 0.669 0
0.434 0.705 0
0.409 0.71 0
0.372 0.722 0
0.375 0.644 0
0.371 0.636 0
0.366 0.689 0
0.475 0.676 0
0.485 0.714 0
0.477 0.702 0
0.492 0.649 0
0.508 0.717 0
0.468 0.646 0
0.443 0.644 0
0.422 0.707 0
0.456 0.698 0
0.504 0.643 0
0.428 0.719 0
0.436 0.722 0
0.442 0.706 0
0.468 0.723 0
0.442 0.691 0
0.495 0.715 0
0.495 0.685 0
0.44 0.653 0
0.511 0.692 0
0.434 0.634 0
0.466 0.717 0
0.414 0.714 0
0.5 0.683 0
0.488 0.669 0
0.461 0.718 0
0.501 0.645 0
0.481 0.663 0
0.443 0.641 0
0.418 0.691 0
0.474 0.718 0
0.447 0.662 0
0.485 0.692 0
0.475 0.715 0
0.478 0.679 0
0.506 0.665 0
0.449 0.636 0
0.456 0.64 0
0.437 0.664 0
0.411 0.692 0
0.457 0.71 0
0.441 0.653 0
0.417 0.661 0
0.468 0.665 0
0.415 0.709 0
0.502 0.727 0
0.498 0.721 0
0.412 0.704 0
0.464 0.633 0
0.42 0.655 0
0.451 0.632 0
0.427 0.653 0
0.453 0.639 0
0.467 0.704 0
0.422 0.724 0
0.452 0.695 0
0.505 0.68 0
0.506 0.732 0
0.431 0.712 0
0.471 0.732 0
0.503 0.731 0
0.466 0.718 0
0.486 0.643 0
0.454 0.685 0
0.441 0.702 0
0.453 0.708 0
0.503 0.652 0
0.487 0.639 0
0.427 0.633 0
0.444 0.645 0
0.498 0.731 0
0.434 0.685 0
0.509 0.67 0
0.489 0.66 0
0.511 0.722 0
0.411 0.645 0
0.511 0.711 0
0.479 0.651 0
0.434 0.722 0
0.427 0.664 0
0.503 0.722 0
0.42 0.689 0
0.434 0.634 0
0.472 0.653 0
0.462 0.647 0
0.489 0.677 0
0.436 0.673 0
0.484 0.65 0
0.491 0.677 0
0.412 0.659 0
0.502 0.667 0
0.411 0.695 0
0.464 0.709 0
0.48 0.684 0
0.437 0.692 0
0.432 0.693 0
0.453 0.663 0
0.493 0.677 0
0.502 0.639 0
0.467 0.661 0
0.474 0.694 0
0.505 0.713 0
0.516 0.67 0
0.509 0.681 0
0.545 0.702 0
0.49 0.687 0
0.469 0.634 0
0.52 0.632 0
0.488 0.719 0
0.54 0.666 0
0.541 0.629 0
0.48 0.663 0
0.519 0.662 0
0.557 0.702 0
0.547 0.711 0
0.516 0.634 0
0.502 0.667 0
0.509 0.653 0
0.473 0.702 0
0.552 0.661 0
0.507 0.683 0
0.471 0.72 0
0.472 0.728 0
0.491 0.71 0
0.48 0.651 0
0.495 0.675 0
0.557 0.684 0
0.479 0.674 0
0.502 0.679 0
0.521 0.646 0
0.556 0.689 0
0.479 0.632 0
0.524 0.679 0
0.478 0.702 0
0.526 0.676 0
0.529 0.673 0
0.466 0.693 0
0.536 0.714 0
0.473 0.676 0
0.464 0.701 0
0.466 0.67 0
0.537 0.637 0
0.546 0.669 0
0.494 0.705 0
0.486 0.694 0
0.542 0.724 0
0.531 0.706 0
0.541 0.697 0
0.521 0.699 0
0.521 0.712 0
0.546 0.673 0
0.481 0.641 0
0.523 0.65 0
0.474 0.701 0
0.472 0.663 0
0.508 0.682 0
0.533 0.697 0
0.504 0.657 0
0.467 0.718 0
0.463 0.707 0
0.525 0.652 0
0.554 0.642 0
0.488 0.658 0
0.469 0.687 0
0.548 0.63 0
0.554 0.66 0
0.511 0.708 0
0.55 0.638 0
0.551 0.716 0
0.523 0.64 0
0.54 0.631 0
0.488 0.709 0
0.505 0.644 0
0.53 0.693 0
0.551 0.679 0
0.484 0.713 0
0.551 0.697 0
0.492 0.698 0
0.48 0.672 0
0.518 0.704 0
0.512 0.667 0
0.472 0.719 0
0.563 0.728 0
0.533 0.695 0
0.494 0.716 0
0.516 0.652 0
0.473 0.693 0
0.52 0.721 0
0.503 0.651 0
0.562 0.656 0
0.49 0.63 0
0.491 0.712 0
0.538 0.633 0
0.519 0.711 0
0.526 0.674 0
0.468 0.716 0
0.471 0.642 0
0.467 0.704 0
0.475 0.648 0
0.559 0.641 0
0.464 0.719 0
0.534 0.648 0
0.549 0.649 0
0.582 0.642 0
0.552 0.605 0
0.511 0.66 0
0.558 0.643 0
0.588 0.696 0
0.553 0.697 0
0.537 0.652 0
0.554 0.648 0
0.539 0.68 0
0.553 0.652 0
0.535 0.617 0
0.516 0.675 0
0.564 0.651 0
0.564 0.602 0
0.553 0.613 0
0.584 0.604 0
0.519 0.603 0
0.57 0.633 0
0.519 0.649 0
0.536 0.628 0
0.534 0.692 0
0.57 0.697 0
0.559 0.655 0
0.601 0.683 0
0.579 0.678 0
0.601 0.672 0
0.511 0.665 0
0.559 0.669 0
0.548 0.635 0
0.583 0.619 0
0.509 0.665 0
0.567 0.665 0
0.517 0.653 0
0.551 0.646 0
0.553 0.611 0
0.601 0.632 0
0.547 0.665 0
0.562 0.674 0
0.505 0.632 0
0.592 0.601 0
0.528 0.621 0
0.514 0.608 0
0.535 0.611 0
0.577 0.66 0
0.54 0.641 0
0.599 0.682 0
0.523 0.647 0
0.578 0.677 0
0.592 0.65 0
0.539 0.695 0
0.526 0.642 0
0.595 0.634 0
0.567 0.692 0
0.513 0.657 0
0.565 0.656 0
0.574 0.613 0
0.514 0.627 0
0.522 0.681 0
0.541 0.699 0
0.574 0.649 0
0.535 0.643 0
0.534 0.7 0
0.55 0.607 0
0.502 0.616 0
0.553 0.659 0
0.563 0.691 0
0.535 0.656 0
0.515 0.608 0
0.554 0.617 0
0.554 0.687 0
0.518 0.646 0
0.558 0.635 0
0.534 0.689 0
0.574 0.696 0
0.599 0.624 0
0.553 0.616 0
0.579 0.616 0
0.575 0.623 0
0.584 0.644 0
0.517 0.686 0
0.592 0.665 0
0.57 0.681 0
0.507 0.693 0
0.561 0.641 0
0.581 0.682 0
0.552 0.608 0
0.534 0.686 0
0.593 0.658 0
0.513 0.612 0
0.55 0.669 0
0.539 0.616 0
0.508 0.641 0
0.503 0.686 0
0.536 0.621 0
0.509 0.65 0
0.57 0.651 0
0.527 0.644 0
0.536 0.639 0
0.53 0.567 0
0.544 0.548 0
0.559 0.585 0
0.525 0.628 0
0.604 0.595 0
0.564 0.547 0
0.56 0.627 0
0.55 0.579 0
0.594 0.606 0
0.554 0.606 0
0.541 0.609 0
0.531 0.535 0
0.551 0.589 0
0.564 0.548 0
0.575 0.599 0
0.606 0.549 0
0.611 0.606 0
0.6 0.548 0
0.539 0.534 0
0.618 0.609 0
0.567 0.561 0
0.591 0.585 0
0.602 0.617 0
0.615 0.593 0
0.525 0.618 0
0.605 0.54 0
0.553 0.584 0
0.617 0.611 0
0.574 0.535 0
0.6 0.547 0
0.598 0.57 0
0.53 0.546 0
0.541 0.613 0
0.581 0.623 0
0.585 0.6 0
0.596 0.617 0
0.612 0.632 0
0.598 0.634 0
0.548 0.545 0
0.57 0.59 0
0.545 0.623 0
0.533 0.549 0
0.594 0.564 0
0.55 0.621 0
0.537 0.545 0
0.528 0.584 0
0.618 0.578 0
0.577 0.565 0
0.568 0.616 0
0.564 0.571 0
0.583 0.571 0
0.604 0.551 0
0.588 0.628 0
0.603 0.565 0
0.52 0.626 0
0.544 0.558 0
0.597 0.62 0
0.522 0.627 0
0.61 0.598 0
0.613 0.622 0
0.532 0.616 0
0.606 0.627 0
0.54 0.626 0
0.599 0.619 0
0.52 0.554 0
0.616 0.578 0
0.58 0.549 0
0.612 0.565 0
0.542 0.556 0
0.605 0.583 0
0.573 0.629 0
0.578 0.618 0
0.607 0.615 0
0.531 0.571 0
0.55 0.571 0
0.598 0.538 0
0.606 0.553 0
0.523 0.578 0
0.612 0.567 0
0.563 0.61 0
0.594 0.587 0
0.576 0.535 0
0.53 0.554 0
0.548 0.571 0
0.609 0.609 0
0.584 0.55 0
0.609 0.569 0
0.519 0.556 0
0.601 0.536 0
0.611 0.629 0
0.541 0.548 0
0.586 0.538 0
0.544 0.565 0
0.597 0.595 0
0.61 0.605 0
0.567 0.558 0
0.527 0.567 0
0.567 0.569 0
0.6 0.615 0
0.543 0.603 0
0.493 0.535 0
0.583 0.526 0
0.5 0.557 0
0.526 0.56 0
0.545 0.587 0
0.542 0.528 0
0.539 0.588 0
0.534 0.558 0
0.582 0.503 0
0.506 0.496 0
0.531 0.568 0
0.522 0.533 0
0.516 0.581 0
0.532 0.55 0
0.493 0.583 0
0.52 0.565 0
0.505 0.509 0
0.514 0.579 0
0.579 0.534 0
0.495 0.541 0
0.538 0.498 0
0.495 0.521 0
0.575 0.567 0
0.511 0.516 0
0.55 0.514 0
0.536 0.585 0
0.519 0.505 0
0.493 0.572 0
0.551 0.575 0
0.579 0.549 0
0.508 0.506 0
0.549 0.503 0
0.521 0.56 0
0.489 0.533 0
0.577 0.549 0
0.588 0.564 0
0.537 0.589 0
0.536 0.528 0
0.549 0.505 0
0.546 0.553 0
0.494 0.51 0
0.505 0.563 0
0.56 0.54 0
0.57 0.494 0
0.543 0.575 0
0.56 0.584 0
0.575 0.543 0
0.525 0.589 0
0.549 0.573 0
0.524 0.581 0
0.535 0.529 0
0.532 0.521 0
0.548 0.518 0
0.569 0.559 0
0.546 0.5 0
0.52 0.515 0
0.558 0.531 0
0.511 0.512 0
0.544 0.501 0
0.521 0.552 0
0.553 0.498 0
0.542 0.56 0
0.582 0.493 0
0.543 0.537 0
0.522 0.547 0
0.509 0.541 0
0.556 0.58 0
0.567 0.571 0
0.588 0.496 0
0.578 0.523 0
0.53 0.547 0
0.557 0.555 0
0.53 0.571 0
0.53 0.522 0
0.489 0.495 0
0.518 0.5 0
0.548 0.506 0
0.557 0.578 0
0.546 0.534 0
0.53 0.574 0
0.581 0.58 0
0.522 0.553 0
0.525 0.577 0
0.521 0.502 0
0.543 0.53 0
0.581 0.527 0
0.578 0.555 0
0.503 0.567 0
0.511 0.495 0
0.567 0.588 0
0.511 0.582 0
0.566 0.539 0
0.561 0.543 0
0.502 0.586 0
0.588 0.517 0
0.545 0.529 0
0.573 0.551 0
0.545 0.568 0
0.504 0.505 0
0.579 0.534 0
0.392 0.546 0
0.417 0.536 0
0.405 0.578 0
0.425 0.598 0
0.364 0.611 0
0.361 0.543 0
0.365 0.565 0
0.391 0.533 0
0.41 0.591 0
0.391 0.599 0
0.401 0.597 0
0.424 0.604 0
0.425 0.602 0
0.361 0.626 0
0.36 0.616 0
0.431 0.557 0
0.385 0.543 0
0.418 0.601 0
0.41 0.626 0
0.445 0.547 0
0.412 0.618 0
0.413 0.551 0
0.438 0.528 0
0.397 0.574 0
0.448 0.614 0
0.36 0.587 0
0.441 0.617 0
0.441 0.581 0
0.457 0.554 0
0.434 0.578 0
0.387 0.533 0
0.399 0.57 0
0.423 0.62 0
0.418 0.605 0
0.372 0.598 0
0.443 0.564 0
0.407 0.619 0
0.363 0.613 0
0.398 0.553 0
0.379 0.604 0
0.455 0.548 0
0.369 0.554 0
0.428 0.545 0
0.414 0.619 0
0.435 0.624 0
0.398 0.538 0
0.448 0.549 0
0.385 0.537 0
0.439 0.553 0
0.437 0.573 0
0.453 0.587 0
0.439 0.609 0
0.39 0.592 0
0.443 0.546 0
0.449 0.599 0
0.43 0.598 0
0.417 0.618 0
0.377 0.596 0
0.367 0.541 0
0.396 0.612 0
0.433 0.534 0
0.429 0.59 0
0.39 0.553 0
0.42 0.563 0
0.383 0.572 0
0.45 0.609 0
0.377 0.592 0
0.366 0.565 0
0.392 0.528 0
0.441 0.612 0
0.454 0.54 0
0.441 0.616 0
0.397 0.604 0
0.375 0.57 0
0.452 0.589 0
0.372 0.549 0
0.378 0.551 0
0.427 0.562 0
0.42 0.617 0
0.423 0.61 0
0.373 0.558 0
0.419 0.6 0
0.366 0.587 0
0.404 0.53 0
0.445 0.604 0
0.415 0.537 0
0.451 0.572 0
0.438 0.583 0
0.448 0.57 0
0.384 0.599 0
0.382 0.542 0
0.41 0.605 0
0.451 0.609 0
0.434 0.574 0
0.418 0.557 0
0.456 0.597 0
0.407 0.565 0
0.455 0.625 0
0.392 0.604 0
0.454 0.572 0
0.311 0.609 0
0.312 0.615 0
0.295 0.598 0
0.292 0.58 0
0.333 0.644 0
0.352 0.585 0
0.268 0.636 0
0.329 0.622 0
0.348 0.647 0
0.278 0.577 0
0.265 0.596 0
0.349 0.662 0
0.335 0.659 0
0.32 0.653 0
0.28 0.568 0
0.347 0.632 0
0.34 0.656 0
0.334 0.601 0
0.304 0.595 0
0.306 0.573 0
0.308 0.57 0
0.331 0.611 0
0.317 0.65 0
0.309 0.567 0
0.351 0.584 0
0.325 0.633 0
0.352 0.659 0
0.325 0.602 0
0.331 0.585 0
0.288 0.655 0
0.34 0.59 0
0.271 0.615 0
0.285 0.61 0
0.282 0.639 0
0.332 0.64 0
0.317 0.646 0
0.307 0.615 0
0.344 0.581 0
0.285 0.656 0
0.329 0.588 0
0.293 0.579 0
0.277 0.595 0
0.293 0.594 0
0.329 0.629 0
0.264 0.644 0
0.292 0.568 0
0.296 0.574 0
0.321 0.619 0
0.3 0.57 0
0.309 0.625 0
0.354 0.574 0
0.311 0.585 0
0.259 0.592 0
0.345 0.641 0
0.296 0.575 0
0.322 0.636 0
0.321 0.628 0
0.334 0.623 0
0.304 0.628 0
0.293 0.634 0
0.35 0.609 0
0.339 0.605 0
0.323 0.646 0
0.344 0.634 0
0.329 0.658 0
0.34 0.598 0
0.345 0.571 0
0.264 0.58 0
0.302 0.62 0
0.35 0.594 0
0.312 0.59 0
0.328 0.566 0
0.33 0.645 0
0.298 0.653 0
0.282 0.593 0
0.331 0.642 0
0.341 0.645 0
0.31 0.578 0
0.345 0.567 0
0.281 0.612 0
0.261 0.645 0
0.297 0.62 0
0.26 0.602 0
0.279 0.66 0
0.265 0.595 0
0.308 0.612 0
0.324 0.566 0
0.267 0.615 0
0.272 0.567 0
0.295 0.57 0
0.276 0.578 0
0.255 0.604 0
0.303 0.591 0
0.259 0.639 0
0.262 0.577 0
0.334 0.581 0
0.288 0.607 0
0.301 0.641 0
0.329 0.631 0
0.275 0.641 0
0.284 0.581 0
0.336 0.516 0
0.348 0.565 0
0.32 0.521 0
0.292 0.561 0
0.354 0.592 0
0.334 0.503 0
0.273 0.531 0
0.345 0.586 0
0.315 0.525 0
0.348 0.591 0
0.274 0.506 0
0.354 0.562 0
0.265 0.534 0
0.325 0.508 0
0.322 0.576 0
0.259 0.532 0
0.287 0.507 0
0.297 0.595 0
0.356 0.504 0
0.325 0.561 0
0.272 0.592 0
0.352 0.509 0
0.302 0.555 0
0.312 0.56 0
0.295 0.597 0
0.323 0.591 0
0.26 0.565 0
0.34 0.503 0
0.305 0.595 0
0.259 0.517 0
0.297 0.538 0
0.274 0.522 0
0.31 0.527 0
0.332 0.512 0
0.269 0.508 0
0.262 0.553 0
0.337 0.587 0
0.298 0.525 0
0.355 0.543 0
0.341 0.51 0
0.289 0.586 0
0.328 0.593 0
0.333 0.568 0
0.349 0.516 0
0.354 0.579 0
0.333 0.534 0
0.273 0.515 0
0.324 0.515 0
0.285 0.599 0
0.297 0.516 0
0.274 0.587 0
0.324 0.59 0
0.309 0.51 0
0.346 0.589 0
0.312 0.545 0
0.263 0.594 0
0.339 0.588 0
0.322 0.596 0
0.314 0.529 0
0.292 0.6 0
0.282 0.561 0
0.325 0.593 0
0.313 0.542 0
0.309 0.574 0
0.287 0.523 0
0.335 0.516 0
0.321 0.552 0
0.346 0.559 0
0.267 0.527 0
0.345 0.59 0
0.355 0.587 0
0.27 0.545 0
0.286 0.555 0
0.347 0.594 0
0.29 0.561 0
0.285 0.541 0
0.356 0.528 0
0.328 0.593 0
0.313 0.593 0
0.291 0.57 0
0.284 0.573 0
0.287 0.521 0
0.355 0.552 0
0.334 0.509 0
0.328 0.578 0
0.264 0.51 0
0.354 0.557 0
0.278 0.565 0
0.353 0.559 0
0.261 0.515 0
0.322 0.515 0
0.321 0.509 0
0.295 0.514 0
0.337 0.579 0
0.301 0.534 0
0.301 0.507 0
0.271 0.55 0
0.349 0.519 0
0.27 0.566 0
0.44 0.516 0
0.342 0.541 0
0.376 0.538 0
0.44 0.475 0
0.427 0.464 0
0.431 0.472 0
0.368 0.496 0
0.358 0.49 0
0.408 0.474 0
0.371 0.488 0
0.378 0.518 0
0.348 0.508 0
0.363 0.549 0
0.432 0.502 0
0.437 0.532 0
0.383 0.492 0
0.436 0.533 0
0.369 0.534 0
0.352 0.519 0
0.433 0.522 0
0.376 0.495 0
0.361 0.51 0
0.422 0.523 0
0.361 0.53 0
0.413 0.476 0
0.392 0.476 0
0.399 0.467 0
0.428 0.496 0
0.367 0.492 0
0.41 0.513 0
0.433 0.462 0
0.39 0.469 0
0.425 0.455 0
0.421 0.521 0
0.394 0.484 0
0.396 0.476 0
0.412 0.485 0
0.404 0.506 0
0.417 0.516 0
0.397 0.523 0
0.436 0.539 0
0.397 0.486 0
0.367 0.548 0
0.381 0.488 0
0.363 0.494 0
0.432 0.47 0
0.439 0.449 0
0.346 0.518 0
0.368 0.539 0
0.438 0.452 0
0.367 0.502 0
0.374 0.52 0
0.365 0.459 0
0.422 0.525 0
0.363 0.533 0
0.39 0.473 0
0.399 0.52 0
0.384 0.54 0
0.351 0.534 0
0.401 0.549 0
0.381 0.533 0
0.378 0.516 0
0.383 0.473 0
0.355 0.514 0
0.381 0.495 0
0.414 0.537 0
0.361 0.527 0
0.349 0.542 0
0.344 0.549 0
0.403 0.504 0
0.365 0.463 0
0.43 0.525 0
0.358 0.481 0
0.353 0.531 0
0.436 0.47 0
0.381 0.461 0
0.355 0.475 0
0.427 0.477 0
0.393 0.543 0
0.353 0.482 0
0.373 0.458 0
0.341 0.477 0
0.412 0.538 0
0.365 0.529 0
0.427 0.503 0
0.388 0.451 0
0.368 0.545 0
0.409 0.507 0
0.429 0.506 0
0.397 0.503 0
0.395 0.537 0
0.355 0.469 0
0.435 0.453 0
0.428 0.512 0
0.375 0.493 0
0.402 0.454 0
0.402 0.5 0
0.384 0.549 0
0.418 0.534 0
0.342 0.494 0
0.512 0.528 0
0.519 0.471 0
0.458 0.545 0
0.518 0.495 0
0.51 0.464 0
0.431 0.516 0
0.422 0.533 0
0.426 0.54 0
0.508 0.49 0
0.507 0.519 0
0.468 0.464 0
0.506 0.47 0
0.444 0.475 0
0.497 0.535 0
0.438 0.461 0
0.484 0.476 0
0.483 0.533 0
0.486 0.485 0
0.507 0.496 0
0.464 0.548 0
0.471 0.539 0
0.484 0.551 0
0.493 0.548 0
0.442 0.492 0
0.469 0.477 0
0.493 0.529 0
0.484 0.531 0
0.513 0.492 0
0.434 0.491 0
0.473 0.485 0
0.446 0.553 0
0.456 0.485 0
0.486 0.522 0
0.464 0.53 0
0.479 0.473 0
0.441 0.515 0
0.476 0.497 0
0.47 0.53 0
0.467 0.491 0
0.485 0.515 0
0.459 0.514 0
0.519 0.487 0
0.462 0.473 0
0.455 0.521 0
0.432 0.504 0
0.446 0.49 0
0.423 0.489 0
0.493 0.551 0
0.426 0.546 0
0.507 0.457 0
0.47 0.474 0
0.483 0.479 0
0.462 0.501 0
0.422 0.547 0
0.484 0.536 0
0.49 0.545 0
0.454 0.539 0
0.516 0.459 0
0.45 0.479 0
0.453 0.466 0
0.42 0.545 0
0.487 0.507 0
0.423 0.528 0
0.47 0.514 0
0.448 0.504 0
0.444 0.512 0
0.436 0.549 0
0.506 0.47 0
0.432 0.498 0
0.477 0.532 0
0.502 0.481 0
0.495 0.474 0
0.492 0.475 0
0.464 0.498 0
0.493 0.534 0
0.457 0.548 0
0.462 0.496 0
0.43 0.545 0
0.453 0.481 0
0.509 0.53 0
0.44 0.478 0
0.501 0.538 0
0.478 0.462 0
0.455 0.488 0
0.475 0.536 0
0.437 0.523 0
0.458 0.545 0
0.508 0.532 0
0.519 0.547 0
0.468 0.494 0
0.431 0.496 0
0.502 0.511 0
0.439 0.515 0
0.51 0.528 0
0.433 0.495 0
0.492 0.529 0
0.452 0.52 0
0.493 0.544 0
0.493 0.463 0
0.421 0.5 0
0.511 0.597 0
0.513 0.582 0
0.539 0.52 0
0.513 0.601 0
0.5 0.547 0
0.55 0.537 0
0.503 0.54 0
0.561 0.573 0
0.53 0.534 0
0.556 0.586 0
0.476 0.547 0
0.512 0.605 0
0.485 0.606 0
0.468 0.559 0
0.501 0.521 0
0.481 0.582 0
0.521 0.512 0
0.529 0.589 0
0.524 0.534 0
0.533 0.569 0
0.468 0.524 0
0.487 0.581 0
0.531 0.57 0
0.554 0.578 0
0.474 0.518 0
0.565 0.603 0
0.481 0.542 0
0.534 0.572 0
0.527 0.561 0
0.521 0.553 0
0.49 0.519 0
0.483 0.521 0
0.473 0.588 0
0.487 0.587 0
0.563 0.611 0
0.56 0.543 0
0.565 0.52 0
0.536 0.536 0
0.542 0.552 0
0.564 0.549 0
0.553 0.527 0
0.466 0.583 0
0.473 0.551 0
0.49 0.584 0
0.506 0.608 0
0.476 0.555 0
0.554 0.587 0
0.536 0.52 0
0.508 0.517 0
0.5 0.61 0
0.494 0.585 0
0.562 0.546 0
0.548 0.567 0
0.556 0.565 0
0.528 0.535 0
0.514 0.551 0
0.557 0.529 0
0.473 0.607 0
0.553 0.591 0
0.495 0.559 0
0.476 0.546 0
0.522 0.577 0
0.526 0.532 0
0.499 0.558 0
0.477 0.583 0
0.564 0.598 0
0.474 0.593 0
0.474 0.598 0
0.558 0.607 0
0.536 0.6 0
0.554 0.584 0
0.506 0.574 0
0.509 0.566 0
0.48 0.546 0
0.528 0.564 0
0.55 0.517 0
0.548 0.605 0
0.495 0.531 0
0.534 0.579 0
0.466 0.566 0
0.517 0.533 0
0.481 0.593 0
0.553 0.549 0
0.546 0.554 0
0.49 0.599 0
0.554 0.574 0
0.517 0.585 0
0.531 0.517 0
0.537 0.554 0
0.54 0.54 0
0.529 0.519 0
0.527 0.604 0
0.472 0.589 0
0.515 0.555 0
0.552 0.57 0
0.506 0.576 0
0.523 0.588 0
0.533 0.571 0
0.541 0.552 0
0.542 0.599 0
0.447 0.624 0
0.502 0.621 0
0.475 0.609 0
0.456 0.634 0
0.509 0.552 0
0.441 0.615 0
0.465 0.644 0
0.434 0.59 0
0.5 0.583 0
0.436 0.637 0
0.431 0.549 0
0.503 0.556 0
0.448 0.624 0
0.519 0.584 0
0.485 0.588 0
0.474 0.635 0
0.47 0.63 0
0.49 0.594 0
0.431 0.553 0
0.467 0.616 0
0.442 0.579 0
0.526 0.591 0
0.444 0.608 0
0.428 0.596 0
0.452 0.62 0
0.429 0.595 0
0.509 0.608 0
0.432 0.548 0
0.493 0.571 0
0.464 0.618 0
0.47 0.562 0
0.455 0.64 0
0.435 0.621 0
0.518 0.646 0
0.517 0.594 0
0.429 0.571 0
0.491 0.585 0
0.478 0.589 0
0.48 0.628 0
0.432 0.635 0
0.467 0.587 0
0.498 0.596 0
0.511 0.61 0
0.473 0.562 0
0.525 0.642 0
0.507 0.623 0
0.458 0.634 0
0.492 0.605 0
0.446 0.619 0
0.493 0.588 0
0.519 0.626 0
0.434 0.578 0
0.484 0.644 0
0.458 0.607 0
0.443 0.641 0
0.511 0.564 0
0.435 0.63 0
0.454 0.553 0
0.494 0.571 0
0.501 0.587 0
0.476 0.607 0
0.478 0.631 0
0.51 0.557 0
0.457 0.603 0
0.497 0.62 0
0.516 0.615 0
0.487 0.601 0
0.494 0.596 0
0.434 0.612 0
0.461 0.574 0
0.497 0.625 0
0.478 0.605 0
0.519 0.567 0
0.483 0.583 0
0.489 0.612 0
0.526 0.602 0
0.457 0.562 0
0.477 0.633 0
0.493 0.614 0
0.523 0.608 0
0.46 0.624 0
0.475 0.576 0
0.468 0.58 0
0.473 0.597 0
0.46 0.548 0
0.428 0.64 0
0.494 0.64 0
0.506 0.631 0
0.459 0.629 0
0.488 0.573 0
0.428 0.616 0
0.526 0.553 0
0.44 0.632 0
0.443 0.585 0
0.486 0.571 0
0.476 0.636 0
0.496 0.633 0
0.49 0.626 0
0.456 0.633 0
0.48 0.575 0
0.409 0.573 0
0.398 0.583 0
0.387 0.577 0
0.367 0.584 0
0.444 0.57 0
0.373 0.639 0
0.391 0.598 0
0.371 0.575 0
0.365 0.618 0
0.374 0.593 0
0.38 0.633 0
0.416 0.546 0
0.366 0.565 0
0.443 0.571 0
0.39 0.627 0
0.444 0.57 0
0.454 0.548 0
0.45 0.566 0
0.428 0.548 0
0.374 0.624 0
0.367 0.614 0
0.436 0.584 0
0.435 0.56 0
0.404 0.567 0
0.461 0.578 0
0.43 0.548 0
0.428 0.612 0
0.435 0.62 0
0.409 0.599 0
0.441 0.54 0
0.442 0.574 0
0.383 0.638 0
0.427 0.595 0
0.377 0.573 0
0.419 0.607 0
0.376 0.57 0
0.365 0.562 0
0.444 0.611 0
0.401 0.547 0
0.413 0.564 0
0.413 0.567 0
0.416 0.598 0
0.46 0.609 0
0.442 0.609 0
0.408 0.563 0
0.451 0.557 0
0.378 0.629 0
0.402 0.621 0
0.406 0.551 0
0.449 0.556 0
0.457 0.632 0
0.41 0.625 0
0.385 0.63 0
0.371 0.547 0
0.422 0.576 0
0.45 0.598 0
0.383 0.622 0
0.42 0.634 0
0.432 0.59 0
0.389 0.57 0
0.387 0.595 0
0.451 0.631 0
0.42 0.586 0
0.411 0.579 0
0.437 0.556 0
0.378 0.619 0
0.415 0.617 0
0.432 0.601 0
0.447 0.63 0
0.43 0.637 0
0.429 0.604 0
0.435 0.56 0
0.422 0.554 0
0.453 0.598 0
0.438 0.608 0
0.456 0.55 0
0.369 0.604 0
0.365 0.583 0
0.363 0.575 0
0.437 0.591 0
0.44 0.571 0
0.433 0.64 0
0.437 0.604 0
0.364 0.567 0
0.413 0.564 0
0.462 0.57 0
0.374 0.61 0
0.423 0.635 0
0.421 0.562 0
0.442 0.612 0
0.375 0.599 0
0.433 0.602 0
0.429 0.598 0
0.376 0.587 0
0.367 0.547 0
0.391 0.588 0
0.459 0.605 0
0.436 0.631 0
0.459 0.551 0
0.447 0.559 0
0.284 0.645 0
0.232 0.655 0
0.244 0.668 0
0.293 0.641 0
0.316 0.686 0
0.305 0.681 0
0.233 0.69 0
0.319 0.724 0
0.274 0.697 0
0.264 0.66 0
0.28 0.7 0
0.236 0.662 0
0.281 0.725 0
0.299 0.675 0
0.237 0.64 0
0.306 0.656 0
0.275 0.659 0
0.263 0.683 0
0.273 0.704 0
0.281 0.637 0
0.303 0.686 0
0.229 0.662 0
0.284 0.699 0
0.307 0.717 0
0.268 0.672 0
0.281 0.684 0
0.225 0.694 0
0.289 0.714 0
0.293 0.672 0
0.264 0.647 0
0.286 0.659 0
0.309 0.682 0
0.264 0.71 0
0.29 0.633 0
0.255 0.687 0
0.285 0.671 0
0.302 0.714 0
0.287 0.678 0
0.228 0.639 0
0.284 0.692 0
0.301 0.668 0
0.318 0.693 0
0.259 0.658 0
0.298 0.673 0
0.231 0.691 0
0.252 0.698 0
0.239 0.716 0
0.227 0.632 0
0.228 0.641 0
0.28 0.667 0
0.303 0.713 0
0.28 0.715 0
0.264 0.72 0
0.293 0.634 0
0.234 0.697 0
0.287 0.707 0
0.222 0.686 0
0.244 0.723 0
0.27 0.726 0
0.306 0.642 0
0.23 0.65 0
0.221 0.633 0
0.271 0.638 0
0.273 0.692 0
0.271 0.695 0
0.297 0.676 0
0.252 0.668 0
0.309 0.731 0
0.289 0.681 0
0.239 0.667 0
0.261 0.677 0
0.278 0.646 0
0.3 0.683 0
0.238 0.698 0
0.305 0.695 0
0.288 0.672 0
0.278 0.7 0
0.311 0.688 0
0.297 0.725 0
0.249 0.716 0
0.312 0.677 0
0.254 0.686 0
0.231 0.633 0
0.297 0.707 0
0.302 0.646 0
0.305 0.633 0
0.297 0.669 0
0.257 0.708 0
0.319 0.701 0
0.253 0.682 0
0.28 0.7 0
0.3 0.653 0
0.267 0.677 0
0.277 0.699 0
0.242 0.719 0
0.298 0.689 0
0.303 0.708 0
0.253 0.658 0
0.265 0.634 0
0.241 0.663 0
0.235 0.616 0
0.267 0.695 0
0.276 0.66 0
0.267 0.684 0
0.262 0.66 0
0.254 0.668 0
0.284 0.609 0
0.239 0.672 0
0.314 0.675 0
0.224 0.602 0
0.284 0.691 0
0.285 0.647 0
0.259 0.661 0
0.246 0.643 0
0.228 0.605 0
0.259 0.691 0
0.276 0.689 0
0.271 0.696 0
0.29 0.662 0
0.251 0.639 0
0.29 0.684 0
0.254 0.657 0
0.296 0.614 0
0.303 0.622 0
0.259 0.679 0
0.316 0.641 0
0.251 0.633 0
0.224 0.673 0
0.233 0.68 0
0.239 0.622 0
0.28 0.671 0
0.233 0.698 0
0.255 0.62 0
0.225 0.659 0
0.294 0.62 0
0.272 0.628 0
0.263 0.693 0
0.226 0.65 0
0.231 0.634 0
0.245 0.671 0
0.312 0.615 0
0.302 0.689 0
0.29 0.631 0
0.306 0.671 0
0.264 0.696 0
0.277 0.621 0
0.316 0.617 0
0.234 0.677 0
0.233 0.638 0
0.309 0.621 0
0.295 0.638 0
0.258 0.626 0
0.3 0.625 0
0.288 0.613 0
0.271 0.605 0
0.24 0.69 0
0.246 0.619 0
0.283 0.69 0
0.252 0.633 0
0.28 0.618 0
0.279 0.622 0
0.27 0.643 0
0.237 0.611 0
0.296 0.681 0
0.307 0.638 0
0.237 0.609 0
0.258 0.6 0
0.229 0.677 0
0.297 0.634 0
0.258 0.684 0
0.272 0.674 0
0.273 0.668 0
0.255 0.693 0
0.25 0.631 0
0.291 0.676 0
0.313 0.638 0
0.235 0.691 0
0.282 0.638 0
0.305 0.621 0
0.256 0.612 0
0.296 0.678 0
0.225 0.678 0
0.222 0.668 0
0.247 0.616 0
0.313 0.614 0
0.276 0.694 0
0.222 0.61 0
0.275 0.63 0
0.265 0.686 0
0.281 0.613 0
0.282 0.696 0
0.251 0.652 0
0.292 0.603 0
0.319 0.695 0
0.286 0.688 0
0.284 0.647 0
0.269 0.682 0
0.273 0.669 0
0.272 0.661 0
0.237 0.61 0
0.314 0.538 0
0.32 0.564 0
0.296 0.56 0
0.275 0.515 0
0.273 0.525 0
0.277 0.57 0
0.288 0.602 0
0.236 0.598 0
0.277 0.593 0
0.28 0.548 0
0.255 0.595 0
0.266 0.588 0
0.224 0.611 0
0.265 0.519 0
0.241 0.579 0
0.262 0.59 0
0.245 0.541 0
0.308 0.561 0
0.233 0.552 0
0.312 0.52 0
0.316 0.55 0
0.239 0.591 0
0.312 0.601 0
0.237 0.511 0
0.251 0.516 0
0.242 0.555 0
0.235 0.591 0
0.253 0.589 0
0.248 0.515 0
0.29 0.559 0
0.293 0.58 0
0.222 0.596 0
0.253 0.52 0
0.291 0.542 0
0.233 0.511 0
0.283 0.559 0
0.298 0.52 0
0.316 0.61 0
0.244 0.541 0
0.311 0.601 0
0.318 0.56 0
0.245 0.542 0
0.231 0.539 0
0.247 0.542 0
0.276 0.514 0
0.231 0.52 0
0.272 0.567 0
0.254 0.609 0
0.231 0.594 0
0.272 0.563 0
0.312 0.556 0
0.299 0.561 0
0.293 0.531 0
0.224 0.523 0
0.296 0.579 0
0.291 0.557 0
0.305 0.551 0
0.223 0.583 0
0.221 0.583 0
0.25 0.601 0
0.272 0.555 0
0.262 0.556 0
0.26 0.61 0
0.274 0.544 0
0.251 0.522 0
0.286 0.588 0
0.314 0.531 0
0.251 0.582 0
0.267 0.608 0
0.303 0.575 0
0.243 0.518 0
0.291 0.555 0
0.286 0.547 0
0.222 0.587 0
0.301 0.593 0
0.287 0.543 0
0.243 0.555 0
0.25 0.52 0
0.296 0.56 0
0.23 0.604 0
0.29 0.556 0
0.228 0.59 0
0.255 0.589 0
0.227 0.524 0
0.292 0.582 0
0.308 0.588 0
0.261 0.579 0
0.263 0.586 0
0.3 0.543 0
0.288 0.552 0
0.264 0.52 0
0.253 0.535 0
0.265 0.515 0
0.305 0.604 0
0.314 0.589 0
0.305 0.567 0
0.236 0.527 0
0.264 0.516 0
0.229 0.545 0
0.285 0.569 0
0.313 0.461 0
0.25 0.516 0
0.281 0.5 0
0.313 0.502 0
0.226 0.543 0
0.24 0.539 0
0.305 0.552 0
0.312 0.519 0
0.221 0.503 0
0.255 0.551 0
0.25 0.489 0
0.274 0.481 0
0.231 0.492 0
0.269 0.54 0
0.26 0.539 0
0.259 0.471 0
0.26 0.474 0
0.289 0.549 0
0.308 0.509 0
0.305 0.547 0
0.242 0.461 0
0.272 0.514 0
0.257 0.554 0
0.262 0.553 0
0.267 0.471 0
0.257 0.525 0
0.306 0.483 0
0.263 0.553 0
0.31 0.509 0
0.263 0.515 0
0.245 0.454 0
0.237 0.499 0
0.263 0.533 0
0.227 0.49 0
0.231 0.553 0
0.308 0.548 0
0.313 0.478 0
0.247 0.474 0
0.27 0.531 0
0.314 0.455 0
0.295 0.528 0
0.292 0.536 0
0.216 0.516 0
0.297 0.525 0
0.287 0.522 0
0.242 0.519 0
0.221 0.461 0
0.285 0.48 0
0.277 0.466 0
0.271 0.473 0
0.285 0.46 0
0.221 0.502 0
0.295 0.514 0
0.24 0.463 0
0.249 0.518 0
0.296 0.457 0
0.296 0.553 0
0.258 0.463 0
0.31 0.484 0
0.31 0.468 0
0.293 0.55 0
0.295 0.53 0
0.306 0.522 0
0.31 0.497 0
0.298 0.498 0
0.31 0.532 0
0.298 0.507 0
0.271 0.482 0
0.297 0.468 0
0.278 0.553 0
0.309 0.526 0
0.288 0.476 0
0.246 0.545 0
0.292 0.523 0
0.297 0.491 0
0.294 0.525 0
0.296 0.475 0
0.296 0.526 0
0.221 0.529 0
0.289 0.502 0
0.28 0.502 0
0.223 0.457 0
0.283 0.466 0
0.254 0.482 0
0.271 0.464 0
0.296 0.521 0
0.279 0.527 0
0.23 0.529 0
0.23 0.498 0
0.218 0.49 0
0.246 0.527 0
0.235 0.524 0
0.228 0.467 0
0.255 0.528 0
0.296 0.533 0
0.282 0.551 0
0.272 0.532 0
0.315 0.499 0
0.256 0.52 0
0.266 0.502 0
0.309 0.52 0
0.232 0.502 0
0.236 0.477 0
0.319 0.516 0
0.311 0.489 0
0.226 0.483 0
0.292 0.507 0
0.307 0.472 0
0.221 0.44 0
0.275 0.476 0
0.32 0.461 0
0.222 0.49 0
0.23 0.454 0
0.238 0.463 0
0.278 0.513 0
0.315 0.434 0
0.311 0.518 0
0.298 0.455 0
0.227 0.47 0
0.225 0.452 0
0.303 0.431 0
0.301 0.482 0
0.28 0.5 0
0.3 0.505 0
0.317 0.492 0
0.312 0.484 0
0.238 0.477 0
0.315 0.51 0
0.255 0.449 0
0.297 0.449 0
0.226 0.508 0
0.237 0.452 0
0.228 0.488 0
0.3 0.497 0
0.243 0.447 0
0.268 0.517 0
0.3 0.448 0
0.23 0.478 0
0.223 0.437 0
0.229 0.472 0
0.238 0.467 0
0.249 0.51 0
0.283 0.487 0
0.221 0.47 0
0.251 0.463 0
0.306 0.448 0
0.316 0.475 0
0.314 0.507 0
0.309 0.427 0
0.304 0.481 0
0.242 0.46 0
0.295 0.52 0
0.294 0.504 0
0.271 0.495 0
0.286 0.5 0
0.255 0.452 0
0.266 0.511 0
0.303 0.501 0
0.305 0.454 0
0.287 0.486 0
0.293 0.484 0
0.261 0.524 0
0.238 0.463 0
0.267 0.526 0
0.259 0.493 0
0.316 0.515 0
0.238 0.467 0
0.223 0.489 0
0.318 0.522 0
0.248 0.499 0
0.295 0.458 0
0.241 0.434 0
0.298 0.497 0
0.222 0.482 0
0.279 0.487 0
0.301 0.457 0
0.249 0.474 0
0.295 0.497 0
0.269 0.441 0
0.277 0.455 0
0.233 0.494 0
0.246 0.44 0
0.277 0.477 0
0.253 0.46 0
0.309 0.496 0
0.241 0.527 0
0.278 0.428 0
0.267 0.5 0
0.317 0.489 0
0.224 0.52 0
0.306 0.506 0
0.284 0.478 0
0.235 0.447 0
0.23 0.518 0
0.279 0.464 0
0.297 0.468 0
0.239 0.515 0
0.299 0.471 0
0.271 0.512 0
0.258 0.429 0
0.312 0.459 0
0.251 0.491 0
0.255 0.426 0
0.328 0.466 0
0.316 0.427 0
0.279 0.498 0
0.294 0.486 0
0.339 0.501 0
0.332 0.436 0
0.324 0.466 0
0.322 0.481 0
0.261 0.452 0
0.291 0.473 0
0.334 0.471 0
0.293 0.494 0
0.304 0.428 0
0.263 0.505 0
0.277 0.482 0
0.318 0.479 0
0.251 0.435 0
0.246 0.446 0
0.29 0.5 0
0.321 0.51 0
0.248 0.468 0
0.305 0.428 0
0.335 0.448 0
0.299 0.433 0
0.338 0.459 0
0.345 0.436 0
0.266 0.447 0
0.34 0.428 0
0.29 0.446 0
0.251 0.427 0
0.345 0.475 0
0.306 0.487 0
0.254 0.504 0
0.305 0.495 0
0.261 0.423 0
0.303 0.505 0
0.269 0.491 0
0.311 0.435 0
0.252 0.5 0
0.31 0.492 0
0.341 0.467 0
0.299 0.47 0
0.246 0.499 0
0.293 0.441 0
0.287 0.497 0
0.29 0.514 0
0.343 0.461 0
0.321 0.514 0
0.285 0.486 0
0.3 0.484 0
0.337 0.452 0
0.302 0.507 0
0.301 0.513 0
0.296 0.464 0
0.3 0.494 0
0.306 0.485 0
0.331 0.507 0
0.329 0.469 0
0.301 0.49 0
0.307 0.503 0
0.331 0.462 0
0.342 0.429 0
0.31 0.459 0
0.27 0.463 0
0.245 0.442 0
0.252 0.518 0
0.298 0.439 0
0.283 0.425 0
0.294 0.502 0
0.308 0.441 0
0.317 0.422 0
0.334 0.51 0
0.337 0.47 0
0.258 0.463 0
0.252 0.484 0
0.297 0.468 0
0.319 0.424 0
0.34 0.468 0
0.312 0.438 0
0.252 0.478 0
0.265 0.488 0
0.343 0.514 0
0.291 0.491 0
0.257 0.511 0
0.251 0.469 0
0.256 0.442 0
0.341 0.493 0
0.319 0.509 0
0.258 0.484 0
0.267 0.441 0
0.341 0.437 0
0.273 0.439 0
0.246 0.441 0
0.305 0.516 0
0.276 0.505 0
0.281 0.425 0
0.326 0.487 0
0.393 0.428 0
0.325 0.474 0
0.313 0.506 0
0.387 0.459 0
0.399 0.449 0
0.34 0.496 0
0.388 0.427 0
0.407 0.422 0
0.357 0.467 0
0.353 0.51 0
0.365 0.457 0
0.342 0.447 0
0.31 0.474 0
0.313 0.425 0
0.393 0.476 0
0.334 0.487 0
0.32 0.487 0
0.355 0.498 0
0.387 0.444 0
0.401 0.443 0
0.356 0.498 0
0.383 0.449 0
0.362 0.471 0
0.359 0.419 0
0.406 0.459 0
0.332 0.458 0
0.336 0.502 0
0.399 0.497 0
0.315 0.471 0
0.363 0.447 0
0.326 0.44 0
0.339 0.468 0
0.329 0.488 0
0.312 0.457 0
0.399 0.462 0
0.407 0.5 0
0.355 0.424 0
0.314 0.451 0
0.398 0.447 0
0.386 0.435 0
0.377 0.504 0
0.38 0.443 0
0.372 0.516 0
0.361 0.477 0
0.338 0.512 0
0.408 0.456 0
0.353 0.513 0
0.406 0.467 0
0.38 0.507 0
0.404 0.498 0
0.313 0.456 0
0.355 0.462 0
0.351 0.437 0
0.389 0.471 0
0.35 0.509 0
0.353 0.483 0
0.336 0.417 0
0.336 0.502 0
0.404 0.517 0
0.398 0.464 0
0.323 0.447 0
0.36 0.451 0
0.324 0.494 0
0.372 0.514 0
0.314 0.458 0
0.408 0.458 0
0.339 0.495 0
0.37 0.439 0
0.353 0.453 0
0.34 0.462 0
0.404 0.434 0
0.393 0.458 0
0.31 0.51 0
0.312 0.494 0
0.347 0.43 0
0.372 0.501 0
0.396 0.502 0
0.352 0.467 0
0.383 0.489 0
0.379 0.488 0
0.361 0.513 0
0.39 0.512 0
0.384 0.484 0
0.371 0.483 0
0.352 0.511 0
0.344 0.456 0
0.354 0.485 0
0.31 0.473 0
0.376 0.491 0
0.397 0.438 0
0.389 0.507 0
0.344 0.5 0
0.408 0.422 0
0.311 0.419 0
0.398 0.513 0
0.37 0.49 0
0.334 0.444 0
0.342 0.473 0
0.4 0.448 0
0.386 0.511 0
0.396 0.496 0
0.457 0.5 0
0.457 0.457 0
0.391 0.422 0
0.417 0.482 0
0.423 0.487 0
0.458 0.431 0
0.376 0.449 0
0.459 0.429 0
0.396 0.463 0
0.432 0.477 0
0.407 0.434 0
0.434 0.454 0
0.465 0.494 0
0.455 0.488 0
0.427 0.508 0
0.473 0.495 0
0.388 0.497 0
0.475 0.463 0
0.447 0.453 0
0.468 0.476 0
0.393 0.501 0
0.414 0.461 0
0.424 0.419 0
0.428 0.429 0
0.389 0.476 0
0.431 0.466 0
0.458 0.417 0
0.396 0.492 0
0.413 0.421 0
0.471 0.431 0
0.406 0.512 0
0.414 0.483 0
0.421 0.465 0
0.47 0.504 0
0.468 0.451 0
0.475 0.439 0
0.456 0.454 0
0.428 0.418 0
0.434 0.417 0
0.415 0.445 0
0.434 0.474 0
0.46 0.46 0
0.38 0.418 0
0.407 0.434 0
0.398 0.427 0
0.376 0.465 0
0.424 0.484 0
0.424 0.507 0
0.411 0.474 0
0.416 0.451 0
0.46 0.419 0
0.384 0.469 0
0.451 0.419 0
0.45 0.511 0
0.424 0.503 0
0.383 0.494 0
0.385 0.434 0
0.422 0.511 0
0.435 0.457 0
0.41 0.457 0
0.43 0.462 0
0.425 0.477 0
0.426 0.42 0
0.43 0.446 0
0.379 0.43 0
0.442 0.475 0
0.462 0.502 0
0.405 0.475 0
0.446 0.49 0
0.391 0.484 0
0.407 0.439 0
0.467 0.458 0
0.381 0.448 0
0.425 0.513 0
0.412 0.481 0
0.464 0.441 0
0.456 0.466 0
0.378 0.441 0
0.439 0.481 0
0.418 0.494 0
0.418 0.423 0
0.426 0.458 0
0.476 0.422 0
0.414 0.488 0
0.47 0.503 0
0.445 0.461 0
0.398 0.458 0
0.428 0.509 0
0.394 0.419 0
0.464 0.516 0
0.472 0.456 0
0.38 0.501 0
0.427 0.448 0
0.468 0.458 0
0.402 0.485 0
0.453 0.48 0
0.386 0.488 0
0.466 0.473 0
0.424 0.511 0
0.49 0.516 0
0.545 0.455 0
0.557 0.506 0
0.494 0.503 0
0.527 0.424 0
0.468 0.479 0
0.542 0.48 0
0.508 0.433 0
0.553 0.486 0
0.549 0.468 0
0.49 0.43 0
0.526 0.449 0
0.488 0.467 0
0.458 0.454 0
0.515 0.489 0
0.526 0.422 0
0.489 0.512 0
0.504 0.419 0
0.531 0.452 0
0.458 0.419 0
0.525 0.421 0
0.488 0.437 0
0.503 0.433 0
0.515 0.442 0
0.471 0.439 0
0.545 0.493 0
0.478 0.436 0
0.48 0.499 0
0.555 0.495 0
0.504 0.484 0
0.495 0.514 0
0.525 0.468 0
0.468 0.492 0
0.516 0.49 0
0.535 0.424 0
0.527 0.436 0
0.46 0.512 0
0.501 0.493 0
0.556 0.432 0
0.521 0.471 0
0.484 0.45 0
0.55 0.486 0
0.513 0.449 0
0.471 0.453 0
0.541 0.489 0
0.461 0.43 0
0.489 0.474 0
0.509 0.435 0
0.464 0.455 0
0.558 0.486 0
0.46 0.479 0
0.534 0.431 0
0.538 0.462 0
0.479 0.506 0
0.55 0.499 0
0.495 0.511 0
0.529 0.514 0
0.483 0.446 0
0.515 0.47 0
0.494 0.484 0
0.497 0.475 0
0.485 0.502 0
0.525 0.518 0
0.484 0.501 0
0.553 0.495 0
0.548 0.508 0
0.49 0.493 0
0.514 0.421 0
0.506 0.488 0
0.491 0.505 0
0.557 0.481 0
0.467 0.501 0
0.466 0.489 0
0.536 0.471 0
0.493 0.47 0
0.521 0.454 0
0.509 0.474 0
0.51 0.438 0
0.537 0.469 0
0.531 0.433 0
0.49 0.462 0
0.502 0.439 0
0.495 0.441 0
0.526 0.426 0
0.493 0.448 0
0.523 0.419 0
0.554 0.445 0
0.545 0.45 0
0.539 0.455 0
0.485 0.428 0
0.542 0.499 0
0.552 0.445 0
0.546 0.423 0
0.487 0.434 0
0.551 0.442 0
0.53 0.492 0
0.511 0.514 0
0.486 0.42 0
0.51 0.502 0
0.55 0.42 0
0.55 0.469 0
0.56 0.506 0
0.573 0.509 0
0.575 0.513 0
0.543 0.451 0
0.516 0.435 0
0.52 0.45 0
0.606 0.516 0
0.61 0.517 0
0.554 0.471 0
0.526 0.423 0
0.583 0.427 0
0.542 0.436 0
0.534 0.478 0
0.594 0.443 0
0.573 0.467 0
0.566 0.516 0
0.574 0.511 0
0.553 0.45 0
0.537 0.477 0
0.588 0.519 0
0.551 0.513 0
0.533 0.448 0
0.538 0.451 0
0.61 0.509 0
0.602 0.519 0
0.515 0.449 0
0.584 0.463 0
0.583 0.473 0
0.529 0.5 0
0.605 0.445 0
0.605 0.487 0
0.521 0.512 0
0.546 0.459 0
0.522 0.434 0
0.58 0.488 0
0.543 0.519 0
0.61 0.467 0
0.592 0.42 0
0.534 0.494 0
0.577 0.51 0
0.577 0.463 0
0.563 0.429 0
0.574 0.491 0
0.59 0.501 0
0.54 0.456 0
0.54 0.47 0
0.56 0.475 0
0.549 0.474 0
0.594 0.428 0
0.597 0.433 0
0.577 0.456 0
0.524 0.436 0
0.563 0.425 0
0.569 0.436 0
0.575 0.47 0
0.612 0.466 0
0.531 0.464 0
0.53 0.444 0
0.537 0.422 0
0.565 0.509 0
0.526 0.459 0
0.571 0.445 0
0.516 0.476 0
0.583 0.461 0
0.551 0.491 0
0.518 0.465 0
0.591 0.493 0
0.561 0.473 0
0.61 0.507 0
0.527 0.487 0
0.541 0.429 0
0.567 0.482 0
0.599 0.47 0
0.605 0.466 0
0.529 0.474 0
0.551 0.508 0
0.598 0.467 0
0.534 0.488 0
0.568 0.44 0
0.576 0.442 0
0.561 0.518 0
0.55 0.502 0
0.6 0.507 0
0.573 0.5 0
0.6 0.493 0
0.612 0.483 0
0.543 0.438 0
0.541 0.486 0
0.611 0.461 0
0.515 0.429 0
0.58 0.429 0
0.536 0.424 0
0.516 0.461 0
0.526 0.492 0
0.584 0.511 0
0.61 0.425 0
0.585 0.446 0
0.573 0.474 0
0.553 0.425 0
0.575 0.446 0
0.608 0.435 0
0.585 0.45 0
0.639 0.461 0
0.665 0.498 0
0.615 0.466 0
0.661 0.437 0
0.632 0.447 0
0.575 0.467 0
0.597 0.503 0
0.642 0.43 0
0.649 0.425 0
0.612 0.487 0
0.582 0.514 0
0.627 0.515 0
0.612 0.492 0
0.61 0.486 0
0.622 0.425 0
0.675 0.462 0
0.632 0.487 0
0.582 0.461 0
0.675 0.429 0
0.606 0.498 0
0.613 0.43 0
0.661 0.518 0
0.628 0.446 0
0.651 0.521 0
0.626 0.456 0
0.597 0.441 0
0.578 0.427 0
0.671 0.455 0
0.584 0.472 0
0.672 0.444 0
0.661 0.462 0
0.665 0.507 0
0.663 0.455 0
0.62 0.429 0
0.639 0.508 0
0.624 0.443 0
0.622 0.451 0
0.665 0.462 0
0.67 0.434 0
0.578 0.46 0
0.576 0.503 0
0.594 0.496 0
0.589 0.433 0
0.655 0.427 0
0.634 0.489 0
0.65 0.509 0
0.584 0.47 0
0.647 0.462 0
0.628 0.489 0
0.63 0.457 0
0.675 0.513 0
0.642 0.429 0
0.638 0.514 0
0.587 0.453 0
0.603 0.481 0
0.607 0.481 0
0.587 0.517 0
0.617 0.443 0
0.653 0.483 0
0.626 0.504 0
0.64 0.509 0
0.651 0.46 0
0.591 0.428 0
0.634 0.45 0
0.581 0.47 0
0.668 0.489 0
0.599 0.439 0
0.63 0.45 0
0.653 0.469 0
0.628 0.501 0
0.637 0.474 0
0.603 0.519 0
0.578 0.436 0
0.627 0.456 0
0.651 0.523 0
0.674 0.508 0
0.651 0.432 0
0.61 0.471 0
0.6 0.436 0
0.631 0.514 0
0.582 0.495 0
0.653 0.452 0
0.663 0.463 0
0.631 0.457 0
0.635 0.487 0
0.637 0.457 0
0.668 0.47 0
0.672 0.517 0
0.579 0.521 0
0.617 0.442 0
0.592 0.43 0
0.596 0.468 0
0.674 0.463 0
0.674 0.445 0
0.578 0.511 0
0.67 0.433 0
0.665 0.5 0
0.596 0.521 0
0.609 0.564 0
0.622 0.497 0
0.664 0.547 0
0.67 0.52 0
0.631 0.544 0
0.666 0.576 0
0.679 0.535 0
0.639 0.506 0
0.679 0.543 0
0.652 0.557 0
0.619 0.498 0
0.586 0.571 0
0.641 0.575 0
0.676 0.535 0
0.598 0.574 0
0.617 0.51 0
0.635 0.49 0
0.671 0.539 0
0.637 0.573 0
0.629 0.491 0
0.609 0.523 0
0.652 0.5 0
0.591 0.544 0
0.588 0.578 0
0.68 0.503 0
0.66 0.534 0
0.612 0.575 0
0.65 0.568 0
0.671 0.549 0
0.657 0.538 0
0.589 0.576 0
0.649 0.524 0
0.619 0.542 0
0.662 0.553 0
0.675 0.5 0
0.592 0.548 0
0.641 0.533 0
0.649 0.511 0
0.651 0.539 0
0.642 0.57 0
0.585 0.494 0
0.675 0.517 0
0.596 0.57 0
0.657 0.513 0
0.626 0.576 0
0.599 0.581 0
0.583 0.526 0
0.627 0.589 0
0.681 0.529 0
0.656 0.52 0
0.663 0.543 0
0.672 0.577 0
0.603 0.513 0
0.619 0.589 0
0.625 0.576 0
0.674 0.55 0
0.63 0.582 0
0.655 0.49 0
0.582 0.547 0
0.667 0.497 0
0.61 0.565 0
0.662 0.565 0
0.605 0.519 0
0.65 0.511 0
0.63 0.547 0
0.659 0.501 0
0.593 0.545 0
0.595 0.564 0
0.594 0.532 0
0.582 0.551 0
0.597 0.508 0
0.671 0.52 0
0.673 0.514 0
0.617 0.515 0
0.667 0.556 0
0.643 0.511 0
0.662 0.491 0
0.624 0.513 0
0.622 0.525 0
0.626 0.541 0
0.582 0.515 0
0.588 0.588 0
0.585 0.533 0
0.667 0.543 0
0.602 0.491 0
0.677 0.576 0
0.679 0.554 0
0.641 0.493 0
0.66 0.502 0
0.669 0.529 0
0.632 0.507 0
0.681 0.529 0
0.63 0.52 0
0.599 0.579 0
0.618 0.558 0
0.656 0.499 0
0.619 0.53 0
0.649 0.574 0
0.609 0.558 0
0.618 0.619 0
0.589 0.561 0
0.681 0.625 0
0.618 0.625 0
0.609 0.578 0
0.658 0.58 0
0.594 0.593 0
0.631 0.63 0
0.628 0.598 0
0.668 0.564 0
0.612 0.591 0
0.606 0.621 0
0.641 0.558 0
0.641 0.596 0
0.583 0.596 0
0.584 0.652 0
0.618 0.556 0
0.645 0.601 0
0.676 0.647 0
0.595 0.598 0
0.59 0.574 0
0.639 0.583 0
0.652 0.635 0
0.645 0.563 0
0.644 0.633 0
0.591 0.556 0
0.643 0.635 0
0.676 0.652 0
0.643 0.576 0
0.648 0.563 0
0.62 0.565 0
0.586 0.591 0
0.622 0.649 0
0.649 0.597 0
0.604 0.648 0
0.673 0.619 0
0.627 0.595 0
0.674 0.626 0
0.63 0.644 0
0.591 0.626 0
0.637 0.599 0
0.586 0.607 0
0.625 0.606 0
0.665 0.584 0
0.68 0.564 0
0.627 0.601 0
0.6 0.585 0
0.659 0.577 0
0.667 0.566 0
0.63 0.571 0
0.662 0.61 0
0.647 0.565 0
0.612 0.628 0
0.683 0.593 0
0.659 0.618 0
0.614 0.635 0
0.669 0.614 0
0.671 0.633 0
0.681 0.592 0
0.669 0.557 0
0.65 0.583 0
0.624 0.636 0
0.587 0.637 0
0.647 0.637 0
0.611 0.572 0
0.654 0.604 0
0.587 0.611 0
0.633 0.567 0
0.639 0.589 0
0.657 0.62 0
0.634 0.579 0
0.625 0.59 0
0.637 0.564 0
0.644 0.63 0
0.614 0.619 0
0.629 0.587 0
0.678 0.629 0
0.668 0.586 0
0.599 0.579 0
0.648 0.649 0
0.612 0.597 0
0.68 0.621 0
0.592 0.635 0
0.648 0.652 0
0.627 0.57 0
0.613 0.615 0
0.631 0.615 0
0.616 0.59 0
0.589 0.64 0
0.616 0.559 0
0.67 0.567 0
0.607 0.643 0
0.595 0.606 0
0.623 0.561 0
0.595 0.599 0
0.677 0.609 0
0.668 0.609 0
0.583 0.588 0
0.652 0.603 0
0.589 0.578 0
0.65 0.698 0
0.651 0.674 0
0.643 0.649 0
0.656 0.617 0
0.612 0.692 0
0.669 0.628 0
0.585 0.642 0
0.631 0.675 0
0.677 0.613 0
0.657 0.679 0
0.603 0.632 0
0.603 0.689 0
0.667 0.702 0
0.587 0.633 0
0.607 0.632 0
0.59 0.626 0
0.591 0.607 0
0.655 0.659 0
0.618 0.648 0
0.594 0.665 0
0.627 0.681 0
0.595 0.65 0
0.591 0.688 0
0.644 0.681 0
0.595 0.69 0
0.634 0.658 0
0.603 0.702 0
0.633 0.68 0
0.671 0.681 0
0.581 0.638 0
0.652 0.703 0
0.653 0.628 0
0.599 0.673 0
0.607 0.61 0
0.631 0.647 0
0.629 0.704 0
0.643 0.614 0
0.64 0.68 0
0.64 0.649 0
0.657 0.624 0
0.659 0.634 0
0.593 0.684 0
0.613 0.658 0
0.617 0.637 0
0.587 0.663 0
0.626 0.666 0
0.592 0.666 0
0.665 0.649 0
0.629 0.627 0
0.601 0.691 0
0.598 0.611 0
0.656 0.608 0
0.621 0.628 0
0.652 0.625 0
0.644 0.638 0
0.608 0.649 0
0.625 0.612 0
0.615 0.629 0
0.602 0.63 0
0.614 0.69 0
0.591 0.627 0
0.617 0.619 0
0.628 0.612 0
0.59 0.706 0
0.634 0.655 0
0.617 0.691 0
0.643 0.685 0
0.649 0.651 0
0.638 0.67 0
0.629 0.615 0
0.59 0.706 0
0.649 0.654 0
0.625 0.676 0
0.644 0.656 0
0.653 0.611 0
0.635 0.679 0
0.628 0.687 0
0.617 0.647 0
0.657 0.703 0
0.652 0.64 0
0.668 0.643 0
0.644 0.614 0
0.629 0.641 0
0.662 0.614 0
0.659 0.687 0
0.639 0.697 0
0.65 0.633 0
0.606 0.636 0
0.642 0.676 0
0.603 0.663 0
0.669 0.637 0
0.638 0.61 0
0.599 0.672 0
0.674 0.675 0
0.671 0.627 0
0.661 0.643 0
0.669 0.668 0
0.644 0.675 0
0.604 0.696 0
0.642 0.647 0
0.585 0.739 0
0.632 0.752 0
0.606 0.702 0
0.575 0.686 0
0.628 0.741 0
0.656 0.704 0
0.577 0.671 0
0.62 0.709 0
0.649 0.668 0
0.645 0.67 0
0.616 0.687 0
0.576 0.716 0
0.607 0.715 0
0.591 0.689 0
0.659 0.665 0
0.578 0.754 0
0.642 0.703 0
0.572 0.744 0
0.655 0.713 0
0.642 0.684 0
0.657 0.743 0
0.636 0.699 0
0.611 0.687 0
0.644 0.68 0
0.663 0.744 0
0.606 0.699 0
0.628 0.733 0
0.597 0.705 0
0.591 0.7 0
0.583 0.702 0
0.636 0.668 0
0.631 0.664 0
0.6 0.71 0
0.66 0.686 0
0.647 0.737 0
0.589 0.698 0
0.592 0.731 0
0.591 0.692 0
0.587 0.682 0
0.603 0.696 0
0.652 0.738 0
0.641 0.747 0
0.619 0.683 0
0.597 0.745 0
0.576 0.743 0
0.589 0.739 0
0.572 0.73 0
0.584 0.73 0
0.638 0.735 0
0.657 0.753 0
0.624 0.738 0
0.573 0.658 0
0.572 0.677 0
0.594 0.701 0
0.617 0.663 0
0.62 0.721 0
0.658 0.745 0
0.656 0.655 0
0.572 0.727 0
0.631 0.731 0
0.65 0.734 0
0.649 0.738 0
0.646 0.748 0
0.622 0.687 0
0.654 0.713 0
0.624 0.748 0
0.589 0.747 0
0.584 0.741 0
0.633 0.692 0
0.66 0.754 0
0.627 0.683 0
0.642 0.732 0
0.572 0.693 0
0.571 0.734 0
0.65 0.719 0
0.596 0.722 0
0.611 0.661 0
0.66 0.664 0
0.623 0.667 0
0.635 0.663 0
0.574 0.754 0
0.591 0.721 0
0.581 0.681 0
0.605 0.726 0
0.591 0.691 0
0.566 0.719 0
0.658 0.709 0
0.642 0.746 0
0.612 0.695 0
0.613 0.677 0
0.658 0.732 0
0.609 0.671 0
0.564 0.715 0
0.598 0.68 0
0.6 0.66 0
0.653 0.699 0
0.663 0.676 0
0.615 0.677 0
0.592 0.712 0
0.575 0.664 0
