0.477 0.552 0
0.545 0.531 0
0.48 0.49 0
0.506 0.534 0
0.52 0.528 0
0.535 0.538 0
0.497 0.49 0
0.533 0.515 0
0.536 0.558 0
0.502 0.57 0
0.547 0.503 0
0.485 0.569 0
0.488 0.516 0
0.511 0.56 0
0.482 0.541 0
0.537 0.563 0
0.529 0.518 0
0.524 0.554 0
0.49 0.503 0
0.555 0.545 0
0.53 0.525 0
0.48 0.523 0
0.523 0.557 0
0.503 0.541 0
0.49 0.551 0
0.545 0.544 0
0.552 0.549 0
0.523 0.504 0
0.499 0.501 0
0.562 0.567 0
0.563 0.573 0
0.521 0.506 0
0.562 0.563 0
0.472 0.491 0
0.528 0.532 0
0.503 0.559 0
0.482 0.559 0
0.511 0.542 0
0.564 0.494 0
0.527 0.482 0
0.498 0.498 0
0.483 0.567 0
0.475 0.556 0
0.525 0.538 0
0.491 0.52 0
0.561 0.542 0
0.478 0.516 0
0.494 0.506 0
0.562 0.483 0
0.562 0.557 0
0.559 0.567 0
0.489 0.558 0
0.47 0.503 0
0.556 0.573 0
0.513 0.486 0
0.523 0.491 0
0.524 0.553 0
0.541 0.491 0
0.469 0.484 0
0.513 0.546 0
0.507 0.491 0
0.552 0.525 0
0.532 0.533 0
0.539 0.516 0
0.499 0.531 0
0.512 0.51 0
0.553 0.534 0
0.488 0.567 0
0.492 0.498 0
0.47 0.482 0
0.538 0.513 0
0.494 0.515 0
0.548 0.544 0
0.562 0.49 0
0.53 0.534 0
0.529 0.492 0
0.561 0.525 0
0.508 0.55 0
0.525 0.515 0
0.545 0.577 0
0.475 0.524 0
0.471 0.484 0
0.496 0.565 0
0.52 0.564 0
0.509 0.562 0
0.499 0.568 0
0.551 0.489 0
0.548 0.552 0
0.534 0.56 0
0.533 0.556 0
0.561 0.539 0
0.489 0.511 0
0.481 0.552 0
0.553 0.508 0
0.521 0.538 0
0.509 0.561 0
0.473 0.482 0
0.533 0.502 0
0.536 0.545 0
0.565 0.516 0
0.548 0.536 0
0.574 0.559 0
0.556 0.548 0
0.568 0.553 0
0.582 0.527 0
0.513 0.493 0
0.553 0.569 0
0.558 0.495 0
0.543 0.565 0
0.56 0.558 0
0.587 0.48 0
0.539 0.578 0
0.535 0.514 0
0.56 0.501 0
0.507 0.541 0
0.498 0.543 0
0.569 0.497 0
0.594 0.492 0
0.51 0.529 0
0.553 0.505 0
0.501 0.567 0
0.533 0.563 0
0.576 0.521 0
0.567 0.508 0
0.503 0.571 0
0.572 0.501 0
0.591 0.556 0
0.542 0.548 0
0.527 0.504 0
0.532 0.572 0
0.499 0.502 0
0.511 0.529 0
0.586 0.552 0
0.582 0.566 0
0.535 0.567 0
0.58 0.523 0
0.528 0.519 0
0.52 0.506 0
0.594 0.488 0
0.514 0.536 0
0.561 0.511 0
0.581 0.558 0
0.596 0.515 0
0.522 0.578 0
0.518 0.568 0
0.596 0.516 0
0.499 0.563 0
0.585 0.481 0
0.558 0.531 0
0.577 0.505 0
0.596 0.501 0
0.574 0.52 0
0.59 0.512 0
0.581 0.554 0
0.593 0.567 0
0.546 0.482 0
0.51 0.533 0
0.558 0.487 0
0.594 0.507 0
0.512 0.537 0
0.501 0.487 0
0.53 0.505 0
0.58 0.49 0
0.526 0.543 0
0.596 0.567 0
0.551 0.526 0
0.583 0.578 0
0.58 0.572 0
0.534 0.576 0
0.524 0.535 0
0.568 0.507 0
0.544 0.546 0
0.51 0.551 0
0.522 0.507 0
0.541 0.552 0
0.513 0.491 0
0.577 0.492 0
0.506 0.5 0
0.513 0.494 0
0.561 0.497 0
0.556 0.485 0
0.556 0.577 0
0.541 0.56 0
0.55 0.553 0
0.524 0.508 0
0.587 0.481 0
0.572 0.573 0
0.589 0.517 0
0.517 0.543 0
0.562 0.564 0
0.539 0.564 0
0.569 0.483 0
0.556 0.556 0
0.564 0.514 0
0.502 0.548 0
0.517 0.577 0
0.515 0.479 0
0.59 0.491 0
0.596 0.499 0
0.587 0.535 0
0.614 0.572 0
0.591 0.504 0
0.613 0.484 0
0.592 0.54 0
0.573 0.562 0
0.606 0.48 0
0.659 0.499 0
0.665 0.552 0
0.651 0.579 0
0.573 0.549 0
0.64 0.517 0
0.595 0.555 0
0.644 0.541 0
0.661 0.483 0
0.603 0.512 0
0.595 0.518 0
0.631 0.553 0
0.583 0.481 0
0.62 0.501 0
0.666 0.516 0
0.591 0.499 0
0.604 0.508 0
0.658 0.502 0
0.624 0.549 0
0.66 0.499 0
0.593 0.504 0
0.579 0.494 0
0.646 0.566 0
0.614 0.563 0
0.652 0.525 0
0.622 0.558 0
0.645 0.577 0
0.612 0.538 0
0.648 0.498 0
0.582 0.518 0
0.664 0.554 0
0.577 0.484 0
0.658 0.577 0
0.628 0.534 0
0.655 0.563 0
0.58 0.504 0
0.585 0.487 0
0.649 0.55 0
0.6 0.515 0
0.606 0.505 0
0.621 0.567 0
0.653 0.511 0
0.618 0.539 0
0.641 0.549 0
0.65 0.571 0
0.604 0.51 0
0.605 0.535 0
0.583 0.555 0
0.633 0.548 0
0.579 0.479 0
0.628 0.579 0
0.669 0.549 0
0.581 0.567 0
0.632 0.529 0
0.579 0.48 0
0.639 0.569 0
0.593 0.512 0
0.595 0.505 0
0.628 0.517 0
0.638 0.519 0
0.615 0.54 0
0.57 0.553 0
0.574 0.536 0
0.595 0.518 0
0.635 0.555 0
0.669 0.567 0
0.641 0.537 0
0.624 0.538 0
0.657 0.485 0
0.642 0.518 0
0.665 0.578 0
0.658 0.52 0
0.585 0.52 0
0.643 0.53 0
0.648 0.558 0
0.646 0.518 0
0.668 0.544 0
0.657 0.511 0
0.596 0.491 0
0.605 0.549 0
0.665 0.482 0
0.632 0.533 0
0.596 0.506 0
0.67 0.572 0
0.653 0.495 0
0.58 0.492 0
0.572 0.525 0
0.615 0.566 0
0.67 0.559 0
0.576 0.576 0
0.655 0.563 0
0.609 0.489 0
0.596 0.564 0
0.583 0.553 0
0.6 0.512 0
0.657 0.555 0
0.618 0.537 0
0.698 0.584 0
0.625 0.516 0
0.665 0.532 0
0.675 0.497 0
0.685 0.52 0
0.647 0.549 0
0.643 0.553 0
0.638 0.58 0
0.641 0.519 0
0.634 0.5 0
0.659 0.508 0
0.663 0.524 0
0.696 0.497 0
0.676 0.54 0
0.679 0.512 0
0.682 0.503 0
0.676 0.521 0
0.654 0.498 0
0.619 0.571 0
0.696 0.521 0
0.647 0.507 0
0.638 0.496 0
0.698 0.58 0
0.671 0.547 0
0.642 0.503 0
0.662 0.487 0
0.688 0.497 0
0.67 0.576 0
0.672 0.565 0
0.687 0.51 0
0.669 0.505 0
0.6 0.492 0
0.613 0.57 0
0.659 0.579 0
0.606 0.542 0
0.652 0.52 0
0.631 0.533 0
0.667 0.545 0
0.622 0.5 0
0.631 0.563 0
0.644 0.561 0
0.613 0.536 0
0.617 0.541 0
0.69 0.548 0
0.66 0.506 0
0.663 0.51 0
0.65 0.518 0
0.662 0.525 0
0.689 0.514 0
0.608 0.491 0
0.686 0.51 0
0.602 0.537 0
0.666 0.577 0
0.667 0.563 0
0.65 0.486 0
0.667 0.508 0
0.675 0.542 0
0.613 0.532 0
0.607 0.518 0
0.665 0.553 0
0.677 0.504 0
0.66 0.539 0
0.635 0.564 0
0.668 0.556 0
0.693 0.544 0
0.606 0.532 0
0.614 0.559 0
0.689 0.503 0
0.654 0.494 0
0.63 0.582 0
0.599 0.533 0
0.669 0.565 0
0.696 0.515 0
0.67 0.504 0
0.639 0.562 0
0.631 0.583 0
0.625 0.567 0
0.673 0.558 0
0.607 0.533 0
0.637 0.494 0
0.61 0.521 0
0.651 0.528 0
0.657 0.546 0
0.644 0.564 0
0.673 0.497 0
0.661 0.491 0
0.685 0.555 0
0.698 0.514 0
0.669 0.541 0
0.676 0.504 0
0.625 0.512 0
0.687 0.574 0
0.636 0.525 0
0.632 0.54 0
0.68 0.565 0
0.686 0.509 0
0.634 0.498 0
0.649 0.553 0
0.672 0.502 0
0.635 0.497 0
0.666 0.552 0
0.709 0.561 0
0.701 0.576 0
0.632 0.585 0
0.684 0.572 0
0.732 0.516 0
0.677 0.529 0
0.715 0.497 0
0.646 0.548 0
0.643 0.546 0
0.728 0.59 0
0.698 0.578 0
0.728 0.57 0
0.67 0.586 0
0.667 0.511 0
0.684 0.517 0
0.726 0.525 0
0.699 0.509 0
0.674 0.563 0
0.693 0.561 0
0.715 0.585 0
0.658 0.497 0
0.68 0.59 0
0.729 0.587 0
0.691 0.575 0
0.657 0.515 0
0.674 0.554 0
0.679 0.512 0
0.71 0.538 0
0.67 0.564 0
0.73 0.542 0
0.724 0.541 0
0.636 0.521 0
0.649 0.573 0
0.642 0.565 0
0.639 0.523 0
0.672 0.532 0
0.715 0.552 0
0.69 0.506 0
0.655 0.507 0
0.677 0.508 0
0.692 0.497 0
0.686 0.559 0
0.68 0.567 0
0.717 0.53 0
0.696 0.585 0
0.702 0.556 0
0.651 0.549 0
0.668 0.519 0
0.726 0.57 0
0.719 0.558 0
0.721 0.519 0
0.716 0.558 0
0.639 0.588 0
0.665 0.565 0
0.73 0.535 0
0.708 0.59 0
0.635 0.565 0
0.658 0.565 0
0.699 0.585 0
0.724 0.504 0
0.647 0.558 0
0.722 0.507 0
0.676 0.543 0
0.691 0.545 0
0.712 0.58 0
0.723 0.496 0
0.686 0.504 0
0.732 0.533 0
0.658 0.558 0
0.632 0.584 0
0.644 0.573 0
0.635 0.509 0
0.674 0.58 0
0.721 0.586 0
0.732 0.592 0
0.703 0.56 0
0.722 0.501 0
0.713 0.509 0
0.72 0.559 0
0.648 0.52 0
0.645 0.561 0
0.702 0.581 0
0.645 0.565 0
0.652 0.575 0
0.643 0.59 0
0.691 0.505 0
0.688 0.572 0
0.673 0.506 0
0.695 0.56 0
0.685 0.51 0
0.658 0.596 0
0.676 0.543 0
0.635 0.525 0
0.708 0.549 0
0.669 0.514 0
0.701 0.504 0
0.692 0.518 0
0.714 0.602 0
0.674 0.547 0
0.727 0.55 0
0.696 0.564 0
0.729 0.55 0
0.724 0.608 0
0.734 0.524 0
0.662 0.547 0
0.73 0.54 0
0.754 0.511 0
0.715 0.585 0
0.746 0.538 0
0.667 0.57 0
0.729 0.546 0
0.665 0.536 0
0.722 0.591 0
0.69 0.527 0
0.664 0.596 0
0.704 0.588 0
0.738 0.57 0
0.729 0.596 0
0.75 0.607 0
0.744 0.553 0
0.714 0.547 0
0.685 0.53 0
0.74 0.548 0
0.724 0.573 0
0.745 0.57 0
0.669 0.567 0
0.658 0.598 0
0.701 0.564 0
0.697 0.532 0
0.676 0.549 0
0.74 0.566 0
0.689 0.579 0
0.751 0.513 0
0.677 0.595 0
0.712 0.553 0
0.717 0.55 0
0.718 0.581 0
0.719 0.554 0
0.671 0.583 0
0.677 0.604 0
0.674 0.53 0
0.705 0.566 0
0.7 0.524 0
0.75 0.59 0
0.687 0.529 0
0.671 0.608 0
0.7 0.543 0
0.735 0.569 0
0.704 0.527 0
0.679 0.551 0
0.74 0.522 0
0.658 0.571 0
0.727 0.587 0
0.705 0.597 0
0.72 0.512 0
0.657 0.512 0
0.736 0.589 0
0.71 0.54 0
0.751 0.577 0
0.657 0.551 0
0.698 0.583 0
0.74 0.539 0
0.697 0.544 0
0.731 0.561 0
0.745 0.575 0
0.689 0.528 0
0.679 0.602 0
0.739 0.516 0
0.752 0.571 0
0.722 0.523 0
0.742 0.521 0
0.727 0.535 0
0.734 0.593 0
0.667 0.54 0
0.72 0.593 0
0.676 0.534 0
0.754 0.543 0
0.738 0.549 0
0.744 0.593 0
0.725 0.563 0
0.747 0.516 0
0.71 0.542 0
0.718 0.581 0
0.733 0.586 0
0.714 0.608 0
0.722 0.56 0
0.722 0.529 0
0.667 0.605 0
0.707 0.577 0
0.711 0.539 0
0.753 0.601 0
0.713 0.53 0
0.719 0.583 0
0.687 0.557 0
0.678 0.601 0
0.674 0.515 0
0.728 0.571 0
0.73 0.571 0
0.675 0.638 0
0.746 0.583 0
0.692 0.579 0
0.73 0.619 0
0.742 0.605 0
0.719 0.553 0
0.717 0.568 0
0.766 0.617 0
0.704 0.598 0
0.733 0.592 0
0.705 0.583 0
0.675 0.57 0
0.723 0.632 0
0.735 0.617 0
0.731 0.616 0
0.686 0.567 0
0.691 0.635 0
0.766 0.573 0
0.679 0.585 0
0.704 0.621 0
0.7 0.589 0
0.76 0.604 0
0.749 0.607 0
0.738 0.607 0
0.756 0.613 0
0.75 0.612 0
0.731 0.588 0
0.693 0.602 0
0.676 0.554 0
0.708 0.633 0
0.681 0.629 0
0.743 0.599 0
0.693 0.615 0
0.725 0.592 0
0.674 0.605 0
0.677 0.627 0
0.699 0.618 0
0.774 0.558 0
0.704 0.599 0
0.692 0.635 0
0.691 0.579 0
0.753 0.565 0
0.685 0.587 0
0.758 0.558 0
0.698 0.588 0
0.745 0.539 0
0.708 0.618 0
0.751 0.583 0
0.676 0.629 0
0.773 0.63 0
0.703 0.549 0
0.771 0.617 0
0.69 0.593 0
0.731 0.623 0
0.757 0.564 0
0.686 0.616 0
0.697 0.608 0
0.693 0.55 0
0.702 0.56 0
0.763 0.56 0
0.707 0.551 0
0.73 0.545 0
0.738 0.538 0
0.7 0.575 0
0.762 0.577 0
0.722 0.566 0
0.703 0.544 0
0.686 0.586 0
0.709 0.592 0
0.765 0.607 0
0.755 0.606 0
0.747 0.616 0
0.723 0.598 0
0.755 0.551 0
0.719 0.584 0
0.75 0.568 0
0.736 0.549 0
0.758 0.611 0
0.693 0.61 0
0.699 0.573 0
0.769 0.593 0
0.691 0.63 0
0.746 0.585 0
0.725 0.566 0
0.77 0.607 0
0.755 0.551 0
0.679 0.634 0
0.675 0.638 0
0.676 0.589 0
0.717 0.583 0
0.689 0.589 0
0.737 0.565 0
0.709 0.582 0
0.712 0.588 0
0.737 0.574 0
0.727 0.54 0
0.713 0.63 0
0.73 0.547 0
0.772 0.569 0
0.765 0.613 0
0.691 0.586 0
0.773 0.64 0
0.699 0.631 0
0.771 0.668 0
0.718 0.676 0
0.758 0.642 0
0.752 0.586 0
0.76 0.629 0
0.702 0.625 0
0.708 0.653 0
0.769 0.671 0
0.697 0.634 0
0.684 0.673 0
0.75 0.577 0
0.778 0.623 0
0.735 0.63 0
0.761 0.623 0
0.763 0.676 0
0.74 0.598 0
0.744 0.63 0
0.764 0.592 0
0.724 0.662 0
0.761 0.604 0
0.704 0.613 0
0.778 0.654 0
0.743 0.603 0
0.772 0.662 0
0.725 0.65 0
0.746 0.66 0
0.742 0.657 0
0.744 0.648 0
0.778 0.665 0
0.688 0.596 0
0.684 0.642 0
0.732 0.663 0
0.694 0.602 0
0.692 0.62 0
0.691 0.634 0
0.712 0.646 0
0.737 0.585 0
0.758 0.632 0
0.748 0.603 0
0.762 0.647 0
0.749 0.636 0
0.746 0.668 0
0.762 0.594 0
0.765 0.661 0
0.73 0.577 0
0.746 0.646 0
0.707 0.58 0
0.737 0.673 0
0.782 0.659 0
0.702 0.654 0
0.753 0.649 0
0.753 0.598 0
0.695 0.607 0
0.74 0.607 0
0.735 0.647 0
0.74 0.605 0
0.729 0.632 0
0.755 0.594 0
0.702 0.669 0
0.773 0.588 0
0.725 0.632 0
0.762 0.58 0
0.689 0.622 0
0.741 0.61 0
0.743 0.657 0
0.688 0.635 0
0.728 0.633 0
0.743 0.603 0
0.762 0.669 0
0.73 0.641 0
0.717 0.609 0
0.772 0.616 0
0.768 0.58 0
0.755 0.677 0
0.736 0.581 0
0.774 0.653 0
0.767 0.64 0
0.783 0.597 0
0.758 0.666 0
0.692 0.665 0
0.708 0.673 0
0.691 0.617 0
0.726 0.578 0
0.78 0.593 0
0.694 0.671 0
0.684 0.673 0
0.751 0.593 0
0.77 0.629 0
0.717 0.659 0
0.747 0.583 0
0.716 0.616 0
0.78 0.651 0
0.733 0.598 0
0.746 0.671 0
0.723 0.669 0
0.74 0.6 0
0.696 0.664 0
0.716 0.68 0
0.703 0.634 0
0.711 0.678 0
0.683 0.63 0
0.709 0.68 0
0.743 0.655 0
0.727 0.648 0
0.691 0.685 0
0.685 0.653 0
0.722 0.617 0
0.752 0.656 0
0.77 0.681 0
0.704 0.702 0
0.693 0.654 0
0.772 0.687 0
0.76 0.654 0
0.78 0.672 0
0.704 0.62 0
0.691 0.633 0
0.751 0.658 0
0.714 0.674 0
0.725 0.622 0
0.713 0.635 0
0.747 0.627 0
0.725 0.624 0
0.771 0.62 0
0.737 0.68 0
0.775 0.618 0
0.743 0.615 0
0.691 0.686 0
0.77 0.691 0
0.706 0.66 0
0.734 0.677 0
0.746 0.678 0
0.684 0.615 0
0.699 0.622 0
0.779 0.641 0
0.705 0.709 0
0.751 0.685 0
0.734 0.68 0
0.735 0.712 0
0.681 0.691 0
0.754 0.636 0
0.706 0.702 0
0.711 0.652 0
0.745 0.629 0
0.718 0.627 0
0.714 0.682 0
0.693 0.639 0
0.771 0.666 0
0.715 0.649 0
0.701 0.669 0
0.734 0.626 0
0.758 0.693 0
0.687 0.629 0
0.693 0.712 0
0.738 0.634 0
0.769 0.699 0
0.777 0.681 0
0.725 0.707 0
0.779 0.615 0
0.734 0.708 0
0.762 0.643 0
0.75 0.703 0
0.769 0.702 0
0.751 0.635 0
0.76 0.701 0
0.726 0.63 0
0.746 0.655 0
0.73 0.675 0
0.729 0.62 0
0.751 0.686 0
0.746 0.683 0
0.761 0.685 0
0.744 0.681 0
0.689 0.685 0
0.749 0.709 0
0.72 0.62 0
0.727 0.711 0
0.698 0.699 0
0.696 0.674 0
0.767 0.7 0
0.733 0.71 0
0.736 0.647 0
0.751 0.714 0
0.72 0.619 0
0.758 0.64 0
0.77 0.626 0
0.716 0.641 0
0.742 0.67 0
0.76 0.667 0
0.778 0.661 0
0.712 0.65 0
0.715 0.676 0
0.761 0.706 0
0.696 0.702 0
0.687 0.628 0
0.73 0.699 0
0.729 0.664 0
0.675 0.701 0
0.751 0.716 0
0.705 0.665 0
0.757 0.704 0
0.682 0.655 0
0.742 0.7 0
0.761 0.733 0
0.759 0.739 0
0.748 0.682 0
0.762 0.652 0
0.728 0.646 0
0.689 0.676 0
0.735 0.746 0
0.732 0.722 0
0.717 0.661 0
0.686 0.741 0
0.683 0.691 0
0.738 0.687 0
0.675 0.673 0
0.741 0.699 0
0.735 0.69 0
0.766 0.691 0
0.708 0.653 0
0.687 0.658 0
0.688 0.737 0
0.725 0.676 0
0.706 0.722 0
0.762 0.741 0
0.671 0.684 0
0.746 0.669 0
0.69 0.672 0
0.716 0.667 0
0.681 0.66 0
0.695 0.699 0
0.719 0.669 0
0.712 0.737 0
0.678 0.661 0
0.72 0.729 0
0.687 0.648 0
0.698 0.675 0
0.747 0.656 0
0.737 0.68 0
0.743 0.742 0
0.745 0.684 0
0.731 0.696 0
0.724 0.73 0
0.747 0.732 0
0.708 0.668 0
0.707 0.732 0
0.724 0.698 0
0.717 0.732 0
0.702 0.671 0
0.67 0.652 0
0.713 0.745 0
0.671 0.685 0
0.725 0.653 0
0.69 0.716 0
0.716 0.649 0
0.714 0.656 0
0.723 0.651 0
0.734 0.678 0
0.752 0.735 0
0.683 0.717 0
0.758 0.721 0
0.733 0.699 0
0.694 0.691 0
0.727 0.651 0
0.676 0.688 0
0.74 0.681 0
0.736 0.743 0
0.733 0.726 0
0.74 0.687 0
0.746 0.687 0
0.689 0.66 0
0.697 0.698 0
0.721 0.728 0
0.707 0.721 0
0.705 0.679 0
0.707 0.714 0
0.706 0.701 0
0.7 0.724 0
0.698 0.736 0
0.703 0.738 0
0.682 0.657 0
0.679 0.745 0
0.71 0.732 0
0.708 0.742 0
0.713 0.68 0
0.675 0.703 0
0.764 0.718 0
0.736 0.668 0
0.717 0.737 0
0.691 0.704 0
0.702 0.705 0
0.756 0.71 0
0.753 0.724 0
0.713 0.703 0
0.715 0.727 0
0.678 0.728 0
0.697 0.713 0
0.654 0.776 0
0.657 0.702 0
0.667 0.727 0
0.66 0.709 0
0.728 0.778 0
0.715 0.762 0
0.73 0.7 0
0.743 0.706 0
0.731 0.732 0
0.72 0.782 0
0.698 0.727 0
0.68 0.791 0
0.73 0.787 0
0.653 0.774 0
0.663 0.785 0
0.666 0.756 0
0.681 0.727 0
0.681 0.765 0
0.697 0.741 0
0.677 0.745 0
0.726 0.72 0
0.659 0.719 0
0.737 0.762 0
0.706 0.761 0
0.647 0.698 0
0.732 0.705 0
0.679 0.695 0
0.738 0.706 0
0.712 0.717 0
0.725 0.713 0
0.672 0.722 0
0.697 0.721 0
0.692 0.768 0
0.7 0.765 0
0.653 0.718 0
0.658 0.695 0
0.673 0.74 0
0.679 0.779 0
0.727 0.728 0
0.681 0.729 0
0.672 0.762 0
0.716 0.72 0
0.734 0.726 0
0.696 0.765 0
0.734 0.78 0
0.653 0.697 0
0.67 0.781 0
0.706 0.711 0
0.733 0.721 0
0.7 0.781 0
0.743 0.7 0
0.683 0.715 0
0.684 0.757 0
0.646 0.743 0
0.697 0.753 0
0.67 0.723 0
0.673 0.713 0
0.664 0.723 0
0.669 0.778 0
0.669 0.728 0
0.702 0.737 0
0.717 0.757 0
0.697 0.73 0
0.725 0.732 0
0.654 0.702 0
0.708 0.718 0
0.657 0.745 0
0.722 0.775 0
0.73 0.792 0
0.743 0.775 0
0.742 0.771 0
0.705 0.784 0
0.709 0.767 0
0.664 0.703 0
0.644 0.725 0
0.682 0.759 0
0.644 0.731 0
0.666 0.765 0
0.687 0.705 0
0.66 0.776 0
0.672 0.791 0
0.674 0.738 0
0.673 0.717 0
0.661 0.749 0
0.654 0.788 0
0.653 0.769 0
0.678 0.729 0
0.706 0.733 0
0.682 0.792 0
0.738 0.711 0
0.683 0.699 0
0.74 0.778 0
0.705 0.763 0
0.723 0.726 0
0.678 0.761 0
0.669 0.725 0
0.722 0.756 0
0.649 0.743 0
0.643 0.706 0
0.698 0.786 0
0.684 0.774 0
0.693 0.732 0
0.636 0.743 0
0.661 0.771 0
0.642 0.798 0
0.638 0.766 0
0.631 0.749 0
0.687 0.751 0
0.668 0.768 0
0.701 0.754 0
0.65 0.809 0
0.631 0.738 0
0.641 0.756 0
0.631 0.788 0
0.685 0.743 0
0.666 0.722 0
0.639 0.799 0
0.624 0.719 0
0.711 0.797 0
0.627 0.792 0
0.65 0.723 0
0.636 0.765 0
0.653 0.8 0
0.648 0.804 0
0.675 0.764 0
0.616 0.755 0
0.655 0.724 0
0.659 0.738 0
0.626 0.748 0
0.654 0.764 0
0.619 0.785 0
0.665 0.744 0
0.716 0.782 0
0.647 0.771 0
0.668 0.732 0
0.621 0.753 0
0.702 0.738 0
0.696 0.777 0
0.698 0.739 0
0.636 0.744 0
0.632 0.797 0
0.642 0.791 0
0.618 0.779 0
0.63 0.744 0
0.624 0.816 0
0.634 0.779 0
0.662 0.745 0
0.706 0.779 0
0.656 0.799 0
0.662 0.759 0
0.676 0.777 0
0.647 0.78 0
0.622 0.782 0
0.693 0.74 0
0.616 0.795 0
0.623 0.765 0
0.626 0.817 0
0.699 0.812 0
0.677 0.761 0
0.646 0.778 0
0.663 0.775 0
0.687 0.75 0
0.708 0.772 0
0.67 0.75 0
0.682 0.794 0
0.664 0.788 0
0.671 0.772 0
0.668 0.741 0
0.693 0.817 0
0.618 0.738 0
0.682 0.76 0
0.706 0.748 0
0.636 0.727 0
0.678 0.809 0
0.634 0.788 0
0.692 0.743 0
0.657 0.733 0
0.713 0.76 0
0.698 0.794 0
0.64 0.755 0
0.695 0.758 0
0.7 0.724 0
0.655 0.746 0
0.621 0.79 0
0.664 0.764 0
0.712 0.758 0
0.692 0.748 0
0.624 0.795 0
0.654 0.757 0
0.629 0.807 0
0.697 0.778 0
0.716 0.811 0
0.63 0.785 0
0.66 0.77 0
0.654 0.788 0
0.704 0.769 0
0.703 0.812 0
0.627 0.783 0
0.662 0.774 0
0.697 0.731 0
0.691 0.777 0
0.67 0.768 0
0.655 0.754 0
0.69 0.823 0
0.618 0.819 0
0.65 0.793 0
0.614 0.755 0
0.605 0.806 0
0.651 0.802 0
0.601 0.796 0
0.635 0.782 0
0.644 0.739 0
0.674 0.831 0
0.596 0.759 0
0.665 0.814 0
0.601 0.746 0
0.663 0.76 0
0.615 0.733 0
0.68 0.777 0
0.655 0.75 0
0.693 0.758 0
0.612 0.801 0
0.69 0.791 0
0.621 0.732 0
0.67 0.787 0
0.642 0.787 0
0.659 0.81 0
0.667 0.812 0
0.616 0.762 0
0.656 0.731 0
0.612 0.746 0
0.634 0.804 0
0.639 0.831 0
0.631 0.797 0
0.654 0.753 0
0.608 0.783 0
0.652 0.821 0
0.594 0.829 0
0.67 0.822 0
0.628 0.817 0
0.663 0.812 0
0.622 0.76 0
0.66 0.784 0
0.693 0.809 0
0.619 0.733 0
0.614 0.802 0
0.606 0.791 0
0.661 0.825 0
0.604 0.768 0
0.64 0.82 0
0.668 0.777 0
0.611 0.793 0
0.676 0.773 0
0.671 0.758 0
0.645 0.802 0
0.678 0.811 0
0.684 0.806 0
0.604 0.774 0
0.595 0.808 0
0.644 0.811 0
0.626 0.751 0
0.677 0.79 0
0.623 0.813 0
0.666 0.769 0
0.621 0.8 0
0.672 0.78 0
0.602 0.828 0
0.596 0.744 0
0.594 0.831 0
0.681 0.744 0
0.629 0.784 0
0.627 0.745 0
0.672 0.795 0
0.655 0.742 0
0.677 0.823 0
0.671 0.776 0
0.595 0.743 0
0.621 0.778 0
0.625 0.781 0
0.651 0.83 0
0.654 0.736 0
0.664 0.789 0
0.665 0.818 0
0.691 0.816 0
0.642 0.796 0
0.633 0.77 0
0.624 0.741 0
0.651 0.81 0
0.637 0.736 0
0.596 0.769 0
0.649 0.75 0
0.67 0.757 0
0.642 0.786 0
0.637 0.741 0
0.692 0.75 0
0.673 0.8 0
0.671 0.802 0
0.666 0.831 0
0.676 0.78 0
0.655 0.828 0
0.564 0.777 0
0.569 0.759 0
0.556 0.809 0
0.549 0.811 0
0.585 0.774 0
0.56 0.831 0
0.581 0.765 0
0.632 0.761 0
0.611 0.79 0
0.617 0.754 0
0.551 0.845 0
0.597 0.826 0
0.567 0.766 0
0.611 0.802 0
0.592 0.762 0
0.607 0.833 0
0.616 0.816 0
0.543 0.83 0
0.617 0.772 0
0.548 0.818 0
0.629 0.835 0
0.62 0.75 0
0.617 0.823 0
0.54 0.795 0
0.581 0.81 0
0.555 0.808 0
0.624 0.821 0
0.627 0.763 0
0.547 0.844 0
0.613 0.748 0
0.549 0.803 0
0.62 0.842 0
0.563 0.773 0
0.568 0.784 0
0.538 0.796 0
0.578 0.784 0
0.636 0.762 0
0.597 0.762 0
0.607 0.826 0
0.56 0.797 0
0.554 0.755 0
0.556 0.792 0
0.569 0.804 0
0.59 0.756 0
0.563 0.767 0
0.541 0.775 0
0.623 0.846 0
0.628 0.834 0
0.61 0.812 0
0.616 0.838 0
0.547 0.817 0
0.579 0.824 0
0.633 0.841 0
0.548 0.763 0
0.612 0.758 0
0.568 0.815 0
0.562 0.765 0
0.586 0.754 0
0.568 0.826 0
0.591 0.812 0
0.616 0.75 0
0.586 0.767 0
0.57 0.778 0
0.594 0.759 0
0.602 0.79 0
0.543 0.835 0
0.63 0.785 0
0.604 0.841 0
0.548 0.765 0
0.544 0.787 0
0.588 0.836 0
0.624 0.778 0
0.539 0.756 0
0.576 0.788 0
0.557 0.806 0
0.589 0.788 0
0.566 0.77 0
0.616 0.759 0
0.63 0.843 0
0.538 0.839 0
0.541 0.804 0
0.597 0.798 0
0.576 0.788 0
0.623 0.781 0
0.541 0.839 0
0.605 0.765 0
0.607 0.815 0
0.617 0.77 0
0.54 0.755 0
0.568 0.796 0
0.567 0.803 0
0.602 0.746 0
0.611 0.831 0
0.593 0.786 0
0.636 0.807 0
0.588 0.776 0
0.626 0.789 0
0.55 0.817 0
0.606 0.821 0
0.588 0.811 0
0.568 0.855 0
0.533 0.838 0
0.479 0.8 0
0.556 0.801 0
0.556 0.824 0
0.503 0.819 0
0.486 0.792 0
0.564 0.834 0
0.503 0.812 0
0.518 0.769 0
0.534 0.81 0
0.48 0.802 0
0.567 0.833 0
0.498 0.849 0
0.506 0.766 0
0.501 0.836 0
0.571 0.824 0
0.531 0.796 0
0.499 0.858 0
0.481 0.812 0
0.498 0.821 0
0.564 0.797 0
0.551 0.833 0
0.558 0.825 0
0.552 0.82 0
0.568 0.851 0
0.564 0.764 0
0.529 0.854 0
0.548 0.768 0
0.536 0.84 0
0.54 0.788 0
0.513 0.785 0
0.492 0.783 0
0.556 0.813 0
0.573 0.846 0
0.548 0.849 0
0.48 0.828 0
0.476 0.775 0
0.504 0.806 0
0.547 0.818 0
0.522 0.77 0
0.513 0.84 0
0.571 0.836 0
0.545 0.826 0
0.54 0.834 0
0.548 0.815 0
0.499 0.77 0
0.56 0.833 0
0.574 0.825 0
0.534 0.797 0
0.518 0.839 0
0.507 0.843 0
0.482 0.839 0
0.535 0.789 0
0.482 0.766 0
0.484 0.795 0
0.49 0.812 0
0.506 0.84 0
0.561 0.778 0
0.538 0.829 0
0.523 0.815 0
0.502 0.858 0
0.53 0.83 0
0.487 0.766 0
0.546 0.831 0
0.575 0.782 0
0.521 0.823 0
0.481 0.829 0
0.475 0.831 0
0.554 0.831 0
0.537 0.858 0
0.507 0.819 0
0.51 0.808 0
0.551 0.801 0
0.558 0.793 0
0.565 0.78 0
0.492 0.805 0
0.512 0.782 0
0.496 0.828 0
0.481 0.799 0
0.487 0.841 0
0.535 0.79 0
0.56 0.833 0
0.52 0.762 0
0.55 0.819 0
0.504 0.846 0
0.57 0.816 0
0.525 0.798 0
0.494 0.783 0
0.556 0.776 0
0.486 0.849 0
0.554 0.777 0
0.544 0.839 0
0.549 0.82 0
0.55 0.771 0
0.486 0.809 0
0.555 0.832 0
0.526 0.791 0
0.483 0.812 0
0.554 0.847 0
0.433 0.802 0
0.471 0.797 0
0.451 0.821 0
0.489 0.802 0
0.477 0.814 0
0.474 0.79 0
0.456 0.792 0
0.449 0.857 0
0.472 0.833 0
0.42 0.792 0
0.455 0.839 0
0.41 0.831 0
0.433 0.789 0
0.468 0.796 0
0.473 0.811 0
0.412 0.769 0
0.441 0.855 0
0.432 0.8 0
0.445 0.772 0
0.436 0.774 0
0.458 0.773 0
0.431 0.812 0
0.442 0.858 0
0.409 0.832 0
0.492 0.794 0
0.48 0.79 0
0.439 0.843 0
0.426 0.802 0
0.475 0.766 0
0.473 0.844 0
0.423 0.823 0
0.438 0.794 0
0.456 0.784 0
0.446 0.849 0
0.438 0.857 0
0.411 0.783 0
0.432 0.779 0
0.462 0.776 0
0.49 0.775 0
0.492 0.811 0
0.418 0.828 0
0.449 0.776 0
0.444 0.85 0
0.408 0.828 0
0.451 0.777 0
0.409 0.806 0
0.442 0.758 0
0.464 0.855 0
0.483 0.779 0
0.412 0.816 0
0.463 0.763 0
0.467 0.76 0
0.414 0.802 0
0.416 0.849 0
0.483 0.779 0
0.475 0.834 0
0.41 0.853 0
0.494 0.8 0
0.453 0.774 0
0.447 0.832 0
0.415 0.793 0
0.508 0.835 0
0.469 0.793 0
0.44 0.777 0
0.46 0.764 0
0.413 0.854 0
0.421 0.767 0
0.426 0.826 0
0.433 0.758 0
0.489 0.843 0
0.459 0.765 0
0.488 0.852 0
0.437 0.76 0
0.489 0.787 0
0.46 0.765 0
0.477 0.761 0
0.416 0.82 0
0.504 0.791 0
0.459 0.77 0
0.483 0.791 0
0.499 0.808 0
0.479 0.822 0
0.504 0.798 0
0.417 0.782 0
0.493 0.781 0
0.411 0.824 0
0.5 0.816 0
0.504 0.85 0
0.477 0.778 0
0.456 0.784 0
0.436 0.758 0
0.492 0.773 0
0.484 0.784 0
0.484 0.795 0
0.435 0.771 0
0.41 0.85 0
0.469 0.817 0
0.432 0.763 0
0.442 0.796 0
0.497 0.79 0
0.39 0.822 0
0.411 0.814 0
0.438 0.763 0
0.394 0.795 0
0.448 0.761 0
0.437 0.795 0
0.424 0.759 0
0.409 0.81 0
0.465 0.795 0
0.444 0.839 0
0.405 0.769 0
0.466 0.777 0
0.405 0.836 0
0.4 0.791 0
0.38 0.779 0
0.465 0.822 0
0.404 0.796 0
0.378 0.769 0
0.438 0.831 0
0.379 0.758 0
0.465 0.84 0
0.416 0.844 0
0.383 0.847 0
0.399 0.804 0
0.427 0.818 0
0.38 0.801 0
0.415 0.849 0
0.389 0.822 0
0.381 0.792 0
0.396 0.843 0
0.378 0.785 0
0.457 0.84 0
0.41 0.758 0
0.432 0.832 0
0.468 0.82 0
0.413 0.786 0
0.466 0.769 0
0.382 0.798 0
0.415 0.786 0
0.431 0.791 0
0.425 0.834 0
0.399 0.84 0
0.398 0.793 0
0.412 0.772 0
0.407 0.761 0
0.409 0.83 0
0.432 0.845 0
0.392 0.802 0
0.41 0.851 0
0.411 0.843 0
0.421 0.796 0
0.443 0.835 0
0.466 0.76 0
0.404 0.842 0
0.396 0.846 0
0.38 0.758 0
0.459 0.775 0
0.426 0.791 0
0.389 0.789 0
0.38 0.845 0
0.395 0.754 0
0.444 0.808 0
0.384 0.833 0
0.37 0.757 0
0.411 0.769 0
0.403 0.775 0
0.467 0.754 0
0.393 0.759 0
0.417 0.754 0
0.42 0.837 0
0.447 0.834 0
0.452 0.783 0
0.432 0.818 0
0.409 0.757 0
0.382 0.82 0
0.39 0.784 0
0.445 0.845 0
0.421 0.822 0
0.389 0.82 0
0.403 0.825 0
0.372 0.801 0
0.396 0.767 0
0.37 0.851 0
0.402 0.754 0
0.38 0.829 0
0.418 0.775 0
0.383 0.786 0
0.427 0.822 0
0.435 0.804 0
0.441 0.78 0
0.407 0.805 0
0.408 0.759 0
0.404 0.811 0
0.431 0.835 0
0.46 0.762 0
0.452 0.772 0
0.464 0.827 0
0.409 0.822 0
0.468 0.79 0
0.453 0.798 0
0.33 0.82 0
0.425 0.813 0
0.353 0.832 0
0.354 0.752 0
0.373 0.795 0
0.364 0.814 0
0.337 0.753 0
0.333 0.83 0
0.328 0.829 0
0.368 0.786 0
0.378 0.761 0
0.342 0.767 0
0.384 0.802 0
0.368 0.793 0
0.422 0.767 0
0.332 0.793 0
0.371 0.786 0
0.328 0.76 0
0.364 0.828 0
0.334 0.836 0
0.42 0.811 0
0.362 0.794 0
0.353 0.763 0
0.413 0.78 0
0.372 0.833 0
0.426 0.788 0
0.366 0.791 0
0.369 0.815 0
0.373 0.746 0
0.329 0.799 0
0.389 0.819 0
0.396 0.753 0
0.364 0.795 0
0.364 0.776 0
0.4 0.772 0
0.425 0.74 0
0.399 0.827 0
0.409 0.831 0
0.393 0.739 0
0.356 0.808 0
0.423 0.828 0
0.342 0.743 0
0.371 0.78 0
0.408 0.773 0
0.424 0.754 0
0.377 0.836 0
0.409 0.812 0
0.386 0.804 0
0.341 0.798 0
0.381 0.753 0
0.42 0.792 0
0.371 0.788 0
0.413 0.813 0
0.421 0.757 0
0.41 0.822 0
0.402 0.781 0
0.346 0.774 0
0.348 0.745 0
0.371 0.79 0
0.347 0.825 0
0.362 0.819 0
0.348 0.739 0
0.408 0.745 0
0.349 0.793 0
0.418 0.782 0
0.401 0.769 0
0.367 0.772 0
0.402 0.824 0
0.377 0.816 0
0.365 0.752 0
0.38 0.811 0
0.39 0.812 0
0.395 0.828 0
0.416 0.788 0
0.415 0.751 0
0.344 0.799 0
0.422 0.814 0
0.39 0.743 0
0.41 0.762 0
0.413 0.831 0
0.386 0.745 0
0.424 0.798 0
0.405 0.799 0
0.422 0.774 0
0.394 0.795 0
0.393 0.765 0
0.372 0.775 0
0.367 0.763 0
0.353 0.782 0
0.329 0.768 0
0.353 0.776 0
0.424 0.768 0
0.345 0.753 0
0.403 0.793 0
0.416 0.777 0
0.364 0.744 0
0.392 0.815 0
0.383 0.815 0
0.335 0.821 0
0.409 0.824 0
0.331 0.733 0
0.275 0.806 0
0.305 0.734 0
0.272 0.764 0
0.299 0.747 0
0.293 0.751 0
0.361 0.807 0
0.277 0.79 0
0.298 0.741 0
0.278 0.79 0
0.32 0.818 0
0.354 0.8 0
0.309 0.791 0
0.267 0.721 0
0.276 0.738 0
0.298 0.814 0
0.31 0.777 0
0.285 0.757 0
0.342 0.798 0
0.29 0.739 0
0.347 0.735 0
0.34 0.805 0
0.357 0.779 0
0.367 0.754 0
0.295 0.725 0
0.321 0.773 0
0.34 0.781 0
0.298 0.787 0
0.321 0.762 0
0.356 0.763 0
0.362 0.767 0
0.311 0.801 0
0.345 0.725 0
0.352 0.779 0
0.287 0.803 0
0.293 0.734 0
0.322 0.806 0
0.319 0.785 0
0.29 0.74 0
0.283 0.802 0
0.324 0.784 0
0.287 0.803 0
0.357 0.769 0
0.3 0.721 0
0.269 0.773 0
0.312 0.785 0
0.289 0.774 0
0.359 0.752 0
0.317 0.774 0
0.351 0.775 0
0.293 0.807 0
0.346 0.779 0
0.334 0.751 0
0.311 0.81 0
0.346 0.78 0
0.317 0.72 0
0.274 0.809 0
0.268 0.795 0
0.331 0.739 0
0.286 0.792 0
0.274 0.745 0
0.32 0.8 0
0.274 0.774 0
0.327 0.819 0
0.267 0.789 0
0.325 0.786 0
0.296 0.744 0
0.341 0.732 0
0.271 0.737 0
0.275 0.797 0
0.309 0.808 0
0.301 0.762 0
0.301 0.804 0
0.345 0.773 0
0.349 0.771 0
0.365 0.795 0
0.307 0.819 0
0.285 0.778 0
0.283 0.787 0
0.343 0.759 0
0.313 0.815 0
0.349 0.793 0
0.271 0.742 0
0.319 0.721 0
0.289 0.797 0
0.342 0.734 0
0.277 0.762 0
0.284 0.748 0
0.312 0.767 0
0.312 0.75 0
0.31 0.793 0
0.331 0.82 0
0.347 0.783 0
0.342 0.781 0
0.268 0.782 0
0.329 0.818 0
0.365 0.745 0
0.327 0.732 0
0.355 0.779 0
0.304 0.754 0
0.31 0.782 0
0.269 0.779 0
0.255 0.726 0
0.297 0.792 0
0.335 0.714 0
0.29 0.714 0
0.278 0.723 0
0.272 0.715 0
0.246 0.79 0
0.241 0.711 0
0.331 0.711 0
0.299 0.778 0
0.255 0.787 0
0.282 0.774 0
0.315 0.751 0
0.307 0.768 0
0.309 0.744 0
0.26 0.781 0
0.322 0.752 0
0.293 0.774 0
0.316 0.756 0
0.29 0.716 0
0.263 0.727 0
0.308 0.776 0
0.266 0.743 0
0.246 0.725 0
0.297 0.78 0
0.277 0.791 0
0.308 0.777 0
0.315 0.801 0
0.245 0.768 0
0.337 0.712 0
0.321 0.727 0
0.32 0.745 0
0.295 0.786 0
0.296 0.782 0
0.296 0.798 0
0.311 0.724 0
0.258 0.717 0
0.332 0.781 0
0.27 0.8 0
0.283 0.758 0
0.286 0.753 0
0.303 0.792 0
0.306 0.751 0
0.266 0.78 0
0.257 0.773 0
0.273 0.703 0
0.297 0.798 0
0.282 0.801 0
0.326 0.705 0
0.248 0.785 0
0.283 0.717 0
0.304 0.72 0
0.24 0.797 0
0.258 0.794 0
0.245 0.753 0
0.267 0.727 0
0.32 0.732 0
0.296 0.789 0
0.302 0.714 0
0.327 0.747 0
0.268 0.711 0
0.31 0.733 0
0.258 0.727 0
0.25 0.72 0
0.243 0.704 0
0.266 0.79 0
0.25 0.726 0
0.256 0.729 0
0.339 0.748 0
0.252 0.704 0
0.274 0.76 0
0.318 0.703 0
0.278 0.712 0
0.252 0.745 0
0.279 0.799 0
0.305 0.778 0
0.313 0.773 0
0.337 0.74 0
0.273 0.77 0
0.303 0.732 0
0.27 0.792 0
0.322 0.724 0
0.245 0.796 0
0.273 0.747 0
0.339 0.765 0
0.246 0.758 0
0.316 0.78 0
0.267 0.725 0
0.294 0.785 0
0.324 0.759 0
0.251 0.719 0
0.309 0.718 0
0.284 0.728 0
0.282 0.802 0
0.256 0.788 0
0.278 0.704 0
0.242 0.782 0
0.259 0.732 0
0.25 0.759 0
0.283 0.687 0
0.265 0.742 0
0.261 0.684 0
0.246 0.768 0
0.249 0.694 0
0.306 0.69 0
0.29 0.682 0
0.229 0.678 0
0.259 0.737 0
0.291 0.738 0
0.296 0.732 0
0.302 0.773 0
0.231 0.718 0
0.235 0.766 0
0.248 0.748 0
0.207 0.736 0
0.251 0.762 0
0.286 0.768 0
0.216 0.748 0
0.245 0.773 0
0.248 0.764 0
0.227 0.763 0
0.245 0.694 0
0.282 0.683 0
0.23 0.773 0
0.222 0.769 0
0.302 0.712 0
0.219 0.694 0
0.225 0.675 0
0.279 0.705 0
0.302 0.773 0
0.272 0.726 0
0.236 0.704 0
0.235 0.69 0
0.304 0.689 0
0.301 0.741 0
0.235 0.767 0
0.287 0.763 0
0.242 0.767 0
0.28 0.712 0
0.228 0.699 0
0.236 0.77 0
0.257 0.768 0
0.223 0.686 0
0.266 0.734 0
0.298 0.694 0
0.238 0.748 0
0.257 0.774 0
0.24 0.723 0
0.257 0.72 0
0.276 0.677 0
0.234 0.685 0
0.3 0.765 0
0.264 0.726 0
0.213 0.718 0
0.234 0.715 0
0.245 0.703 0
0.28 0.716 0
0.304 0.731 0
0.28 0.691 0
0.288 0.677 0
0.244 0.677 0
0.27 0.76 0
0.287 0.774 0
0.292 0.677 0
0.268 0.77 0
0.246 0.684 0
0.275 0.759 0
0.266 0.704 0
0.214 0.713 0
0.27 0.706 0
0.3 0.71 0
0.236 0.74 0
0.232 0.688 0
0.266 0.77 0
0.266 0.725 0
0.279 0.748 0
0.305 0.771 0
0.275 0.774 0
0.218 0.694 0
0.248 0.714 0
0.275 0.705 0
0.302 0.758 0
0.231 0.761 0
0.246 0.679 0
0.216 0.716 0
0.208 0.702 0
0.226 0.772 0
0.297 0.726 0
0.239 0.692 0
0.235 0.687 0
0.306 0.743 0
0.301 0.686 0
0.295 0.681 0
0.266 0.697 0
0.301 0.774 0
0.219 0.744 0
0.305 0.713 0
0.271 0.771 0
0.184 0.729 0
0.245 0.717 0
0.212 0.724 0
0.258 0.726 0
0.267 0.669 0
0.274 0.73 0
0.24 0.699 0
0.212 0.666 0
0.258 0.66 0
0.26 0.722 0
0.184 0.658 0
0.182 0.716 0
0.19 0.741 0
0.229 0.738 0
0.276 0.745 0
0.254 0.715 0
0.274 0.701 0
0.212 0.652 0
0.219 0.711 0
0.193 0.708 0
0.213 0.693 0
0.262 0.656 0
0.256 0.651 0
0.254 0.659 0
0.261 0.663 0
0.223 0.736 0
0.185 0.72 0
0.209 0.738 0
0.256 0.685 0
0.252 0.706 0
0.263 0.72 0
0.204 0.67 0
0.276 0.658 0
0.195 0.738 0
0.28 0.678 0
0.253 0.661 0
0.25 0.69 0
0.229 0.75 0
0.28 0.661 0
0.249 0.741 0
0.199 0.677 0
0.272 0.714 0
0.25 0.739 0
0.247 0.699 0
0.228 0.745 0
0.215 0.657 0
0.209 0.665 0
0.255 0.742 0
0.278 0.699 0
0.198 0.732 0
0.233 0.659 0
0.211 0.678 0
0.256 0.707 0
0.272 0.694 0
0.189 0.73 0
0.281 0.679 0
0.232 0.652 0
0.248 0.745 0
0.232 0.693 0
0.254 0.715 0
0.278 0.731 0
0.214 0.708 0
0.236 0.687 0
0.207 0.681 0
0.183 0.663 0
0.264 0.65 0
0.241 0.664 0
0.265 0.681 0
0.234 0.696 0
0.231 0.668 0
0.2 0.689 0
0.209 0.696 0
0.266 0.672 0
0.274 0.699 0
0.222 0.697 0
0.244 0.737 0
0.253 0.671 0
0.273 0.694 0
0.257 0.673 0
0.194 0.711 0
0.192 0.659 0
0.201 0.721 0
0.243 0.748 0
0.234 0.688 0
0.247 0.724 0
0.238 0.686 0
0.194 0.726 0
0.222 0.666 0
0.208 0.69 0
0.266 0.745 0
0.224 0.677 0
0.21 0.726 0
0.222 0.744 0
0.211 0.702 0
0.185 0.749 0
0.241 0.733 0
0.185 0.65 0
0.249 0.663 0
0.195 0.729 0
0.229 0.657 0
0.186 0.708 0
0.164 0.708 0
0.221 0.645 0
0.244 0.698 0
0.161 0.71 0
0.167 0.647 0
0.224 0.664 0
0.235 0.663 0
0.169 0.664 0
0.161 0.695 0
0.21 0.664 0
0.201 0.695 0
0.243 0.691 0
0.255 0.668 0
0.254 0.624 0
0.179 0.711 0
0.179 0.68 0
0.174 0.69 0
0.251 0.681 0
0.169 0.637 0
0.172 0.639 0
0.254 0.722 0
0.245 0.693 0
0.179 0.72 0
0.202 0.656 0
0.196 0.695 0
0.233 0.642 0
0.192 0.632 0
0.167 0.639 0
0.173 0.63 0
0.203 0.708 0
0.178 0.668 0
0.179 0.707 0
0.17 0.714 0
0.192 0.7 0
0.243 0.68 0
0.2 0.67 0
0.248 0.674 0
0.168 0.65 0
0.184 0.693 0
0.16 0.702 0
0.176 0.65 0
0.202 0.643 0
0.253 0.677 0
0.173 0.719 0
0.187 0.651 0
0.158 0.704 0
0.228 0.671 0
0.16 0.664 0
0.158 0.641 0
0.243 0.638 0
0.168 0.647 0
0.223 0.7 0
0.159 0.723 0
0.219 0.662 0
0.231 0.65 0
0.188 0.649 0
0.214 0.652 0
0.234 0.65 0
0.165 0.669 0
0.218 0.723 0
0.22 0.692 0
0.225 0.718 0
0.253 0.626 0
0.196 0.718 0
0.159 0.645 0
0.22 0.651 0
0.178 0.65 0
0.196 0.711 0
0.204 0.666 0
0.256 0.633 0
0.163 0.701 0
0.2 0.721 0
0.242 0.681 0
0.235 0.666 0
0.179 0.64 0
0.242 0.64 0
0.221 0.688 0
0.191 0.627 0
0.23 0.691 0
0.249 0.686 0
0.226 0.672 0
0.229 0.642 0
0.183 0.638 0
0.218 0.627 0
0.24 0.678 0
0.199 0.722 0
0.204 0.704 0
0.247 0.643 0
0.196 0.707 0
0.233 0.623 0
0.213 0.677 0
0.196 0.672 0
0.223 0.66 0
0.191 0.648 0
0.24 0.709 0
0.228 0.678 0
0.174 0.644 0
0.209 0.635 0
0.211 0.638 0
0.224 0.675 0
0.214 0.62 0
0.139 0.593 0
0.134 0.672 0
0.189 0.67 0
0.162 0.646 0
0.183 0.66 0
0.222 0.607 0
0.211 0.62 0
0.212 0.633 0
0.154 0.593 0
0.184 0.649 0
0.211 0.648 0
0.222 0.648 0
0.213 0.636 0
0.146 0.668 0
0.128 0.638 0
0.2 0.597 0
0.207 0.614 0
0.165 0.619 0
0.158 0.656 0
0.132 0.617 0
0.161 0.656 0
0.175 0.671 0
0.209 0.654 0
0.2 0.655 0
0.169 0.629 0
0.147 0.656 0
0.15 0.653 0
0.227 0.627 0
0.151 0.683 0
0.161 0.683 0
0.142 0.625 0
0.216 0.622 0
0.222 0.654 0
0.193 0.602 0
0.147 0.663 0
0.179 0.643 0
0.184 0.632 0
0.16 0.652 0
0.22 0.607 0
0.159 0.593 0
0.206 0.667 0
0.227 0.644 0
0.223 0.681 0
0.166 0.617 0
0.214 0.657 0
0.15 0.639 0
0.143 0.599 0
0.149 0.64 0
0.173 0.642 0
0.2 0.633 0
0.152 0.595 0
0.203 0.642 0
0.133 0.636 0
0.224 0.628 0
0.173 0.616 0
0.162 0.683 0
0.225 0.628 0
0.161 0.663 0
0.149 0.614 0
0.141 0.661 0
0.132 0.601 0
0.191 0.662 0
0.227 0.59 0
0.212 0.658 0
0.138 0.684 0
0.213 0.597 0
0.197 0.679 0
0.171 0.658 0
0.183 0.658 0
0.168 0.63 0
0.187 0.593 0
0.216 0.617 0
0.182 0.658 0
0.145 0.618 0
0.167 0.598 0
0.154 0.63 0
0.132 0.659 0
0.159 0.617 0
0.19 0.637 0
0.163 0.624 0
0.214 0.643 0
0.182 0.585 0
0.197 0.662 0
0.178 0.6 0
0.144 0.645 0
0.144 0.614 0
0.22 0.608 0
0.151 0.684 0
0.207 0.665 0
0.213 0.676 0
0.148 0.643 0
0.163 0.677 0
0.147 0.677 0
0.138 0.647 0
0.191 0.681 0
0.218 0.647 0
0.197 0.607 0
0.143 0.636 0
0.189 0.626 0
0.114 0.585 0
0.133 0.58 0
0.183 0.634 0
0.132 0.6 0
0.132 0.567 0
0.145 0.602 0
0.118 0.628 0
0.127 0.604 0
0.146 0.563 0
0.144 0.584 0
0.174 0.554 0
0.16 0.604 0
0.166 0.643 0
0.176 0.622 0
0.137 0.561 0
0.127 0.582 0
0.199 0.623 0
0.169 0.643 0
0.103 0.652 0
0.126 0.621 0
0.158 0.573 0
0.134 0.61 0
0.167 0.576 0
0.199 0.603 0
0.157 0.612 0
0.139 0.598 0
0.123 0.629 0
0.117 0.619 0
0.201 0.588 0
0.123 0.56 0
0.173 0.641 0
0.141 0.652 0
0.147 0.579 0
0.191 0.649 0
0.13 0.567 0
0.177 0.617 0
0.166 0.622 0
0.123 0.596 0
0.151 0.637 0
0.16 0.579 0
0.138 0.653 0
0.105 0.57 0
0.157 0.568 0
0.109 0.559 0
0.2 0.653 0
0.104 0.573 0
0.201 0.608 0
0.119 0.561 0
0.142 0.58 0
0.128 0.64 0
0.106 0.65 0
0.201 0.604 0
0.18 0.598 0
0.109 0.576 0
0.135 0.641 0
0.19 0.571 0
0.17 0.598 0
0.17 0.559 0
0.189 0.592 0
0.18 0.634 0
0.182 0.633 0
0.147 0.648 0
0.114 0.607 0
0.143 0.615 0
0.185 0.575 0
0.137 0.568 0
0.178 0.597 0
0.12 0.621 0
0.155 0.63 0
0.148 0.556 0
0.124 0.64 0
0.11 0.566 0
0.123 0.618 0
0.113 0.611 0
0.181 0.554 0
0.103 0.578 0
0.135 0.611 0
0.175 0.623 0
0.127 0.573 0
0.19 0.561 0
0.196 0.614 0
0.173 0.588 0
0.182 0.57 0
0.162 0.646 0
0.12 0.599 0
0.119 0.628 0
0.126 0.58 0
0.127 0.651 0
0.166 0.652 0
0.194 0.557 0
0.137 0.576 0
0.157 0.578 0
0.167 0.602 0
0.167 0.573 0
0.126 0.599 0
0.121 0.615 0
0.132 0.565 0
0.162 0.645 0
0.181 0.614 0
0.145 0.576 0
0.162 0.536 0
0.111 0.573 0
0.184 0.571 0
0.103 0.535 0
0.085 0.554 0
0.096 0.579 0
0.09 0.591 0
0.09 0.599 0
0.134 0.587 0
0.126 0.538 0
0.122 0.527 0
0.12 0.577 0
0.183 0.538 0
0.151 0.613 0
0.18 0.563 0
0.183 0.523 0
0.165 0.567 0
0.135 0.536 0
0.171 0.55 0
0.129 0.528 0
0.13 0.598 0
0.104 0.551 0
0.124 0.608 0
0.107 0.571 0
0.151 0.584 0
0.093 0.595 0
0.124 0.542 0
0.096 0.567 0
0.122 0.562 0
0.125 0.542 0
0.161 0.545 0
0.106 0.567 0
0.093 0.557 0
0.09 0.553 0
0.183 0.579 0
0.146 0.538 0
0.168 0.561 0
0.102 0.53 0
0.161 0.593 0
0.115 0.583 0
0.181 0.6 0
0.105 0.534 0
0.141 0.555 0
0.154 0.546 0
0.184 0.586 0
0.095 0.535 0
0.118 0.539 0
0.156 0.585 0
0.109 0.606 0
0.137 0.611 0
0.145 0.524 0
0.141 0.574 0
0.103 0.568 0
0.102 0.6 0
0.164 0.606 0
0.156 0.561 0
0.164 0.548 0
0.167 0.619 0
0.154 0.526 0
0.088 0.544 0
0.092 0.58 0
0.137 0.586 0
0.109 0.602 0
0.15 0.54 0
0.107 0.595 0
0.129 0.548 0
0.159 0.608 0
0.125 0.526 0
0.183 0.534 0
0.11 0.622 0
0.178 0.577 0
0.141 0.532 0
0.174 0.566 0
0.119 0.542 0
0.1 0.584 0
0.091 0.546 0
0.101 0.617 0
0.093 0.582 0
0.171 0.545 0
0.159 0.546 0
0.103 0.583 0
0.149 0.611 0
0.086 0.592 0
0.124 0.62 0
0.117 0.549 0
0.14 0.557 0
0.15 0.574 0
0.144 0.622 0
0.111 0.56 0
0.181 0.523 0
0.114 0.55 0
0.109 0.544 0
0.129 0.605 0
0.103 0.594 0
0.159 0.549 0
0.167 0.575 0
0.158 0.535 0
0.095 0.603 0
0.184 0.563 0
0.163 0.518 0
0.094 0.533 0
0.171 0.49 0
0.178 0.504 0
0.175 0.515 0
0.164 0.536 0
0.114 0.47 0
0.095 0.49 0
0.095 0.518 0
0.166 0.559 0
0.119 0.497 0
0.162 0.514 0
0.157 0.54 0
0.103 0.512 0
0.129 0.488 0
0.096 0.513 0
0.13 0.473 0
0.091 0.527 0
0.078 0.52 0
0.084 0.486 0
0.152 0.501 0
0.165 0.559 0
0.169 0.466 0
0.154 0.509 0
0.148 0.496 0
0.17 0.464 0
0.097 0.501 0
0.164 0.467 0
0.172 0.508 0
0.104 0.556 0
0.152 0.481 0
0.09 0.523 0
0.134 0.496 0
0.154 0.51 0
0.117 0.479 0
0.106 0.532 0
0.087 0.531 0
0.137 0.51 0
0.13 0.522 0
0.103 0.494 0
0.082 0.514 0
0.178 0.506 0
0.127 0.482 0
0.127 0.514 0
0.114 0.459 0
0.159 0.469 0
0.164 0.487 0
0.079 0.518 0
0.079 0.473 0
0.146 0.547 0
0.136 0.465 0
0.17 0.53 0
0.161 0.537 0
0.118 0.551 0
0.158 0.523 0
0.159 0.515 0
0.109 0.493 0
0.083 0.51 0
0.119 0.555 0
0.16 0.542 0
0.145 0.499 0
0.12 0.474 0
0.119 0.49 0
0.116 0.488 0
0.162 0.523 0
0.082 0.464 0
0.169 0.526 0
0.111 0.527 0
0.172 0.464 0
0.122 0.511 0
0.178 0.491 0
0.172 0.482 0
0.118 0.465 0
0.15 0.515 0
0.166 0.534 0
0.158 0.556 0
0.13 0.535 0
0.128 0.535 0
0.167 0.462 0
0.159 0.518 0
0.151 0.545 0
0.102 0.512 0
0.084 0.558 0
0.147 0.52 0
0.083 0.509 0
0.176 0.546 0
0.084 0.489 0
0.135 0.511 0
0.167 0.529 0
0.124 0.55 0
0.175 0.476 0
0.104 0.535 0
0.132 0.486 0
0.141 0.525 0
0.135 0.5 0
0.094 0.547 0
0.166 0.463 0
0.086 0.531 0
0.09 0.464 0
0.081 0.546 0
0.141 0.495 0
0.103 0.445 0
0.098 0.426 0
0.174 0.491 0
0.092 0.484 0
0.108 0.494 0
0.119 0.43 0
0.131 0.485 0
0.171 0.445 0
0.178 0.456 0
0.138 0.438 0
0.132 0.434 0
0.152 0.487 0
0.184 0.489 0
0.126 0.443 0
0.093 0.426 0
0.163 0.438 0
0.113 0.426 0
0.119 0.453 0
0.18 0.438 0
0.1 0.466 0
0.152 0.43 0
0.128 0.424 0
0.158 0.439 0
0.154 0.485 0
0.155 0.438 0
0.142 0.519 0
0.136 0.467 0
0.133 0.454 0
0.118 0.44 0
0.183 0.449 0
0.129 0.473 0
0.166 0.487 0
0.115 0.462 0
0.137 0.457 0
0.179 0.51 0
0.162 0.492 0
0.108 0.453 0
0.137 0.494 0
0.18 0.454 0
0.111 0.494 0
0.1 0.49 0
0.16 0.459 0
0.124 0.504 0
0.138 0.456 0
0.116 0.445 0
0.161 0.452 0
0.18 0.492 0
0.175 0.481 0
0.165 0.515 0
0.09 0.514 0
0.091 0.496 0
0.092 0.51 0
0.181 0.467 0
0.098 0.423 0
0.158 0.482 0
0.155 0.516 0
0.162 0.449 0
0.135 0.518 0
0.163 0.434 0
0.107 0.43 0
0.139 0.452 0
0.16 0.503 0
0.178 0.467 0
0.143 0.477 0
0.104 0.478 0
0.165 0.481 0
0.173 0.432 0
0.179 0.439 0
0.117 0.509 0
0.16 0.463 0
0.15 0.429 0
0.145 0.447 0
0.138 0.507 0
0.135 0.486 0
0.13 0.425 0
0.11 0.509 0
0.088 0.466 0
0.087 0.461 0
0.139 0.483 0
0.115 0.423 0
0.17 0.518 0
0.166 0.521 0
0.115 0.505 0
0.136 0.445 0
0.176 0.522 0
0.168 0.495 0
0.103 0.476 0
0.089 0.425 0
0.177 0.459 0
0.107 0.516 0
0.12 0.513 0
0.171 0.484 0
0.09 0.484 0
0.163 0.423 0
0.089 0.514 0
0.152 0.49 0
0.098 0.497 0
0.121 0.486 0
0.169 0.456 0
0.195 0.394 0
0.105 0.438 0
0.137 0.456 0
0.111 0.372 0
0.148 0.377 0
0.174 0.408 0
0.158 0.422 0
0.173 0.408 0
0.179 0.398 0
0.127 0.446 0
0.149 0.455 0
0.167 0.439 0
0.159 0.438 0
0.152 0.459 0
0.134 0.423 0
0.164 0.387 0
0.195 0.377 0
0.168 0.392 0
0.113 0.436 0
0.115 0.445 0
0.192 0.429 0
0.127 0.433 0
0.17 0.388 0
0.146 0.377 0
0.189 0.376 0
0.166 0.373 0
0.158 0.372 0
0.101 0.386 0
0.155 0.393 0
0.175 0.388 0
0.14 0.435 0
0.122 0.402 0
0.121 0.451 0
0.143 0.38 0
0.119 0.407 0
0.135 0.458 0
0.11 0.447 0
0.173 0.386 0
0.132 0.412 0
0.197 0.397 0
0.178 0.389 0
0.154 0.413 0
0.172 0.448 0
0.112 0.405 0
0.135 0.403 0
0.158 0.435 0
0.157 0.39 0
0.181 0.41 0
0.115 0.461 0
0.175 0.44 0
0.144 0.405 0
0.14 0.433 0
0.129 0.413 0
0.17 0.436 0
0.16 0.408 0
0.099 0.423 0
0.135 0.441 0
0.158 0.438 0
0.127 0.365 0
0.148 0.45 0
0.194 0.463 0
0.186 0.429 0
0.11 0.373 0
0.192 0.415 0
0.177 0.461 0
0.127 0.403 0
0.127 0.395 0
0.132 0.386 0
0.178 0.416 0
0.188 0.458 0
0.174 0.425 0
0.101 0.365 0
0.177 0.393 0
0.182 0.406 0
0.107 0.396 0
0.109 0.438 0
0.106 0.372 0
0.107 0.427 0
0.143 0.379 0
0.144 0.38 0
0.148 0.435 0
0.152 0.376 0
0.185 0.45 0
0.147 0.388 0
0.111 0.447 0
0.189 0.459 0
0.142 0.454 0
0.193 0.439 0
0.105 0.442 0
0.159 0.363 0
0.159 0.433 0
0.102 0.436 0
0.135 0.42 0
0.137 0.447 0
0.176 0.399 0
0.131 0.412 0
0.16 0.443 0
0.137 0.452 0
0.142 0.433 0
0.174 0.458 0
0.175 0.28 0
0.229 0.279 0
0.21 0.357 0
0.214 0.312 0
0.158 0.354 0
0.153 0.283 0
0.195 0.358 0
0.226 0.35 0
0.206 0.378 0
0.23 0.304 0
0.185 0.322 0
0.149 0.32 0
0.139 0.284 0
0.194 0.365 0
0.206 0.324 0
0.191 0.337 0
0.167 0.352 0
0.146 0.379 0
0.158 0.375 0
0.138 0.35 0
0.159 0.335 0
0.208 0.309 0
0.216 0.338 0
0.205 0.284 0
0.201 0.317 0
0.203 0.311 0
0.163 0.353 0
0.216 0.3 0
0.228 0.331 0
0.221 0.336 0
0.137 0.343 0
0.139 0.355 0
0.234 0.342 0
0.184 0.296 0
0.149 0.312 0
0.209 0.362 0
0.208 0.327 0
0.228 0.28 0
0.154 0.355 0
0.232 0.371 0
0.154 0.288 0
0.213 0.301 0
0.179 0.333 0
0.141 0.319 0
0.138 0.311 0
0.219 0.331 0
0.155 0.291 0
0.153 0.313 0
0.156 0.327 0
0.188 0.302 0
0.226 0.375 0
0.135 0.326 0
0.177 0.363 0
0.213 0.349 0
0.187 0.282 0
0.177 0.315 0
0.209 0.313 0
0.16 0.322 0
0.145 0.33 0
0.164 0.296 0
0.221 0.3 0
0.217 0.35 0
0.162 0.318 0
0.136 0.332 0
0.144 0.341 0
0.218 0.361 0
0.18 0.29 0
0.138 0.378 0
0.135 0.317 0
0.176 0.281 0
0.151 0.328 0
0.137 0.31 0
0.18 0.328 0
0.193 0.321 0
0.188 0.345 0
0.181 0.306 0
0.152 0.323 0
0.175 0.353 0
0.14 0.302 0
0.184 0.362 0
0.143 0.367 0
0.177 0.37 0
0.159 0.314 0
0.196 0.352 0
0.215 0.286 0
0.165 0.324 0
0.226 0.306 0
0.198 0.294 0
0.215 0.358 0
0.171 0.301 0
0.196 0.283 0
0.21 0.374 0
0.145 0.314 0
0.155 0.316 0
0.189 0.282 0
0.222 0.333 0
0.19 0.321 0
0.142 0.325 0
0.215 0.35 0
0.185 0.313 0
0.215 0.28 0
0.214 0.279 0
0.252 0.329 0
0.202 0.251 0
0.268 0.292 0
0.244 0.253 0
0.236 0.316 0
0.228 0.314 0
0.247 0.259 0
0.188 0.253 0
0.182 0.299 0
0.257 0.275 0
0.21 0.246 0
0.193 0.255 0
0.271 0.253 0
0.228 0.277 0
0.274 0.316 0
0.261 0.255 0
0.252 0.325 0
0.234 0.319 0
0.18 0.263 0
0.24 0.257 0
0.222 0.275 0
0.186 0.322 0
0.213 0.237 0
0.189 0.285 0
0.194 0.256 0
0.215 0.282 0
0.269 0.285 0
0.207 0.235 0
0.23 0.292 0
0.18 0.316 0
0.191 0.244 0
0.238 0.271 0
0.277 0.282 0
0.203 0.286 0
0.195 0.257 0
0.208 0.287 0
0.249 0.277 0
0.242 0.25 0
0.253 0.253 0
0.198 0.271 0
0.184 0.275 0
0.181 0.255 0
0.218 0.249 0
0.278 0.255 0
0.24 0.31 0
0.209 0.28 0
0.258 0.242 0
0.254 0.28 0
0.181 0.245 0
0.225 0.325 0
0.224 0.253 0
0.183 0.233 0
0.223 0.256 0
0.247 0.248 0
0.215 0.275 0
0.243 0.325 0
0.229 0.254 0
0.22 0.293 0
0.25 0.234 0
0.269 0.263 0
0.259 0.273 0
0.249 0.261 0
0.188 0.261 0
0.208 0.316 0
0.237 0.285 0
0.204 0.29 0
0.235 0.317 0
0.239 0.304 0
0.2 0.293 0
0.277 0.31 0
0.213 0.29 0
0.186 0.303 0
0.223 0.246 0
0.218 0.327 0
0.264 0.329 0
0.206 0.255 0
0.276 0.24 0
0.207 0.253 0
0.213 0.234 0
0.185 0.276 0
0.262 0.305 0
0.194 0.279 0
0.209 0.327 0
0.236 0.234 0
0.263 0.255 0
0.214 0.273 0
0.212 0.278 0
0.213 0.241 0
0.275 0.256 0
0.185 0.315 0
0.214 0.279 0
0.212 0.242 0
0.209 0.234 0
0.241 0.312 0
0.232 0.263 0
0.199 0.257 0
0.21 0.276 0
0.218 0.304 0
0.294 0.203 0
0.276 0.25 0
0.265 0.298 0
0.284 0.283 0
0.276 0.292 0
0.234 0.287 0
0.302 0.27 0
0.264 0.229 0
0.225 0.298 0
0.214 0.286 0
0.209 0.293 0
0.253 0.217 0
0.283 0.245 0
0.283 0.209 0
0.294 0.237 0
0.305 0.295 0
0.258 0.277 0
0.265 0.255 0
0.278 0.215 0
0.209 0.271 0
0.217 0.22 0
0.256 0.289 0
0.245 0.25 0
0.218 0.246 0
0.254 0.262 0
0.29 0.294 0
0.278 0.216 0
0.215 0.276 0
0.218 0.29 0
0.283 0.241 0
0.232 0.23 0
0.291 0.2 0
0.266 0.269 0
0.24 0.29 0
0.256 0.279 0
0.28 0.267 0
0.306 0.21 0
0.3 0.234 0
0.243 0.26 0
0.239 0.287 0
0.218 0.213 0
0.241 0.276 0
0.305 0.204 0
0.297 0.202 0
0.279 0.216 0
0.29 0.29 0
0.273 0.278 0
0.243 0.202 0
0.243 0.209 0
0.247 0.246 0
0.227 0.294 0
0.253 0.285 0
0.24 0.27 0
0.283 0.267 0
0.25 0.215 0
0.222 0.254 0
0.252 0.203 0
0.214 0.25 0
0.28 0.26 0
0.282 0.267 0
0.251 0.263 0
0.3 0.245 0
0.237 0.2 0
0.233 0.233 0
0.293 0.253 0
0.274 0.255 0
0.231 0.23 0
0.21 0.235 0
0.304 0.297 0
0.291 0.246 0
0.285 0.27 0
0.262 0.237 0
0.299 0.275 0
0.279 0.246 0
0.251 0.245 0
0.209 0.275 0
0.222 0.297 0
0.297 0.245 0
0.249 0.235 0
0.251 0.277 0
0.289 0.275 0
0.208 0.241 0
0.217 0.298 0
0.262 0.246 0
0.253 0.273 0
0.235 0.259 0
0.215 0.25 0
0.219 0.275 0
0.221 0.269 0
0.273 0.273 0
0.239 0.221 0
0.265 0.29 0
0.212 0.276 0
0.303 0.229 0
0.269 0.256 0
0.232 0.267 0
0.275 0.232 0
0.233 0.297 0
0.211 0.218 0
0.215 0.287 0
0.339 0.154 0
0.32 0.193 0
0.311 0.195 0
0.376 0.237 0
0.302 0.229 0
0.304 0.208 0
0.343 0.242 0
0.288 0.153 0
0.372 0.182 0
0.288 0.232 0
0.338 0.217 0
0.307 0.177 0
0.347 0.145 0
0.313 0.199 0
0.318 0.23 0
0.339 0.227 0
0.302 0.18 0
0.355 0.179 0
0.279 0.154 0
0.304 0.156 0
0.366 0.17 0
0.33 0.216 0
0.28 0.145 0
0.37 0.194 0
0.287 0.146 0
0.293 0.23 0
0.31 0.177 0
0.357 0.179 0
0.355 0.23 0
0.364 0.153 0
0.296 0.142 0
0.298 0.192 0
0.304 0.159 0
0.354 0.157 0
0.294 0.187 0
0.312 0.235 0
0.33 0.223 0
0.304 0.171 0
0.301 0.216 0
0.378 0.188 0
0.297 0.164 0
0.286 0.198 0
0.295 0.167 0
0.353 0.209 0
0.347 0.203 0
0.364 0.231 0
0.347 0.195 0
0.365 0.145 0
0.286 0.199 0
0.343 0.185 0
0.299 0.236 0
0.369 0.222 0
0.339 0.206 0
0.368 0.194 0
0.371 0.168 0
0.3 0.2 0
0.294 0.242 0
0.36 0.227 0
0.292 0.149 0
0.303 0.199 0
0.33 0.166 0
0.333 0.174 0
0.301 0.166 0
0.338 0.165 0
0.283 0.146 0
0.283 0.212 0
0.311 0.214 0
0.292 0.204 0
0.338 0.197 0
0.3 0.181 0
0.28 0.179 0
0.288 0.154 0
0.321 0.204 0
0.365 0.199 0
0.342 0.152 0
0.37 0.229 0
0.286 0.213 0
0.304 0.161 0
0.347 0.195 0
0.285 0.181 0
0.372 0.145 0
0.321 0.17 0
0.327 0.146 0
0.299 0.21 0
0.279 0.231 0
0.33 0.146 0
0.37 0.179 0
0.36 0.234 0
0.352 0.24 0
0.282 0.158 0
0.364 0.238 0
0.349 0.211 0
0.369 0.177 0
0.306 0.155 0
0.306 0.167 0
0.316 0.188 0
0.295 0.238 0
0.302 0.173 0
0.363 0.219 0
0.361 0.193 0
0.344 0.186 0
0.332 0.157 0
0.319 0.193 0
0.348 0.196 0
0.34 0.215 0
0.333 0.139 0
0.378 0.208 0
0.302 0.195 0
0.317 0.124 0
0.325 0.141 0
0.367 0.185 0
0.317 0.188 0
0.382 0.158 0
0.389 0.219 0
0.313 0.216 0
0.358 0.177 0
0.4 0.199 0
0.344 0.21 0
0.358 0.168 0
0.332 0.2 0
0.352 0.182 0
0.326 0.139 0
0.309 0.15 0
0.375 0.171 0
0.324 0.134 0
0.327 0.181 0
0.348 0.154 0
0.342 0.209 0
0.315 0.219 0
0.385 0.129 0
0.344 0.167 0
0.389 0.173 0
0.304 0.147 0
0.346 0.154 0
0.37 0.135 0
0.309 0.207 0
0.322 0.127 0
0.313 0.136 0
0.309 0.134 0
0.32 0.132 0
0.398 0.186 0
0.319 0.17 0
0.353 0.133 0
0.342 0.174 0
0.338 0.184 0
0.38 0.129 0
0.366 0.17 0
0.327 0.185 0
0.322 0.158 0
0.371 0.21 0
0.359 0.149 0
0.386 0.192 0
0.4 0.175 0
0.319 0.186 0
0.369 0.218 0
0.373 0.176 0
0.393 0.19 0
0.397 0.193 0
0.323 0.128 0
0.352 0.209 0
0.374 0.211 0
0.385 0.223 0
0.317 0.132 0
0.37 0.135 0
0.387 0.188 0
0.322 0.198 0
0.372 0.138 0
0.33 0.159 0
0.307 0.21 0
0.322 0.204 0
0.36 0.127 0
0.365 0.129 0
0.372 0.211 0
0.348 0.208 0
0.347 0.161 0
0.383 0.196 0
0.36 0.212 0
0.331 0.223 0
0.374 0.181 0
0.342 0.126 0
0.401 0.171 0
0.385 0.169 0
0.343 0.157 0
0.385 0.152 0
0.359 0.128 0
0.336 0.146 0
0.391 0.148 0
0.301 0.223 0
0.381 0.159 0
0.359 0.15 0
0.393 0.133 0
0.364 0.14 0
0.353 0.165 0
0.348 0.194 0
0.366 0.193 0
0.343 0.202 0
0.388 0.144 0
0.38 0.172 0
0.345 0.198 0
0.392 0.162 0
0.395 0.179 0
0.341 0.167 0
0.378 0.147 0
0.331 0.136 0
0.407 0.192 0
0.395 0.138 0
0.355 0.135 0
0.329 0.173 0
0.348 0.142 0
0.404 0.132 0
0.382 0.133 0
0.357 0.145 0
0.4 0.16 0
0.405 0.193 0
0.366 0.113 0
0.384 0.165 0
0.424 0.21 0
0.343 0.207 0
0.377 0.187 0
0.362 0.181 0
0.346 0.186 0
0.372 0.164 0
0.373 0.118 0
0.401 0.125 0
0.407 0.111 0
0.344 0.177 0
0.38 0.113 0
0.385 0.144 0
0.37 0.116 0
0.368 0.195 0
0.335 0.146 0
0.385 0.186 0
0.331 0.156 0
0.383 0.194 0
0.395 0.21 0
0.422 0.165 0
0.395 0.172 0
0.405 0.211 0
0.33 0.111 0
0.369 0.122 0
0.334 0.134 0
0.383 0.148 0
0.37 0.123 0
0.418 0.145 0
0.371 0.195 0
0.379 0.197 0
0.418 0.116 0
0.384 0.155 0
0.329 0.191 0
0.419 0.168 0
0.404 0.188 0
0.414 0.183 0
0.378 0.169 0
0.398 0.184 0
0.392 0.205 0
0.405 0.166 0
0.342 0.209 0
0.38 0.126 0
0.33 0.148 0
0.392 0.149 0
0.357 0.164 0
0.42 0.146 0
0.328 0.168 0
0.384 0.186 0
0.352 0.179 0
0.411 0.123 0
0.361 0.124 0
0.411 0.21 0
0.37 0.197 0
0.405 0.123 0
0.39 0.211 0
0.359 0.153 0
0.334 0.111 0
0.346 0.189 0
0.384 0.15 0
0.39 0.115 0
0.42 0.139 0
0.388 0.194 0
0.351 0.201 0
0.38 0.128 0
0.359 0.163 0
0.348 0.125 0
0.408 0.159 0
0.371 0.115 0
0.364 0.183 0
0.361 0.192 0
0.354 0.116 0
0.402 0.132 0
0.348 0.156 0
0.374 0.132 0
0.407 0.14 0
0.339 0.155 0
0.374 0.132 0
0.371 0.165 0
0.335 0.155 0
0.393 0.209 0
0.367 0.19 0
0.374 0.211 0
0.325 0.128 0
0.366 0.13 0
0.411 0.111 0
0.397 0.169 0
0.424 0.142 0
0.425 0.131 0
0.409 0.197 0
0.341 0.165 0
0.345 0.131 0
0.374 0.118 0
0.371 0.102 0
0.394 0.167 0
0.353 0.185 0
0.377 0.183 0
0.382 0.153 0
0.349 0.108 0
0.343 0.106 0
0.399 0.153 0
0.42 0.139 0
0.375 0.13 0
0.41 0.121 0
0.419 0.178 0
0.384 0.162 0
0.351 0.192 0
0.399 0.194 0
0.398 0.18 0
0.351 0.123 0
0.432 0.14 0
0.39 0.145 0
0.416 0.17 0
0.423 0.134 0
0.393 0.171 0
0.341 0.131 0
0.404 0.197 0
0.404 0.191 0
0.411 0.198 0
0.348 0.171 0
0.416 0.165 0
0.425 0.101 0
0.409 0.129 0
0.429 0.134 0
0.404 0.161 0
0.419 0.174 0
0.422 0.196 0
0.379 0.124 0
0.38 0.176 0
0.414 0.171 0
0.352 0.186 0
0.409 0.152 0
0.34 0.2 0
0.436 0.12 0
0.405 0.185 0
0.368 0.119 0
0.337 0.195 0
0.405 0.181 0
0.366 0.191 0
0.392 0.137 0
0.362 0.151 0
0.432 0.128 0
0.428 0.193 0
0.345 0.175 0
0.431 0.115 0
0.431 0.11 0
0.407 0.124 0
0.412 0.11 0
0.398 0.155 0
0.352 0.148 0
0.366 0.108 0
0.371 0.152 0
0.405 0.122 0
0.359 0.148 0
0.383 0.104 0
0.375 0.104 0
0.391 0.164 0
0.395 0.109 0
0.345 0.127 0
0.342 0.117 0
0.375 0.17 0
0.419 0.19 0
0.433 0.138 0
0.336 0.107 0
0.433 0.145 0
0.37 0.112 0
0.404 0.108 0
0.336 0.114 0
0.426 0.199 0
0.38 0.111 0
0.4 0.11 0
0.379 0.194 0
0.365 0.135 0
0.41 0.184 0
0.385 0.156 0
0.404 0.14 0
0.375 0.163 0
0.375 0.142 0
0.41 0.106 0
0.42 0.14 0
0.346 0.181 0
0.412 0.106 0
0.377 0.176 0
0.389 0.129 0
0.39 0.104 0
0.436 0.145 0
0.435 0.071 0
0.419 0.14 0
0.431 0.136 0
0.497 0.097 0
0.412 0.126 0
0.486 0.158 0
0.439 0.072 0
0.486 0.145 0
0.51 0.096 0
0.449 0.131 0
0.448 0.123 0
0.503 0.081 0
0.47 0.094 0
0.492 0.121 0
0.499 0.103 0
0.477 0.146 0
0.44 0.068 0
0.418 0.118 0
0.421 0.152 0
0.435 0.153 0
0.44 0.146 0
0.428 0.071 0
0.433 0.129 0
0.45 0.137 0
0.496 0.123 0
0.451 0.085 0
0.464 0.13 0
0.489 0.081 0
0.412 0.096 0
0.459 0.068 0
0.415 0.116 0
0.438 0.087 0
0.49 0.143 0
0.423 0.15 0
0.433 0.107 0
0.44 0.075 0
0.417 0.166 0
0.468 0.076 0
0.461 0.162 0
0.496 0.071 0
0.5 0.13 0
0.466 0.068 0
0.425 0.117 0
0.487 0.126 0
0.469 0.11 0
0.433 0.142 0
0.508 0.133 0
0.509 0.081 0
0.431 0.072 0
0.437 0.1 0
0.434 0.141 0
0.498 0.102 0
0.488 0.099 0
0.481 0.102 0
0.46 0.098 0
0.465 0.069 0
0.438 0.143 0
0.46 0.082 0
0.457 0.068 0
0.425 0.083 0
0.498 0.109 0
0.494 0.143 0
0.48 0.138 0
0.424 0.085 0
0.432 0.112 0
0.434 0.138 0
0.51 0.094 0
0.51 0.078 0
0.512 0.072 0
0.468 0.095 0
0.502 0.162 0
0.422 0.138 0
0.486 0.123 0
0.434 0.114 0
0.452 0.095 0
0.431 0.153 0
0.479 0.149 0
0.492 0.068 0
0.451 0.154 0
0.484 0.104 0
0.441 0.131 0
0.437 0.128 0
0.414 0.108 0
0.48 0.075 0
0.423 0.148 0
0.493 0.164 0
0.442 0.106 0
0.506 0.128 0
0.473 0.138 0
0.496 0.105 0
0.472 0.168 0
0.416 0.098 0
0.423 0.087 0
0.501 0.071 0
0.445 0.105 0
0.47 0.068 0
0.509 0.083 0
0.49 0.074 0
0.435 0.083 0
0.447 0.103 0
0.441 0.12 0
0.484 0.105 0
0.518 0.071 0
0.498 0.123 0
0.524 0.153 0
0.504 0.067 0
0.458 0.07 0
0.508 0.064 0
0.488 0.14 0
0.452 0.147 0
0.489 0.127 0
0.492 0.15 0
0.492 0.126 0
0.504 0.153 0
0.469 0.125 0
0.466 0.077 0
0.469 0.149 0
0.504 0.122 0
0.503 0.134 0
0.468 0.151 0
0.498 0.068 0
0.44 0.106 0
0.431 0.069 0
0.44 0.093 0
0.523 0.086 0
0.476 0.131 0
0.469 0.064 0
0.47 0.136 0
0.432 0.141 0
0.523 0.071 0
0.446 0.147 0
0.488 0.083 0
0.439 0.147 0
0.443 0.075 0
0.454 0.09 0
0.429 0.111 0
0.453 0.135 0
0.432 0.163 0
0.526 0.081 0
0.474 0.091 0
0.507 0.089 0
0.491 0.127 0
0.529 0.16 0
0.528 0.096 0
0.505 0.144 0
0.446 0.127 0
0.474 0.097 0
0.454 0.088 0
0.498 0.105 0
0.478 0.157 0
0.44 0.114 0
0.432 0.116 0
0.512 0.086 0
0.443 0.111 0
0.519 0.131 0
0.47 0.136 0
0.522 0.153 0
0.445 0.1 0
0.429 0.159 0
0.441 0.164 0
0.527 0.104 0
0.441 0.128 0
0.431 0.124 0
0.515 0.101 0
0.48 0.145 0
0.501 0.144 0
0.511 0.102 0
0.451 0.115 0
0.507 0.099 0
0.461 0.122 0
0.433 0.148 0
0.523 0.132 0
0.443 0.099 0
0.514 0.113 0
0.513 0.083 0
0.436 0.11 0
0.516 0.083 0
0.44 0.124 0
0.496 0.132 0
0.449 0.106 0
0.526 0.108 0
0.503 0.143 0
0.503 0.071 0
0.512 0.069 0
0.516 0.163 0
0.518 0.152 0
0.479 0.09 0
0.483 0.081 0
0.448 0.077 0
0.504 0.129 0
0.526 0.155 0
0.462 0.117 0
0.458 0.139 0
0.474 0.127 0
0.524 0.086 0
0.507 0.162 0
0.512 0.102 0
0.498 0.131 0
0.453 0.134 0
0.562 0.156 0
0.579 0.078 0
0.525 0.152 0
0.506 0.155 0
0.529 0.081 0
0.492 0.118 0
0.492 0.131 0
0.485 0.118 0
0.509 0.13 0
0.515 0.073 0
0.501 0.134 0
0.556 0.115 0
0.503 0.08 0
0.52 0.062 0
0.529 0.082 0
0.521 0.097 0
0.499 0.088 0
0.501 0.096 0
0.527 0.086 0
0.519 0.083 0
0.567 0.114 0
0.508 0.127 0
0.517 0.057 0
0.489 0.077 0
0.558 0.095 0
0.517 0.15 0
0.506 0.115 0
0.507 0.103 0
0.549 0.119 0
0.483 0.08 0
0.526 0.109 0
0.529 0.116 0
0.487 0.147 0
0.502 0.154 0
0.546 0.088 0
0.502 0.065 0
0.568 0.063 0
0.484 0.11 0
0.553 0.08 0
0.517 0.138 0
0.489 0.081 0
0.492 0.152 0
0.53 0.099 0
0.528 0.084 0
0.562 0.064 0
0.573 0.122 0
0.531 0.085 0
0.568 0.13 0
0.518 0.14 0
0.512 0.113 0
0.57 0.153 0
0.559 0.088 0
0.503 0.138 0
0.554 0.144 0
0.535 0.121 0
0.531 0.081 0
0.558 0.076 0
0.481 0.124 0
0.509 0.134 0
0.493 0.107 0
0.501 0.131 0
0.502 0.111 0
0.497 0.109 0
0.52 0.058 0
0.507 0.081 0
0.484 0.105 0
0.499 0.08 0
0.537 0.121 0
0.561 0.079 0
0.56 0.114 0
0.501 0.118 0
0.566 0.076 0
0.506 0.067 0
0.523 0.066 0
0.517 0.062 0
0.567 0.083 0
0.516 0.08 0
0.56 0.133 0
0.548 0.141 0
0.568 0.139 0
0.52 0.096 0
0.514 0.099 0
0.488 0.075 0
0.54 0.149 0
0.56 0.126 0
0.495 0.129 0
0.555 0.064 0
0.512 0.072 0
0.517 0.059 0
0.494 0.106 0
0.548 0.131 0
0.536 0.065 0
0.567 0.093 0
0.495 0.141 0
0.544 0.155 0
0.574 0.097 0
0.504 0.113 0
0.489 0.145 0
0.566 0.058 0
0.508 0.111 0
0.588 0.121 0
0.546 0.083 0
0.548 0.046 0
0.584 0.073 0
0.558 0.127 0
0.555 0.139 0
0.61 0.117 0
0.604 0.099 0
0.617 0.141 0
0.586 0.082 0
0.586 0.046 0
0.574 0.101 0
0.549 0.078 0
0.585 0.086 0
0.549 0.109 0
0.634 0.09 0
0.615 0.073 0
0.574 0.14 0
0.534 0.092 0
0.57 0.111 0
0.58 0.081 0
0.571 0.142 0
0.631 0.144 0
0.605 0.137 0
0.602 0.06 0
0.606 0.098 0
0.535 0.108 0
0.621 0.07 0
0.536 0.058 0
0.538 0.146 0
0.577 0.123 0
0.621 0.101 0
0.543 0.086 0
0.633 0.1 0
0.549 0.057 0
0.612 0.09 0
0.54 0.075 0
0.567 0.122 0
0.564 0.112 0
0.626 0.048 0
0.554 0.061 0
0.623 0.113 0
0.541 0.046 0
0.548 0.1 0
0.554 0.059 0
0.538 0.111 0
0.594 0.101 0
0.633 0.082 0
0.608 0.103 0
0.606 0.122 0
0.578 0.047 0
0.543 0.113 0
0.547 0.138 0
0.577 0.142 0
0.538 0.107 0
0.619 0.108 0
0.632 0.128 0
0.571 0.111 0
0.556 0.107 0
0.618 0.105 0
0.619 0.134 0
0.565 0.048 0
0.569 0.072 0
0.542 0.061 0
0.618 0.073 0
0.547 0.076 0
0.606 0.081 0
0.6 0.073 0
0.534 0.118 0
0.548 0.047 0
0.622 0.103 0
0.587 0.142 0
0.632 0.087 0
0.543 0.132 0
0.606 0.07 0
0.556 0.127 0
0.582 0.131 0
0.537 0.084 0
0.568 0.141 0
0.614 0.055 0
0.631 0.119 0
0.597 0.097 0
0.617 0.114 0
0.594 0.144 0
0.621 0.1 0
0.619 0.115 0
0.594 0.062 0
0.584 0.053 0
0.615 0.137 0
0.545 0.047 0
0.617 0.046 0
0.573 0.069 0
0.544 0.111 0
0.562 0.125 0
0.592 0.097 0
0.596 0.109 0
0.543 0.076 0
0.626 0.12 0
0.578 0.099 0
0.556 0.071 0
0.697 0.06 0
0.627 0.087 0
0.682 0.11 0
0.609 0.078 0
0.692 0.057 0
0.613 0.129 0
0.628 0.101 0
0.697 0.126 0
0.707 0.076 0
0.702 0.105 0
0.666 0.112 0
0.661 0.088 0
0.676 0.038 0
0.682 0.08 0
0.632 0.077 0
0.683 0.068 0
0.643 0.078 0
0.621 0.072 0
0.67 0.122 0
0.654 0.053 0
0.655 0.119 0
0.622 0.098 0
0.684 0.062 0
0.684 0.125 0
0.684 0.131 0
0.639 0.057 0
0.609 0.105 0
0.641 0.09 0
0.644 0.061 0
0.685 0.098 0
0.687 0.053 0
0.687 0.1 0
0.685 0.076 0
0.679 0.108 0
0.7 0.097 0
0.655 0.104 0
0.624 0.131 0
0.667 0.131 0
0.608 0.053 0
0.671 0.095 0
0.63 0.099 0
0.67 0.058 0
0.677 0.118 0
0.693 0.122 0
0.672 0.075 0
0.631 0.136 0
0.65 0.09 0
0.678 0.061 0
0.699 0.104 0
0.703 0.069 0
0.622 0.13 0
0.639 0.071 0
0.68 0.065 0
0.695 0.062 0
0.638 0.038 0
0.694 0.059 0
0.695 0.084 0
0.618 0.102 0
0.608 0.047 0
0.619 0.055 0
0.677 0.113 0
0.698 0.06 0
0.694 0.059 0
0.623 0.082 0
0.638 0.076 0
0.618 0.054 0
0.669 0.041 0
0.685 0.087 0
0.683 0.117 0
0.667 0.126 0
0.634 0.05 0
0.655 0.041 0
0.62 0.136 0
0.651 0.085 0
0.609 0.105 0
0.633 0.096 0
0.62 0.13 0
0.67 0.07 0
0.708 0.061 0
0.702 0.08 0
0.699 0.046 0
0.649 0.116 0
0.625 0.078 0
0.701 0.106 0
0.616 0.099 0
0.698 0.056 0
0.663 0.054 0
0.629 0.059 0
0.683 0.083 0
0.66 0.082 0
0.671 0.136 0
0.632 0.098 0
0.675 0.038 0
0.646 0.05 0
0.665 0.099 0
0.63 0.071 0
0.689 0.111 0
0.681 0.107 0
0.61 0.118 0
0.619 0.085 0
0.751 0.033 0
0.732 0.046 0
0.716 0.089 0
0.771 0.104 0
0.735 0.073 0
0.701 0.055 0
0.691 0.116 0
0.701 0.037 0
0.685 0.072 0
0.685 0.114 0
0.728 0.042 0
0.688 0.031 0
0.771 0.057 0
0.749 0.035 0
0.69 0.067 0
0.761 0.047 0
0.715 0.113 0
0.716 0.072 0
0.711 0.06 0
0.731 0.051 0
0.767 0.096 0
0.72 0.127 0
0.695 0.085 0
0.77 0.128 0
0.731 0.117 0
0.738 0.05 0
0.773 0.123 0
0.713 0.068 0
0.684 0.056 0
0.704 0.109 0
0.745 0.066 0
0.771 0.07 0
0.683 0.118 0
0.761 0.082 0
0.698 0.06 0
0.73 0.082 0
0.696 0.1 0
0.764 0.046 0
0.771 0.1 0
0.71 0.112 0
0.707 0.121 0
0.701 0.128 0
0.69 0.034 0
0.734 0.091 0
0.679 0.08 0
0.706 0.074 0
0.68 0.097 0
0.777 0.069 0
0.762 0.047 0
0.687 0.05 0
0.726 0.105 0
0.68 0.062 0
0.714 0.102 0
0.776 0.064 0
0.73 0.064 0
0.703 0.076 0
0.68 0.069 0
0.715 0.033 0
0.765 0.036 0
0.696 0.1 0
0.682 0.096 0
0.734 0.092 0
0.765 0.064 0
0.734 0.047 0
0.709 0.095 0
0.742 0.106 0
0.737 0.116 0
0.766 0.046 0
0.77 0.051 0
0.773 0.057 0
0.704 0.129 0
0.701 0.05 0
0.759 0.116 0
0.748 0.085 0
0.73 0.036 0
0.753 0.066 0
0.764 0.03 0
0.692 0.092 0
0.772 0.105 0
0.695 0.037 0
0.75 0.084 0
0.703 0.089 0
0.724 0.059 0
0.717 0.093 0
0.737 0.064 0
0.743 0.076 0
0.733 0.09 0
0.705 0.08 0
0.679 0.091 0
0.701 0.116 0
0.728 0.035 0
0.762 0.118 0
0.713 0.051 0
0.738 0.045 0
0.691 0.076 0
0.748 0.043 0
0.731 0.035 0
0.7 0.091 0
0.745 0.064 0
0.731 0.118 0
0.769 0.047 0
0.786 0.129 0
0.748 0.082 0
0.741 0.032 0
0.771 0.113 0
0.752 0.128 0
0.776 0.104 0
0.722 0.03 0
0.779 0.063 0
0.756 0.062 0
0.743 0.059 0
0.817 0.104 0
0.789 0.069 0
0.726 0.06 0
0.742 0.089 0
0.815 0.065 0
0.735 0.038 0
0.723 0.089 0
0.779 0.081 0
0.799 0.103 0
0.812 0.053 0
0.802 0.091 0
0.777 0.128 0
0.812 0.129 0
0.761 0.118 0
0.819 0.041 0
0.762 0.1 0
0.814 0.124 0
0.733 0.11 0
0.801 0.104 0
0.742 0.037 0
0.8 0.038 0
0.77 0.074 0
0.808 0.044 0
0.747 0.116 0
0.778 0.099 0
0.781 0.057 0
0.727 0.086 0
0.78 0.067 0
0.758 0.049 0
0.764 0.051 0
0.744 0.074 0
0.752 0.103 0
0.767 0.084 0
0.779 0.096 0
0.783 0.074 0
0.765 0.1 0
0.767 0.068 0
0.816 0.122 0
0.723 0.107 0
0.772 0.118 0
0.804 0.094 0
0.788 0.078 0
0.799 0.113 0
0.751 0.065 0
0.81 0.082 0
0.812 0.079 0
0.736 0.041 0
0.771 0.056 0
0.794 0.101 0
0.749 0.037 0
0.805 0.044 0
0.744 0.113 0
0.776 0.106 0
0.769 0.085 0
0.76 0.117 0
0.746 0.084 0
0.753 0.067 0
0.798 0.058 0
0.739 0.042 0
0.793 0.11 0
0.79 0.035 0
0.819 0.076 0
0.817 0.089 0
0.809 0.037 0
0.743 0.06 0
0.776 0.108 0
0.78 0.081 0
0.753 0.105 0
0.727 0.064 0
0.734 0.076 0
0.779 0.073 0
0.73 0.095 0
0.761 0.058 0
0.742 0.048 0
0.8 0.107 0
0.805 0.063 0
0.75 0.094 0
0.739 0.056 0
0.747 0.075 0
0.737 0.075 0
0.783 0.123 0
0.728 0.071 0
0.807 0.062 0
0.815 0.04 0
0.736 0.088 0
0.779 0.119 0
0.741 0.091 0
0.73 0.125 0
0.767 0.033 0
0.888 0.061 0
0.855 0.03 0
0.84 0.061 0
0.866 0.051 0
0.926 0.126 0
0.918 0.063 0
0.908 0.091 0
0.916 0.056 0
0.856 0.04 0
0.896 0.048 0
0.855 0.114 0
0.878 0.081 0
0.871 0.087 0
0.867 0.068 0
0.922 0.041 0
0.904 0.107 0
0.87 0.093 0
0.901 0.06 0
0.889 0.038 0
0.897 0.113 0
0.869 0.04 0
0.884 0.09 0
0.92 0.088 0
0.892 0.036 0
0.851 0.095 0
0.833 0.117 0
0.919 0.098 0
0.929 0.11 0
0.876 0.089 0
0.845 0.036 0
0.837 0.128 0
0.924 0.062 0
0.862 0.122 0
0.922 0.069 0
0.916 0.065 0
0.86 0.076 0
0.866 0.045 0
0.909 0.035 0
0.865 0.08 0
0.861 0.11 0
0.919 0.048 0
0.831 0.13 0
0.897 0.103 0
0.879 0.108 0
0.882 0.118 0
0.922 0.049 0
0.904 0.128 0
0.837 0.047 0
0.891 0.031 0
0.896 0.099 0
0.849 0.039 0
0.88 0.033 0
0.918 0.065 0
0.896 0.094 0
0.879 0.113 0
0.882 0.048 0
0.83 0.123 0
0.896 0.046 0
0.91 0.055 0
0.892 0.093 0
0.869 0.125 0
0.874 0.085 0
0.858 0.129 0
0.836 0.061 0
0.883 0.033 0
0.903 0.109 0
0.865 0.095 0
0.897 0.057 0
0.881 0.09 0
0.909 0.053 0
0.843 0.1 0
0.892 0.121 0
0.899 0.096 0
0.89 0.03 0
0.908 0.068 0
0.872 0.04 0
0.896 0.116 0
0.907 0.105 0
0.839 0.124 0
0.877 0.094 0
0.865 0.103 0
0.846 0.098 0
0.831 0.064 0
0.851 0.1 0
0.878 0.057 0
0.848 0.04 0
0.832 0.108 0
0.923 0.077 0
0.845 0.097 0
0.904 0.115 0
0.835 0.084 0
0.86 0.123 0
0.864 0.11 0
0.861 0.071 0
0.922 0.048 0
0.915 0.039 0
0.845 0.062 0
0.919 0.06 0
0.918 0.084 0
0.912 0.061 0
0.958 0.052 0
0.899 0.07 0
0.935 0.132 0
0.923 0.064 0
0.9 0.056 0
0.986 0.047 0
0.948 0.05 0
0.902 0.091 0
0.967 0.136 0
0.941 0.067 0
0.965 0.134 0
0.934 0.116 0
0.919 0.069 0
0.973 0.052 0
0.954 0.04 0
0.991 0.136 0
0.918 0.129 0
0.92 0.083 0
0.962 0.099 0
0.952 0.076 0
0.963 0.041 0
0.952 0.135 0
0.943 0.091 0
0.955 0.048 0
0.908 0.058 0
0.95 0.073 0
0.953 0.077 0
0.918 0.048 0
0.914 0.117 0
0.968 0.097 0
0.933 0.094 0
0.9 0.092 0
0.975 0.125 0
0.963 0.09 0
0.92 0.06 0
0.987 0.097 0
0.977 0.057 0
0.925 0.071 0
0.964 0.096 0
0.911 0.107 0
0.907 0.129 0
0.94 0.051 0
0.9 0.136 0
0.948 0.087 0
0.914 0.068 0
0.989 0.115 0
0.9 0.123 0
0.906 0.136 0
0.897 0.045 0
0.955 0.038 0
0.934 0.133 0
0.993 0.123 0
0.964 0.073 0
0.942 0.104 0
0.981 0.051 0
0.992 0.054 0
0.914 0.083 0
0.923 0.113 0
0.895 0.06 0
0.931 0.063 0
0.914 0.083 0
0.932 0.045 0
0.926 0.113 0
0.931 0.043 0
0.945 0.125 0
0.986 0.126 0
0.902 0.109 0
0.96 0.134 0
0.975 0.092 0
0.962 0.083 0
0.965 0.129 0
0.964 0.126 0
0.898 0.054 0
0.894 0.079 0
0.924 0.072 0
0.927 0.093 0
0.909 0.118 0
0.935 0.039 0
0.897 0.12 0
0.902 0.055 0
0.909 0.043 0
0.908 0.106 0
0.99 0.133 0
0.975 0.099 0
0.94 0.061 0
0.899 0.048 0
0.904 0.062 0
0.966 0.061 0
0.926 0.048 0
0.937 0.056 0
0.943 0.072 0
0.952 0.055 0
0.979 0.12 0
0.93 0.106 0
0.957 0.111 0
0.935 0.118 0
0.973 0.066 0
0.951 0.097 0
0.963 0.129 0
0.977 0.046 0
0.94 0.089 0
0.976 0.083 0
0.973 0.064 0
0.976 0.112 0
0.966 0.06 0
0.94 0.142 0
0.976 0.148 0
0.928 0.079 0
0.998 0.087 0
0.91 0.123 0
0.948 0.146 0
0.945 0.115 0
0.912 0.059 0
0.977 0.075 0
0.929 0.101 0
0.992 0.052 0
0.915 0.083 0
0.92 0.105 0
0.938 0.144 0
0.997 0.124 0
0.931 0.053 0
0.951 0.14 0
0.915 0.114 0
0.951 0.063 0
0.995 0.09 0
0.956 0.069 0
0.95 0.077 0
0.984 0.087 0
0.987 0.066 0
0.965 0.106 0
0.939 0.054 0
0.919 0.144 0
0.933 0.092 0
0.977 0.13 0
0.914 0.108 0
0.913 0.06 0
0.993 0.088 0
0.96 0.069 0
0.91 0.059 0
0.954 0.121 0
0.988 0.147 0
0.98 0.142 0
0.983 0.087 0
0.963 0.077 0
0.988 0.121 0
0.944 0.111 0
0.948 0.139 0
0.938 0.077 0
0.945 0.051 0
0.99 0.099 0
0.968 0.095 0
0.934 0.093 0
0.984 0.072 0
0.931 0.113 0
0.93 0.052 0
0.943 0.144 0
0.96 0.14 0
0.977 0.124 0
0.947 0.116 0
0.924 0.105 0
0.995 0.134 0
0.962 0.099 0
0.919 0.092 0
0.948 0.057 0
0.919 0.142 0
0.921 0.087 0
0.971 0.108 0
0.924 0.129 0
0.979 0.073 0
0.945 0.07 0
0.943 0.14 0
0.962 0.112 0
0.969 0.065 0
0.911 0.109 0
0.969 0.055 0
0.939 0.141 0
0.977 0.121 0
0.989 0.066 0
0.95 0.097 0
0.973 0.148 0
0.977 0.103 0
0.996 0.103 0
0.941 0.106 0
0.931 0.075 0
0.962 0.125 0
0.964 0.063 0
0.994 0.092 0
0.922 0.098 0
0.975 0.072 0
0.958 0.09 0
0.961 0.149 0
0.957 0.084 0
0.977 0.053 0
0.997 0.129 0
0.969 0.084 0
0.991 0.096 0
0.958 0.137 0
0.97 0.076 0
0.913 0.126 0
0.979 0.128 0
0.945 0.124 0
0.964 0.084 0
0.925 0.114 0
0.974 0.114 0
0.943 0.137 0
0.97 0.075 0
0.955 0.079 0
0.937 0.146 0
0.981 0.057 0
0.911 0.097 0
0.964 0.118 0
0.914 0.079 0
0.951 0.082 0
0.99 0.086 0
0.972 0.09 0
0.988 0.102 0
0.988 0.069 0
0.97 0.066 0
0.919 0.118 0
0.911 0.061 0
0.961 0.069 0
0.966 0.085 0
0.921 0.091 0
0.913 0.057 0
0.992 0.145 0
0.941 0.122 0
0.959 0.098 0
0.966 0.06 0
0.935 0.054 0
0.962 0.13 0
0.918 0.147 0
0.924 0.08 0
0.928 0.073 0
0.961 0.078 0
0.962 0.12 0
0.925 0.138 0
0.964 0.151 0
0.934 0.143 0
0.935 0.135 0
0.965 0.109 0
0.981 0.125 0
0.936 0.057 0
0.959 0.073 0
0.983 0.085 0
0.975 0.087 0
0.948 0.129 0
0.909 0.111 0
0.947 0.084 0
0.926 0.104 0
0.988 0.12 0
0.971 0.11 0
0.936 0.104 0
0.999 0.099 0
0.998 0.077 0
0.991 0.143 0
0.948 0.067 0
0.955 0.109 0
0.97 0.051 0
0.956 0.08 0
0.925 0.062 0
0.961 0.101 0
0.918 0.092 0
0.973 0.066 0
0.931 0.098 0
0.935 0.076 0
0.909 0.149 0
0.991 0.069 0
0.922 0.071 0
0.979 0.131 0
0.986 0.13 0
0.942 0.1 0
0.957 0.078 0
0.952 0.078 0
0.993 0.1 0
0.972 0.081 0
0.914 0.079 0
0.919 0.14 0
0.95 0.094 0
0.954 0.08 0
0.95 0.143 0
0.985 0.121 0
0.986 0.144 0
0.95 0.085 0
0.987 0.11 0
0.991 0.101 0
0.944 0.111 0
0.927 0.136 0
0.921 0.102 0
0.931 0.094 0
0.999 0.113 0
0.914 0.079 0
0.988 0.096 0
0.977 0.13 0
0.954 0.093 0
0.923 0.053 0
0.995 0.08 0
0.996 0.136 0
0.99 0.135 0
0.951 0.054 0
0.951 0.051 0
0.849 0.13 0
0.804 0.069 0
0.798 0.127 0
0.801 0.126 0
0.871 0.124 0
0.855 0.129 0
0.809 0.078 0
0.838 0.092 0
0.863 0.07 0
0.812 0.097 0
0.865 0.058 0
0.882 0.064 0
0.867 0.131 0
0.865 0.043 0
0.82 0.1 0
0.866 0.065 0
0.794 0.065 0
0.834 0.133 0
0.849 0.039 0
0.821 0.113 0
0.846 0.039 0
0.869 0.116 0
0.851 0.112 0
0.827 0.05 0
0.798 0.086 0
0.813 0.086 0
0.844 0.088 0
0.864 0.07 0
0.837 0.133 0
0.831 0.045 0
0.889 0.069 0
0.825 0.047 0
0.805 0.048 0
0.814 0.08 0
0.861 0.112 0
0.864 0.042 0
0.81 0.118 0
0.8 0.113 0
0.84 0.049 0
0.885 0.099 0
0.827 0.101 0
0.797 0.047 0
0.845 0.097 0
0.819 0.084 0
0.849 0.053 0
0.863 0.067 0
0.811 0.074 0
0.807 0.046 0
0.859 0.083 0
0.843 0.117 0
0.797 0.038 0
0.874 0.132 0
0.876 0.112 0
0.851 0.108 0
0.828 0.101 0
0.855 0.055 0
0.815 0.065 0
0.811 0.085 0
0.793 0.072 0
0.861 0.075 0
0.862 0.074 0
0.858 0.04 0
0.844 0.051 0
0.881 0.123 0
0.847 0.044 0
0.802 0.122 0
0.863 0.046 0
0.82 0.109 0
0.822 0.099 0
0.875 0.078 0
0.823 0.077 0
0.808 0.069 0
0.873 0.066 0
0.876 0.041 0
0.809 0.062 0
0.833 0.068 0
0.856 0.09 0
0.89 0.053 0
0.805 0.099 0
0.827 0.055 0
0.82 0.117 0
0.844 0.066 0
0.889 0.125 0
0.859 0.064 0
0.882 0.087 0
0.805 0.068 0
0.84 0.048 0
0.831 0.108 0
0.881 0.047 0
0.826 0.124 0
0.851 0.114 0
0.808 0.124 0
0.829 0.051 0
0.847 0.085 0
0.839 0.107 0
0.853 0.099 0
0.867 0.128 0
0.846 0.053 0
0.827 0.089 0
0.833 0.063 0
0.792 0.074 0
0.833 0.105 0
0.786 0.133 0
0.822 0.066 0
0.739 0.076 0
0.827 0.119 0
0.834 0.12 0
0.783 0.058 0
0.779 0.112 0
0.808 0.108 0
0.78 0.1 0
0.832 0.107 0
0.754 0.082 0
0.77 0.074 0
0.818 0.106 0
0.757 0.043 0
0.752 0.119 0
0.815 0.08 0
0.781 0.133 0
0.761 0.093 0
0.765 0.08 0
0.813 0.085 0
0.778 0.06 0
0.767 0.083 0
0.836 0.055 0
0.82 0.077 0
0.762 0.062 0
0.817 0.076 0
0.827 0.098 0
0.824 0.05 0
0.766 0.129 0
0.835 0.108 0
0.741 0.041 0
0.742 0.123 0
0.814 0.047 0
0.74 0.06 0
0.823 0.091 0
0.833 0.131 0
0.772 0.109 0
0.77 0.035 0
0.761 0.09 0
0.802 0.045 0
0.784 0.111 0
0.748 0.052 0
0.793 0.034 0
0.807 0.094 0
0.818 0.108 0
0.773 0.129 0
0.743 0.047 0
0.767 0.063 0
0.818 0.064 0
0.827 0.046 0
0.779 0.075 0
0.742 0.12 0
0.829 0.127 0
0.819 0.05 0
0.746 0.082 0
0.742 0.076 0
0.832 0.122 0
0.838 0.121 0
0.81 0.097 0
0.789 0.044 0
0.751 0.096 0
0.818 0.097 0
0.779 0.042 0
0.804 0.093 0
0.83 0.114 0
0.824 0.061 0
0.763 0.04 0
0.772 0.033 0
0.76 0.061 0
0.811 0.085 0
0.756 0.047 0
0.777 0.052 0
0.827 0.104 0
0.787 0.111 0
0.837 0.118 0
0.819 0.035 0
0.742 0.036 0
0.796 0.063 0
0.834 0.035 0
0.753 0.075 0
0.753 0.126 0
0.781 0.131 0
0.828 0.129 0
0.785 0.1 0
0.797 0.115 0
0.819 0.08 0
0.742 0.077 0
0.776 0.061 0
0.766 0.128 0
0.817 0.086 0
0.756 0.085 0
0.834 0.067 0
0.75 0.126 0
0.785 0.049 0
0.747 0.074 0
0.752 0.086 0
0.754 0.111 0
0.816 0.09 0
0.685 0.124 0
0.691 0.097 0
0.718 0.079 0
0.751 0.11 0
0.748 0.07 0
0.709 0.089 0
0.713 0.063 0
0.734 0.115 0
0.683 0.066 0
0.764 0.038 0
0.725 0.103 0
0.719 0.06 0
0.71 0.081 0
0.685 0.065 0
0.743 0.056 0
0.75 0.132 0
0.758 0.041 0
0.775 0.062 0
0.713 0.036 0
0.75 0.089 0
0.774 0.081 0
0.75 0.097 0
0.699 0.087 0
0.696 0.134 0
0.713 0.124 0
0.706 0.121 0
0.76 0.056 0
0.757 0.131 0
0.706 0.078 0
0.743 0.127 0
0.717 0.102 0
0.718 0.044 0
0.732 0.066 0
0.736 0.13 0
0.69 0.07 0
0.735 0.12 0
0.742 0.127 0
0.686 0.105 0
0.757 0.12 0
0.699 0.105 0
0.693 0.13 0
0.699 0.124 0
0.749 0.074 0
0.773 0.102 0
0.68 0.053 0
0.701 0.077 0
0.745 0.066 0
0.753 0.092 0
0.694 0.12 0
0.677 0.068 0
0.739 0.073 0
0.718 0.095 0
0.706 0.079 0
0.73 0.087 0
0.736 0.106 0
0.695 0.057 0
0.731 0.05 0
0.706 0.125 0
0.762 0.112 0
0.773 0.051 0
0.723 0.11 0
0.725 0.074 0
0.76 0.111 0
0.748 0.092 0
0.687 0.083 0
0.715 0.061 0
0.752 0.086 0
0.708 0.111 0
0.699 0.134 0
0.726 0.068 0
0.687 0.092 0
0.757 0.136 0
0.7 0.104 0
0.7 0.068 0
0.713 0.124 0
0.727 0.048 0
0.74 0.076 0
0.767 0.117 0
0.737 0.068 0
0.752 0.067 0
0.717 0.121 0
0.76 0.113 0
0.702 0.103 0
0.754 0.059 0
0.743 0.124 0
0.764 0.113 0
0.686 0.108 0
0.713 0.059 0
0.702 0.131 0
0.675 0.092 0
0.735 0.12 0
0.732 0.036 0
0.726 0.135 0
0.772 0.12 0
0.763 0.127 0
0.71 0.038 0
0.736 0.046 0
0.719 0.132 0
0.694 0.049 0
0.76 0.051 0
0.446 0.122 0
0.498 0.107 0
0.462 0.158 0
0.513 0.085 0
0.459 0.091 0
0.5 0.151 0
0.526 0.126 0
0.535 0.163 0
0.501 0.08 0
0.511 0.174 0
0.478 0.095 0
0.539 0.148 0
0.472 0.097 0
0.506 0.171 0
0.493 0.103 0
0.446 0.124 0
0.524 0.121 0
0.525 0.133 0
0.455 0.122 0
0.469 0.174 0
0.466 0.093 0
0.539 0.083 0
0.528 0.132 0
0.461 0.132 0
0.52 0.132 0
0.496 0.105 0
0.515 0.169 0
0.471 0.082 0
0.512 0.082 0
0.487 0.166 0
0.48 0.168 0
0.475 0.173 0
0.465 0.141 0
0.541 0.119 0
0.53 0.102 0
0.529 0.087 0
0.539 0.123 0
0.498 0.139 0
0.459 0.148 0
0.485 0.08 0
0.487 0.168 0
0.497 0.126 0
0.451 0.161 0
0.491 0.078 0
0.495 0.173 0
0.534 0.175 0
0.486 0.085 0
0.49 0.095 0
0.447 0.16 0
0.526 0.164 0
0.493 0.172 0
0.488 0.096 0
0.536 0.17 0
0.47 0.111 0
0.492 0.102 0
0.49 0.129 0
0.494 0.101 0
0.534 0.115 0
0.524 0.118 0
0.466 0.139 0
0.479 0.157 0
0.483 0.159 0
0.52 0.149 0
0.535 0.108 0
0.538 0.091 0
0.527 0.156 0
0.451 0.116 0
0.531 0.088 0
0.45 0.114 0
0.48 0.176 0
0.513 0.134 0
0.542 0.164 0
0.453 0.155 0
0.539 0.08 0
0.49 0.103 0
0.472 0.124 0
0.46 0.112 0
0.534 0.147 0
0.516 0.138 0
0.475 0.134 0
0.464 0.107 0
0.538 0.126 0
0.45 0.162 0
0.484 0.115 0
0.483 0.143 0
0.516 0.098 0
0.471 0.106 0
0.53 0.077 0
0.526 0.151 0
0.501 0.144 0
0.544 0.144 0
0.534 0.095 0
0.489 0.122 0
0.526 0.159 0
0.479 0.158 0
0.45 0.128 0
0.473 0.145 0
0.522 0.093 0
0.544 0.123 0
0.515 0.138 0
0.459 0.17 0
0.384 0.117 0
0.38 0.107 0
0.441 0.122 0
0.416 0.181 0
0.415 0.116 0
0.445 0.124 0
0.435 0.164 0
0.398 0.138 0
0.451 0.158 0
0.384 0.104 0
0.426 0.114 0
0.406 0.116 0
0.402 0.119 0
0.411 0.136 0
0.433 0.145 0
0.375 0.186 0
0.46 0.109 0
0.435 0.173 0
0.374 0.171 0
0.385 0.124 0
0.458 0.194 0
0.396 0.126 0
0.451 0.137 0
0.39 0.156 0
0.409 0.153 0
0.449 0.161 0
0.456 0.101 0
0.392 0.149 0
0.458 0.179 0
0.381 0.188 0
0.403 0.124 0
0.398 0.127 0
0.41 0.156 0
0.439 0.135 0
0.411 0.102 0
0.43 0.151 0
0.373 0.193 0
0.374 0.196 0
0.43 0.108 0
0.375 0.138 0
0.43 0.162 0
0.45 0.144 0
0.409 0.131 0
0.43 0.196 0
0.434 0.116 0
0.391 0.195 0
0.455 0.148 0
0.44 0.143 0
0.456 0.191 0
0.463 0.183 0
0.367 0.164 0
0.452 0.104 0
0.446 0.11 0
0.444 0.116 0
0.454 0.197 0
0.406 0.157 0
0.419 0.198 0
0.455 0.163 0
0.371 0.115 0
0.406 0.107 0
0.424 0.161 0
0.394 0.2 0
0.387 0.129 0
0.449 0.172 0
0.442 0.19 0
0.455 0.192 0
0.429 0.105 0
0.413 0.132 0
0.406 0.134 0
0.414 0.121 0
0.412 0.161 0
0.448 0.155 0
0.388 0.2 0
0.39 0.187 0
0.409 0.164 0
0.413 0.115 0
0.429 0.154 0
0.364 0.186 0
0.409 0.134 0
0.408 0.2 0
0.408 0.144 0
0.45 0.196 0
0.425 0.167 0
0.455 0.153 0
0.368 0.14 0
0.422 0.192 0
0.43 0.16 0
0.423 0.167 0
0.369 0.199 0
0.401 0.182 0
0.368 0.155 0
0.408 0.186 0
0.377 0.169 0
0.371 0.182 0
0.437 0.117 0
0.431 0.146 0
0.441 0.15 0
0.432 0.121 0
0.394 0.125 0
0.325 0.225 0
0.362 0.242 0
0.381 0.204 0
0.321 0.15 0
0.31 0.246 0
0.327 0.163 0
0.289 0.246 0
0.362 0.192 0
0.371 0.174 0
0.349 0.203 0
0.313 0.235 0
0.346 0.194 0
0.365 0.245 0
0.362 0.245 0
0.301 0.22 0
0.36 0.178 0
0.333 0.165 0
0.333 0.18 0
0.3 0.23 0
0.367 0.187 0
0.324 0.208 0
0.352 0.161 0
0.357 0.153 0
0.293 0.232 0
0.302 0.185 0
0.356 0.193 0
0.331 0.172 0
0.378 0.183 0
0.376 0.183 0
0.329 0.17 0
0.312 0.209 0
0.314 0.162 0
0.298 0.188 0
0.291 0.196 0
0.368 0.183 0
0.341 0.156 0
0.307 0.191 0
0.289 0.177 0
0.355 0.183 0
0.306 0.218 0
0.329 0.199 0
0.342 0.165 0
0.317 0.24 0
0.36 0.228 0
0.311 0.224 0
0.346 0.151 0
0.306 0.25 0
0.283 0.191 0
0.322 0.15 0
0.304 0.241 0
0.32 0.227 0
0.304 0.169 0
0.315 0.239 0
0.306 0.154 0
0.336 0.228 0
0.329 0.214 0
0.311 0.177 0
0.372 0.162 0
0.323 0.198 0
0.335 0.226 0
0.38 0.161 0
0.315 0.236 0
0.34 0.179 0
0.295 0.24 0
0.352 0.194 0
0.332 0.151 0
0.353 0.199 0
0.316 0.24 0
0.309 0.2 0
0.353 0.215 0
0.379 0.25 0
0.375 0.188 0
0.284 0.201 0
0.328 0.225 0
0.354 0.219 0
0.337 0.164 0
0.308 0.152 0
0.341 0.241 0
0.33 0.177 0
0.338 0.175 0
0.347 0.157 0
0.356 0.21 0
0.295 0.191 0
0.326 0.15 0
0.285 0.155 0
0.298 0.17 0
0.281 0.165 0
0.357 0.213 0
0.314 0.249 0
0.326 0.184 0
0.336 0.164 0
0.293 0.158 0
0.319 0.18 0
0.281 0.242 0
0.365 0.187 0
0.282 0.182 0
0.37 0.186 0
0.351 0.179 0
0.336 0.181 0
0.38 0.243 0
0.29 0.226 0
0.275 0.278 0
0.24 0.261 0
0.247 0.247 0
0.287 0.275 0
0.254 0.286 0
0.313 0.283 0
0.245 0.235 0
0.315 0.28 0
0.256 0.262 0
0.271 0.284 0
0.242 0.259 0
0.318 0.254 0
0.261 0.208 0
0.333 0.253 0
0.243 0.24 0
0.33 0.217 0
0.28 0.246 0
0.291 0.216 0
0.296 0.208 0
0.286 0.274 0
0.241 0.219 0
0.243 0.19 0
0.271 0.28 0
0.27 0.206 0
0.316 0.248 0
0.315 0.223 0
0.271 0.189 0
0.259 0.21 0
0.316 0.287 0
0.327 0.253 0
0.3 0.281 0
0.313 0.28 0
0.246 0.275 0
0.274 0.215 0
0.283 0.262 0
0.286 0.211 0
0.312 0.282 0
0.262 0.229 0
0.313 0.27 0
0.271 0.286 0
0.278 0.229 0
0.239 0.263 0
0.288 0.263 0
0.263 0.208 0
0.291 0.285 0
0.245 0.237 0
0.329 0.219 0
0.279 0.259 0
0.322 0.217 0
0.287 0.242 0
0.326 0.253 0
0.306 0.243 0
0.287 0.265 0
0.293 0.227 0
0.305 0.274 0
0.323 0.204 0
0.236 0.194 0
0.277 0.276 0
0.314 0.244 0
0.266 0.272 0
0.294 0.255 0
0.249 0.264 0
0.283 0.192 0
0.288 0.234 0
0.291 0.233 0
0.332 0.248 0
0.24 0.209 0
0.3 0.255 0
0.299 0.191 0
0.297 0.28 0
0.264 0.221 0
0.242 0.223 0
0.262 0.274 0
0.327 0.266 0
0.335 0.257 0
0.328 0.264 0
0.258 0.264 0
0.284 0.222 0
0.275 0.233 0
0.246 0.244 0
0.333 0.222 0
0.252 0.277 0
0.299 0.222 0
0.318 0.264 0
0.289 0.289 0
0.335 0.255 0
0.273 0.201 0
0.307 0.251 0
0.259 0.253 0
0.247 0.237 0
0.283 0.276 0
0.309 0.197 0
0.247 0.269 0
0.245 0.279 0
0.286 0.278 0
0.264 0.193 0
0.262 0.277 0
0.27 0.19 0
0.242 0.278 0
0.237 0.229 0
0.286 0.263 0
0.242 0.246 0
0.281 0.207 0
0.264 0.241 0
0.304 0.201 0
0.268 0.234 0
0.284 0.26 0
0.271 0.277 0
0.306 0.273 0
0.304 0.197 0
0.275 0.282 0
0.272 0.29 0
0.289 0.226 0
0.247 0.268 0
0.24 0.248 0
0.227 0.292 0
0.236 0.247 0
0.293 0.216 0
0.298 0.279 0
0.251 0.279 0
0.322 0.246 0
0.228 0.217 0
0.235 0.268 0
0.275 0.215 0
0.281 0.26 0
0.277 0.242 0
0.286 0.213 0
0.283 0.217 0
0.258 0.241 0
0.272 0.209 0
0.268 0.234 0
0.279 0.244 0
0.246 0.213 0
0.32 0.25 0
0.231 0.283 0
0.227 0.251 0
0.261 0.203 0
0.282 0.283 0
0.309 0.216 0
0.293 0.245 0
0.316 0.25 0
0.287 0.208 0
0.271 0.21 0
0.261 0.26 0
0.255 0.285 0
0.304 0.236 0
0.312 0.261 0
0.28 0.209 0
0.234 0.285 0
0.299 0.293 0
0.311 0.285 0
0.309 0.275 0
0.313 0.222 0
0.296 0.256 0
0.247 0.297 0
0.324 0.278 0
0.246 0.297 0
0.229 0.219 0
0.242 0.197 0
0.288 0.265 0
0.256 0.294 0
0.245 0.219 0
0.277 0.219 0
0.239 0.283 0
0.227 0.276 0
0.237 0.198 0
0.245 0.274 0
0.251 0.206 0
0.317 0.27 0
0.251 0.242 0
0.301 0.229 0
0.302 0.201 0
0.254 0.243 0
0.243 0.279 0
0.28 0.238 0
0.281 0.252 0
0.323 0.222 0
0.285 0.252 0
0.225 0.219 0
0.288 0.224 0
0.314 0.204 0
0.281 0.243 0
0.246 0.269 0
0.257 0.257 0
0.294 0.218 0
0.272 0.225 0
0.227 0.289 0
0.295 0.282 0
0.255 0.252 0
0.321 0.271 0
0.309 0.205 0
0.274 0.262 0
0.259 0.205 0
0.269 0.216 0
0.246 0.235 0
0.244 0.26 0
0.261 0.225 0
0.239 0.217 0
0.236 0.225 0
0.252 0.28 0
0.287 0.266 0
0.293 0.289 0
0.29 0.279 0
0.293 0.258 0
0.305 0.251 0
0.255 0.252 0
0.305 0.298 0
0.289 0.239 0
0.284 0.29 0
0.223 0.26 0
0.304 0.23 0
0.307 0.204 0
0.25 0.289 0
0.287 0.239 0
0.232 0.232 0
0.288 0.246 0
0.243 0.266 0
0.27 0.264 0
0.261 0.252 0
0.306 0.204 0
0.214 0.248 0
0.29 0.268 0
0.308 0.264 0
0.269 0.212 0
0.308 0.21 0
0.243 0.274 0
0.217 0.225 0
0.303 0.236 0
0.244 0.301 0
0.244 0.238 0
0.212 0.287 0
0.263 0.239 0
0.265 0.266 0
0.235 0.224 0
0.266 0.267 0
0.296 0.295 0
0.293 0.222 0
0.291 0.202 0
0.222 0.216 0
0.222 0.265 0
0.212 0.299 0
0.237 0.292 0
0.298 0.206 0
0.28 0.24 0
0.248 0.223 0
0.244 0.226 0
0.257 0.268 0
0.259 0.289 0
0.23 0.218 0
0.223 0.235 0
0.233 0.273 0
0.239 0.298 0
0.272 0.274 0
0.241 0.298 0
0.279 0.221 0
0.241 0.27 0
0.288 0.258 0
0.298 0.233 0
0.273 0.209 0
0.231 0.248 0
0.306 0.245 0
0.256 0.278 0
0.267 0.221 0
0.289 0.3 0
0.261 0.287 0
0.273 0.298 0
0.214 0.255 0
0.253 0.263 0
0.263 0.237 0
0.234 0.221 0
0.268 0.256 0
0.295 0.281 0
0.29 0.206 0
0.23 0.277 0
0.299 0.289 0
0.227 0.284 0
0.222 0.221 0
0.284 0.298 0
0.225 0.29 0
0.278 0.261 0
0.229 0.298 0
0.252 0.226 0
0.272 0.297 0
0.216 0.247 0
0.266 0.259 0
0.284 0.208 0
0.306 0.25 0
0.288 0.232 0
0.299 0.27 0
0.305 0.269 0
0.226 0.273 0
0.258 0.292 0
0.251 0.242 0
0.306 0.291 0
0.231 0.236 0
0.24 0.228 0
0.27 0.283 0
0.286 0.273 0
0.273 0.271 0
0.337 0.185 0
0.344 0.226 0
0.278 0.241 0
0.35 0.219 0
0.279 0.202 0
0.355 0.202 0
0.323 0.229 0
0.313 0.18 0
0.314 0.221 0
0.309 0.222 0
0.326 0.229 0
0.297 0.235 0
0.333 0.156 0
0.318 0.216 0
0.319 0.217 0
0.33 0.165 0
0.295 0.21 0
0.303 0.226 0
0.366 0.201 0
0.339 0.232 0
0.364 0.211 0
0.358 0.211 0
0.337 0.198 0
0.279 0.166 0
0.292 0.167 0
0.317 0.15 0
0.331 0.185 0
0.341 0.164 0
0.293 0.247 0
0.309 0.228 0
0.294 0.244 0
0.268 0.175 0
0.355 0.21 0
0.27 0.196 0
0.316 0.155 0
0.301 0.189 0
0.321 0.203 0
0.349 0.236 0
0.366 0.238 0
0.32 0.196 0
0.353 0.168 0
0.363 0.217 0
0.358 0.152 0
0.345 0.181 0
0.311 0.24 0
0.366 0.228 0
0.345 0.236 0
0.312 0.197 0
0.284 0.16 0
0.364 0.174 0
0.33 0.229 0
0.287 0.212 0
0.298 0.183 0
0.268 0.214 0
0.31 0.177 0
0.357 0.161 0
0.272 0.209 0
0.273 0.185 0
0.301 0.22 0
0.295 0.181 0
0.297 0.233 0
0.289 0.203 0
0.27 0.168 0
0.27 0.194 0
0.304 0.241 0
0.316 0.154 0
0.33 0.216 0
0.335 0.186 0
0.327 0.218 0
0.366 0.245 0
0.272 0.174 0
0.334 0.17 0
0.32 0.152 0
0.334 0.237 0
0.269 0.223 0
0.273 0.222 0
0.299 0.208 0
0.308 0.17 0
0.271 0.215 0
0.266 0.16 0
0.272 0.249 0
0.3 0.151 0
0.303 0.231 0
0.305 0.196 0
0.283 0.185 0
0.336 0.249 0
0.289 0.198 0
0.356 0.242 0
0.302 0.184 0
0.313 0.219 0
0.359 0.149 0
0.294 0.158 0
0.307 0.236 0
0.306 0.222 0
0.301 0.22 0
0.316 0.172 0
0.282 0.163 0
0.307 0.166 0
0.281 0.22 0
0.351 0.187 0
0.592 0.153 0
0.559 0.103 0
0.55 0.173 0
0.524 0.142 0
0.54 0.142 0
0.545 0.111 0
0.592 0.167 0
0.571 0.146 0
0.568 0.104 0
0.599 0.134 0
0.587 0.12 0
0.55 0.15 0
0.589 0.177 0
0.575 0.135 0
0.515 0.144 0
0.53 0.15 0
0.541 0.128 0
0.588 0.108 0
0.579 0.094 0
0.548 0.103 0
0.565 0.119 0
0.543 0.177 0
0.595 0.113 0
0.521 0.14 0
0.557 0.166 0
0.58 0.094 0
0.597 0.094 0
0.576 0.082 0
0.566 0.081 0
0.611 0.113 0
0.535 0.15 0
0.52 0.131 0
0.563 0.118 0
0.533 0.165 0
0.52 0.143 0
0.532 0.163 0
0.515 0.164 0
0.595 0.173 0
0.564 0.13 0
0.585 0.137 0
0.585 0.168 0
0.523 0.109 0
0.538 0.098 0
0.536 0.142 0
0.575 0.149 0
0.59 0.126 0
0.573 0.168 0
0.546 0.172 0
0.522 0.148 0
0.579 0.12 0
0.547 0.173 0
0.538 0.082 0
0.577 0.144 0
0.533 0.133 0
0.532 0.085 0
0.515 0.152 0
0.571 0.144 0
0.555 0.168 0
0.561 0.142 0
0.602 0.164 0
0.572 0.13 0
0.576 0.094 0
0.552 0.079 0
0.545 0.173 0
0.577 0.13 0
0.594 0.105 0
0.544 0.099 0
0.556 0.089 0
0.559 0.151 0
0.605 0.177 0
0.589 0.135 0
0.526 0.13 0
0.524 0.085 0
0.545 0.102 0
0.599 0.102 0
0.526 0.079 0
0.551 0.156 0
0.586 0.169 0
0.545 0.176 0
0.532 0.095 0
0.586 0.105 0
0.526 0.094 0
0.591 0.112 0
0.576 0.119 0
0.552 0.096 0
0.598 0.105 0
0.53 0.091 0
0.532 0.163 0
0.588 0.092 0
0.574 0.178 0
0.563 0.085 0
0.555 0.108 0
0.565 0.108 0
0.517 0.118 0
0.54 0.119 0
0.534 0.134 0
0.528 0.135 0
0.57 0.109 0
0.515 0.172 0
0.532 0.116 0
0.638 0.137 0
0.617 0.072 0
0.688 0.081 0
0.642 0.071 0
0.685 0.062 0
0.632 0.067 0
0.676 0.117 0
0.613 0.144 0
0.689 0.097 0
0.688 0.145 0
0.603 0.124 0
0.625 0.113 0
0.628 0.116 0
0.668 0.072 0
0.625 0.144 0
0.64 0.134 0
0.636 0.082 0
0.692 0.125 0
0.669 0.142 0
0.615 0.135 0
0.678 0.066 0
0.695 0.119 0
0.658 0.158 0
0.684 0.083 0
0.662 0.149 0
0.612 0.124 0
0.666 0.082 0
0.685 0.143 0
0.633 0.113 0
0.637 0.128 0
0.612 0.1 0
0.625 0.091 0
0.65 0.12 0
0.667 0.126 0
0.636 0.069 0
0.673 0.07 0
0.598 0.091 0
0.623 0.121 0
0.608 0.087 0
0.643 0.079 0
0.684 0.067 0
0.634 0.113 0
0.677 0.113 0
0.628 0.117 0
0.68 0.138 0
0.647 0.092 0
0.654 0.147 0
0.614 0.127 0
0.603 0.067 0
0.617 0.148 0
0.663 0.064 0
0.622 0.116 0
0.679 0.086 0
0.698 0.125 0
0.688 0.099 0
0.681 0.078 0
0.658 0.136 0
0.614 0.123 0
0.659 0.155 0
0.687 0.152 0
0.682 0.109 0
0.681 0.095 0
0.665 0.149 0
0.688 0.084 0
0.674 0.144 0
0.66 0.072 0
0.634 0.103 0
0.612 0.158 0
0.661 0.094 0
0.652 0.134 0
0.66 0.081 0
0.663 0.074 0
0.624 0.141 0
0.601 0.155 0
0.651 0.11 0
0.647 0.075 0
0.613 0.125 0
0.626 0.157 0
0.678 0.09 0
0.614 0.133 0
0.669 0.156 0
0.682 0.108 0
0.628 0.06 0
0.653 0.092 0
0.673 0.082 0
0.638 0.1 0
0.697 0.074 0
0.683 0.099 0
0.599 0.14 0
0.693 0.078 0
0.681 0.09 0
0.602 0.148 0
0.643 0.063 0
0.649 0.127 0
0.632 0.151 0
0.615 0.086 0
0.691 0.145 0
0.67 0.059 0
0.623 0.068 0
0.674 0.068 0
0.74 0.087 0
0.75 0.124 0
0.739 0.071 0
0.739 0.062 0
0.687 0.13 0
0.749 0.098 0
0.697 0.131 0
0.721 0.07 0
0.761 0.083 0
0.707 0.091 0
0.7 0.058 0
0.751 0.093 0
0.753 0.116 0
0.687 0.12 0
0.723 0.074 0
0.749 0.098 0
0.695 0.134 0
0.739 0.135 0
0.722 0.133 0
0.728 0.11 0
0.714 0.089 0
0.742 0.119 0
0.685 0.11 0
0.751 0.106 0
0.73 0.112 0
0.705 0.1 0
0.717 0.094 0
0.716 0.113 0
0.755 0.118 0
0.694 0.091 0
0.725 0.121 0
0.67 0.082 0
0.685 0.054 0
0.7 0.058 0
0.683 0.139 0
0.713 0.049 0
0.682 0.099 0
0.742 0.102 0
0.74 0.115 0
0.686 0.065 0
0.71 0.072 0
0.769 0.079 0
0.669 0.061 0
0.727 0.127 0
0.703 0.142 0
0.737 0.141 0
0.749 0.108 0
0.729 0.139 0
0.71 0.115 0
0.747 0.113 0
0.718 0.055 0
0.679 0.117 0
0.695 0.116 0
0.672 0.08 0
0.681 0.071 0
0.759 0.131 0
0.695 0.044 0
0.757 0.057 0
0.692 0.123 0
0.756 0.118 0
0.689 0.083 0
0.749 0.063 0
0.685 0.09 0
0.761 0.122 0
0.704 0.076 0
0.678 0.104 0
0.761 0.099 0
0.677 0.042 0
0.693 0.12 0
0.73 0.063 0
0.734 0.095 0
0.723 0.12 0
0.719 0.108 0
0.713 0.056 0
0.719 0.098 0
0.699 0.052 0
0.691 0.051 0
0.758 0.064 0
0.75 0.073 0
0.723 0.057 0
0.734 0.065 0
0.732 0.075 0
0.726 0.131 0
0.711 0.074 0
0.727 0.059 0
0.675 0.117 0
0.749 0.05 0
0.75 0.043 0
0.719 0.137 0
0.757 0.129 0
0.769 0.126 0
0.753 0.082 0
0.762 0.109 0
0.684 0.076 0
0.711 0.106 0
0.678 0.101 0
0.74 0.101 0
0.75 0.047 0
0.766 0.083 0
0.677 0.093 0
0.795 0.046 0
0.842 0.119 0
0.839 0.126 0
0.839 0.043 0
0.811 0.114 0
0.787 0.07 0
0.794 0.093 0
0.761 0.095 0
0.833 0.133 0
0.773 0.102 0
0.756 0.051 0
0.761 0.132 0
0.804 0.13 0
0.781 0.081 0
0.841 0.064 0
0.761 0.093 0
0.798 0.058 0
0.763 0.035 0
0.767 0.103 0
0.762 0.078 0
0.805 0.06 0
0.808 0.077 0
0.758 0.091 0
0.802 0.065 0
0.791 0.07 0
0.826 0.119 0
0.843 0.088 0
0.841 0.13 0
0.766 0.109 0
0.809 0.056 0
0.763 0.13 0
0.772 0.042 0
0.838 0.108 0
0.825 0.049 0
0.843 0.055 0
0.823 0.059 0
0.808 0.124 0
0.849 0.038 0
0.787 0.121 0
0.817 0.118 0
0.819 0.074 0
0.848 0.125 0
0.814 0.04 0
0.82 0.085 0
0.817 0.098 0
0.827 0.075 0
0.841 0.084 0
0.812 0.129 0
0.786 0.083 0
0.796 0.073 0
0.767 0.12 0
0.845 0.04 0
0.755 0.094 0
0.788 0.035 0
0.825 0.057 0
0.794 0.126 0
0.824 0.11 0
0.789 0.107 0
0.789 0.05 0
0.808 0.074 0
0.795 0.035 0
0.833 0.102 0
0.828 0.112 0
0.837 0.104 0
0.755 0.036 0
0.785 0.107 0
0.782 0.052 0
0.779 0.061 0
0.776 0.107 0
0.785 0.094 0
0.843 0.102 0
0.75 0.129 0
0.78 0.113 0
0.755 0.053 0
0.809 0.048 0
0.833 0.061 0
0.826 0.053 0
0.773 0.052 0
0.825 0.123 0
0.754 0.085 0
0.781 0.075 0
0.837 0.049 0
0.836 0.081 0
0.843 0.107 0
0.827 0.108 0
0.778 0.106 0
0.846 0.081 0
0.795 0.054 0
0.818 0.044 0
0.754 0.121 0
0.752 0.08 0
0.757 0.033 0
0.803 0.1 0
0.795 0.126 0
0.819 0.084 0
0.769 0.05 0
0.765 0.089 0
0.8 0.065 0
0.767 0.116 0
0.809 0.122 0
0.918 0.101 0
0.889 0.082 0
0.91 0.08 0
0.906 0.121 0
0.879 0.096 0
0.884 0.122 0
0.925 0.089 0
0.938 0.09 0
0.859 0.118 0
0.927 0.06 0
0.888 0.051 0
0.938 0.088 0
0.905 0.07 0
0.893 0.066 0
0.878 0.032 0
0.898 0.095 0
0.89 0.063 0
0.9 0.119 0
0.904 0.091 0
0.934 0.04 0
0.907 0.122 0
0.86 0.034 0
0.914 0.028 0
0.942 0.109 0
0.89 0.064 0
0.902 0.092 0
0.927 0.126 0
0.879 0.035 0
0.918 0.057 0
0.919 0.059 0
0.944 0.106 0
0.849 0.109 0
0.897 0.102 0
0.906 0.115 0
0.896 0.08 0
0.944 0.088 0
0.924 0.11 0
0.879 0.1 0
0.91 0.096 0
0.882 0.078 0
0.949 0.074 0
0.908 0.042 0
0.855 0.056 0
0.888 0.099 0
0.862 0.096 0
0.912 0.079 0
0.901 0.036 0
0.921 0.126 0
0.875 0.043 0
0.861 0.054 0
0.937 0.122 0
0.931 0.031 0
0.939 0.031 0
0.882 0.041 0
0.943 0.066 0
0.921 0.053 0
0.884 0.038 0
0.899 0.072 0
0.873 0.052 0
0.865 0.123 0
0.91 0.049 0
0.911 0.109 0
0.878 0.04 0
0.876 0.102 0
0.941 0.113 0
0.932 0.12 0
0.931 0.104 0
0.937 0.098 0
0.889 0.038 0
0.915 0.042 0
0.855 0.085 0
0.853 0.029 0
0.859 0.047 0
0.897 0.093 0
0.91 0.096 0
0.933 0.056 0
0.898 0.046 0
0.887 0.091 0
0.872 0.041 0
0.938 0.032 0
0.889 0.051 0
0.868 0.085 0
0.929 0.07 0
0.873 0.079 0
0.882 0.033 0
0.898 0.111 0
0.875 0.122 0
0.872 0.053 0
0.852 0.073 0
0.9 0.064 0
0.893 0.056 0
0.854 0.051 0
0.932 0.118 0
0.86 0.028 0
0.928 0.055 0
0.93 0.034 0
0.932 0.077 0
0.942 0.09 0
0.944 0.031 0
0.919 0.073 0
0.173 0.358 0
0.117 0.378 0
0.128 0.364 0
0.165 0.372 0
0.138 0.422 0
0.208 0.378 0
0.119 0.339 0
0.184 0.357 0
0.19 0.354 0
0.171 0.393 0
0.192 0.4 0
0.126 0.404 0
0.192 0.357 0
0.171 0.395 0
0.164 0.336 0
0.125 0.33 0
0.151 0.348 0
0.152 0.387 0
0.181 0.398 0
0.209 0.41 0
0.19 0.351 0
0.175 0.389 0
0.116 0.381 0
0.143 0.399 0
0.152 0.349 0
0.169 0.332 0
0.11 0.349 0
0.119 0.4 0
0.191 0.362 0
0.167 0.401 0
0.207 0.416 0
0.138 0.331 0
0.13 0.415 0
0.143 0.395 0
0.209 0.388 0
0.115 0.354 0
0.166 0.357 0
0.184 0.403 0
0.203 0.375 0
0.204 0.394 0
0.196 0.371 0
0.117 0.343 0
0.152 0.345 0
0.176 0.359 0
0.183 0.406 0
0.148 0.374 0
0.131 0.351 0
0.194 0.378 0
0.192 0.338 0
0.149 0.375 0
0.164 0.326 0
0.193 0.333 0
0.202 0.332 0
0.164 0.409 0
0.155 0.336 0
0.143 0.413 0
0.151 0.411 0
0.2 0.348 0
0.146 0.422 0
0.117 0.39 0
0.146 0.376 0
0.191 0.423 0
0.121 0.388 0
0.15 0.369 0
0.126 0.354 0
0.198 0.341 0
0.2 0.403 0
0.189 0.387 0
0.113 0.384 0
0.12 0.416 0
0.117 0.386 0
0.2 0.365 0
0.131 0.412 0
0.144 0.355 0
0.202 0.391 0
0.183 0.388 0
0.126 0.395 0
0.15 0.362 0
0.181 0.346 0
0.17 0.407 0
0.201 0.369 0
0.18 0.352 0
0.135 0.422 0
0.149 0.338 0
0.185 0.376 0
0.202 0.401 0
0.156 0.391 0
0.122 0.396 0
0.194 0.372 0
0.146 0.387 0
0.119 0.325 0
0.154 0.366 0
0.178 0.338 0
0.158 0.386 0
0.151 0.357 0
0.144 0.349 0
0.198 0.362 0
0.176 0.324 0
0.14 0.374 0
0.184 0.345 0
0.612 0.558 0
0.58 0.513 0
0.582 0.496 0
0.582 0.551 0
0.638 0.579 0
0.626 0.545 0
0.623 0.489 0
0.658 0.519 0
0.585 0.545 0
0.586 0.534 0
0.606 0.565 0
0.57 0.574 0
0.59 0.566 0
0.592 0.517 0
0.589 0.494 0
0.643 0.506 0
0.63 0.495 0
0.626 0.494 0
0.646 0.495 0
0.583 0.535 0
0.659 0.547 0
0.606 0.541 0
0.567 0.512 0
0.568 0.49 0
0.573 0.495 0
0.606 0.533 0
0.582 0.544 0
0.61 0.516 0
0.644 0.557 0
0.563 0.559 0
0.593 0.521 0
0.646 0.541 0
0.653 0.571 0
0.605 0.558 0
0.659 0.586 0
0.641 0.539 0
0.587 0.498 0
0.598 0.521 0
0.627 0.582 0
0.593 0.583 0
0.651 0.496 0
0.585 0.526 0
0.646 0.547 0
0.621 0.557 0
0.606 0.491 0
0.641 0.538 0
0.599 0.57 0
0.641 0.498 0
0.646 0.555 0
0.61 0.535 0
0.654 0.514 0
0.581 0.556 0
0.626 0.586 0
0.624 0.57 0
0.587 0.579 0
0.598 0.545 0
0.637 0.587 0
0.615 0.544 0
0.573 0.513 0
0.636 0.547 0
0.617 0.503 0
0.614 0.567 0
0.649 0.493 0
0.582 0.587 0
0.632 0.557 0
0.587 0.56 0
0.597 0.549 0
0.581 0.493 0
0.605 0.562 0
0.629 0.524 0
0.604 0.493 0
0.639 0.529 0
0.606 0.493 0
0.657 0.508 0
0.624 0.536 0
0.566 0.576 0
0.591 0.516 0
0.625 0.573 0
0.646 0.564 0
0.611 0.549 0
0.632 0.548 0
0.591 0.488 0
0.624 0.514 0
0.662 0.574 0
0.563 0.499 0
0.609 0.572 0
0.656 0.572 0
0.661 0.541 0
0.577 0.585 0
0.642 0.536 0
0.572 0.585 0
0.649 0.514 0
0.573 0.509 0
0.65 0.511 0
0.627 0.564 0
0.615 0.559 0
0.661 0.555 0
0.567 0.545 0
0.583 0.585 0
0.609 0.523 0
