0.593 0.946 0
0.589 0.934 0
0.549 0.95 0
0.548 0.997 0
0.524 0.958 0
0.585 0.992 0
0.605 0.954 0
0.544 0.925 0
0.623 0.981 0
0.545 0.94 0
0.593 0.982 0
0.581 0.995 0
0.616 0.951 0
0.591 0.992 0
0.549 0.941 0
0.612 0.925 0
0.53 0.963 0
0.592 0.932 0
0.552 0.969 0
0.601 0.997 0
0.603 0.958 0
0.602 0.991 0
0.565 0.954 0
0.578 0.959 0
0.606 0.932 0
0.62 0.929 0
0.535 0.935 0
0.563 0.97 0
0.583 0.997 0
0.596 0.971 0
0.534 0.928 0
0.59 0.937 0
0.584 0.943 0
0.592 0.973 0
0.548 0.97 0
0.562 0.958 0
0.576 0.988 0
0.623 0.974 0
0.546 0.961 0
0.57 0.977 0
0.61 0.998 0
0.563 0.997 0
0.577 0.962 0
0.601 0.963 0
0.549 0.926 0
0.531 0.937 0
0.583 0.934 0
0.527 0.944 0
0.591 0.992 0
0.59 0.922 0
0.538 0.971 0
0.588 0.985 0
0.589 0.967 0
0.542 0.992 0
0.603 0.957 0
0.544 0.958 0
0.564 0.965 0
0.53 0.998 0
0.549 0.945 0
0.543 0.964 0
0.541 0.982 0
0.611 0.965 0
0.578 0.941 0
0.598 0.954 0
0.593 0.992 0
0.62 0.983 0
0.59 0.976 0
0.559 0.982 0
0.546 0.966 0
0.591 0.97 0
0.575 0.961 0
0.539 0.944 0
0.606 0.929 0
0.59 0.978 0
0.552 0.983 0
0.619 0.969 0
0.623 0.952 0
0.585 0.941 0
0.544 0.98 0
0.621 0.958 0
0.585 0.939 0
0.59 0.954 0
0.621 0.944 0
0.618 0.987 0
0.597 0.978 0
0.598 0.987 0
0.623 0.945 0
0.526 0.948 0
0.555 0.965 0
0.534 0.922 0
0.548 0.993 0
0.547 0.933 0
0.603 0.961 0
0.621 0.982 0
0.593 0.986 0
0.525 0.932 0
0.541 0.94 0
0.582 0.995 0
0.582 0.939 0
0.594 0.961 0
0.547 0.954 0
0.561 0.951 0
0.511 0.971 0
0.519 0.981 0
0.487 0.935 0
0.536 0.937 0
0.563 0.952 0
0.502 0.988 0
0.502 0.975 0
0.5 0.981 0
0.534 0.997 0
0.518 0.967 0
0.481 0.941 0
0.516 0.944 0
0.514 0.938 0
0.504 0.997 0
0.574 0.993 0
0.562 0.958 0
0.568 0.95 0
0.55 0.995 0
0.529 0.954 0
0.53 0.972 0
0.48 0.941 0
0.55 0.984 0
0.513 0.932 0
0.507 0.994 0
0.491 0.979 0
0.553 0.943 0
0.478 0.964 0
0.549 0.987 0
0.503 0.946 0
0.516 0.932 0
0.561 0.965 0
0.489 0.94 0
0.554 0.943 0
0.518 0.97 0
0.482 0.994 0
0.488 0.956 0
0.498 0.987 0
0.565 0.964 0
0.528 0.953 0
0.505 0.998 0
0.476 0.963 0
0.5 0.929 0
0.476 0.938 0
0.57 0.994 0
0.556 0.971 0
0.477 0.987 0
0.568 0.977 0
0.499 0.969 0
0.516 0.983 0
0.479 0.98 0
0.478 0.934 0
0.511 0.978 0
0.551 0.968 0
0.491 0.934 0
0.549 0.974 0
0.494 0.935 0
0.564 0.969 0
0.535 0.963 0
0.484 0.976 0
0.517 0.933 0
0.56 0.946 0
0.55 0.942 0
0.572 0.998 0
0.552 0.97 0
0.567 0.986 0
0.521 0.984 0
0.496 0.997 0
0.491 0.958 0
0.513 0.979 0
0.517 0.934 0
0.566 0.967 0
0.522 0.955 0
0.508 0.963 0
0.48 0.984 0
0.553 0.953 0
0.547 0.951 0
0.495 0.929 0
0.566 0.968 0
0.557 0.934 0
0.512 0.976 0
0.493 0.996 0
0.567 0.987 0
0.564 0.991 0
0.563 0.931 0
0.569 0.989 0
0.553 0.941 0
0.518 0.973 0
0.525 0.954 0
0.526 0.929 0
0.496 0.982 0
0.497 0.988 0
0.511 0.935 0
0.528 0.987 0
0.553 0.977 0
0.484 0.976 0
0.54 0.989 0
0.512 0.934 0
0.489 0.977 0
0.472 0.992 0
0.393 0.93 0
0.45 0.945 0
0.433 0.992 0
0.407 0.953 0
0.451 0.931 0
0.447 1.0 0
0.469 0.995 0
0.402 0.975 0
0.411 0.968 0
0.426 0.964 0
0.438 0.946 0
0.431 0.971 0
0.436 0.991 0
0.394 0.951 0
0.396 0.928 0
0.457 0.962 0
0.415 0.997 0
0.474 0.948 0
0.418 0.964 0
0.437 0.933 0
0.419 0.936 0
0.39 0.941 0
0.389 0.948 0
0.419 0.969 0
0.414 0.989 0
0.445 0.938 0
0.437 0.936 0
0.431 0.946 0
0.422 0.991 0
0.476 0.924 0
0.432 0.988 0
0.416 0.972 0
0.448 0.93 0
0.398 0.997 0
0.438 0.993 0
0.449 0.991 0
0.435 0.96 0
0.418 0.972 0
0.382 1.0 0
0.439 0.994 0
0.4 0.966 0
0.44 0.948 0
0.406 0.923 0
0.476 0.941 0
0.43 1.0 0
0.419 0.928 0
0.42 0.997 0
0.397 0.967 0
0.416 0.943 0
0.402 0.934 0
0.421 0.973 0
0.473 0.985 0
0.408 0.955 0
0.426 0.968 0
0.468 0.941 0
0.412 0.948 0
0.383 0.953 0
0.4 0.928 0
0.457 0.986 0
0.448 0.998 0
0.398 0.94 0
0.474 0.988 0
0.412 0.996 0
0.472 0.942 0
0.431 0.957 0
0.453 0.949 0
0.456 0.94 0
0.401 0.935 0
0.442 0.936 0
0.464 0.954 0
0.437 0.991 0
0.401 0.97 0
0.419 0.967 0
0.445 0.99 0
0.468 0.979 0
0.422 0.999 0
0.445 0.991 0
0.463 0.939 0
0.416 0.959 0
0.405 0.995 0
0.458 0.986 0
0.397 0.948 0
0.437 0.983 0
0.434 0.939 0
0.465 0.961 0
0.417 0.993 0
0.462 0.959 0
0.449 0.99 0
0.419 0.935 0
0.38 0.982 0
0.38 0.95 0
0.446 0.982 0
0.401 0.96 0
0.396 0.977 0
0.435 0.98 0
0.45 0.926 0
0.391 0.927 0
0.378 0.948 0
0.469 0.959 0
0.245 0.956 0
0.299 0.92 0
0.288 0.986 0
0.275 0.994 0
0.32 0.986 0
0.304 0.966 0
0.302 0.937 0
0.289 0.928 0
0.238 0.973 0
0.271 0.953 0
0.277 0.972 0
0.305 0.985 0
0.29 0.995 0
0.299 0.957 0
0.232 0.984 0
0.294 0.975 0
0.285 0.937 0
0.246 0.987 0
0.266 0.972 0
0.321 0.974 0
0.32 0.941 0
0.285 0.919 0
0.262 0.952 0
0.265 0.931 0
0.289 0.999 0
0.261 0.964 0
0.271 0.935 0
0.245 0.951 0
0.324 0.988 0
0.274 0.988 0
0.258 0.953 0
0.288 0.933 0
0.235 1.0 0
0.301 0.955 0
0.273 0.929 0
0.289 0.922 0
0.281 0.926 0
0.24 0.966 0
0.32 0.948 0
0.24 0.969 0
0.285 0.915 0
0.255 0.984 0
0.25 0.979 0
0.255 0.965 0
0.322 0.998 0
0.23 0.99 0
0.236 0.968 0
0.304 0.968 0
0.282 0.939 0
0.292 0.97 0
0.32 1.0 0
0.292 0.97 0
0.282 0.933 0
0.278 0.941 0
0.27 0.943 0
0.263 0.913 0
0.283 0.939 0
0.257 0.996 0
0.325 0.967 0
0.279 0.923 0
0.291 0.939 0
0.286 0.994 0
0.277 0.922 0
0.235 0.919 0
0.305 0.962 0
0.257 0.997 0
0.23 0.991 0
0.285 0.963 0
0.261 0.969 0
0.297 0.909 0
0.246 0.977 0
0.276 0.954 0
0.231 0.968 0
0.303 0.994 0
0.238 0.973 0
0.259 0.917 0
0.296 0.938 0
0.295 0.985 0
0.27 0.925 0
0.258 0.929 0
0.251 0.933 0
0.262 0.923 0
0.249 0.952 0
0.257 0.971 0
0.309 0.939 0
0.305 0.99 0
0.312 0.946 0
0.312 0.965 0
0.293 0.938 0
0.31 1.0 0
0.24 0.965 0
0.239 0.93 0
0.309 0.932 0
0.286 0.927 0
0.237 0.912 0
0.289 0.932 0
0.3 0.948 0
0.317 0.983 0
0.313 0.953 0
0.296 0.966 0
0.245 0.926 0
0.251 0.939 0
0.194 0.955 0
0.269 0.907 0
0.225 0.965 0
0.185 0.929 0
0.192 0.912 0
0.236 0.905 0
0.257 0.958 0
0.205 0.987 0
0.178 0.915 0
0.226 0.971 0
0.243 0.946 0
0.179 0.993 0
0.221 0.948 0
0.24 0.929 0
0.204 0.918 0
0.253 0.997 0
0.264 0.972 0
0.201 0.918 0
0.209 0.909 0
0.203 0.963 0
0.186 0.932 0
0.254 0.99 0
0.214 0.906 0
0.238 0.961 0
0.195 0.921 0
0.258 0.959 0
0.265 0.951 0
0.192 0.975 0
0.219 0.983 0
0.222 0.905 0
0.182 0.918 0
0.253 0.966 0
0.259 0.928 0
0.26 0.949 0
0.255 0.954 0
0.198 0.927 0
0.256 0.967 0
0.204 0.907 0
0.252 0.959 0
0.207 0.957 0
0.199 0.993 0
0.236 0.961 0
0.257 0.983 0
0.205 0.935 0
0.259 0.957 0
0.181 0.968 0
0.21 0.966 0
0.272 0.925 0
0.25 0.959 0
0.243 0.958 0
0.222 0.998 0
0.247 0.924 0
0.275 0.928 0
0.213 0.936 0
0.261 0.911 0
0.205 0.985 0
0.201 0.93 0
0.183 0.957 0
0.207 0.974 0
0.206 0.957 0
0.199 0.911 0
0.223 0.92 0
0.266 0.953 0
0.269 0.952 0
0.26 0.919 0
0.231 0.974 0
0.239 0.97 0
0.264 0.93 0
0.207 0.921 0
0.228 0.913 0
0.276 0.995 0
0.202 0.938 0
0.233 0.919 0
0.208 0.948 0
0.206 0.931 0
0.201 0.981 0
0.268 0.95 0
0.182 0.919 0
0.196 0.931 0
0.269 0.981 0
0.252 0.91 0
0.274 0.996 0
0.243 0.907 0
0.216 0.921 0
0.235 0.976 0
0.214 0.981 0
0.272 0.909 0
0.212 0.905 0
0.235 0.91 0
0.271 0.956 0
0.264 0.91 0
0.182 0.906 0
0.276 0.934 0
0.264 0.944 0
0.261 0.972 0
0.199 0.962 0
0.234 0.913 0
0.245 0.973 0
0.154 0.958 0
0.128 0.937 0
0.189 0.985 0
0.177 0.944 0
0.119 0.914 0
0.161 0.909 0
0.098 0.99 0
0.147 0.981 0
0.138 0.936 0
0.173 0.932 0
0.179 0.988 0
0.175 0.901 0
0.153 0.928 0
0.177 0.982 0
0.185 0.961 0
0.106 0.893 0
0.095 0.95 0
0.188 0.954 0
0.146 0.905 0
0.141 0.892 0
0.117 0.908 0
0.154 0.933 0
0.115 0.905 0
0.142 0.965 0
0.129 0.914 0
0.166 0.979 0
0.143 0.938 0
0.129 0.915 0
0.133 0.942 0
0.106 0.89 0
0.115 0.933 0
0.136 0.953 0
0.19 0.912 0
0.109 0.896 0
0.141 0.984 0
0.121 0.905 0
0.107 0.952 0
0.103 0.923 0
0.158 0.977 0
0.14 0.98 0
0.112 0.945 0
0.16 0.987 0
0.108 0.921 0
0.138 0.951 0
0.125 0.924 0
0.195 0.933 0
0.19 0.942 0
0.109 0.9 0
0.195 0.914 0
0.146 0.951 0
0.181 0.891 0
0.11 0.921 0
0.115 0.973 0
0.107 0.976 0
0.116 0.948 0
0.145 0.985 0
0.146 0.944 0
0.135 0.923 0
0.113 0.942 0
0.144 0.944 0
0.11 0.982 0
0.101 0.903 0
0.195 0.916 0
0.145 0.964 0
0.099 0.891 0
0.114 0.962 0
0.135 0.921 0
0.179 0.911 0
0.14 0.895 0
0.183 0.948 0
0.154 0.985 0
0.171 0.936 0
0.095 0.896 0
0.143 0.952 0
0.161 0.955 0
0.118 0.92 0
0.125 0.925 0
0.103 0.933 0
0.161 0.896 0
0.155 0.942 0
0.153 0.985 0
0.112 0.976 0
0.11 0.964 0
0.161 0.941 0
0.113 0.951 0
0.188 0.902 0
0.172 0.94 0
0.191 0.928 0
0.152 0.927 0
0.145 0.966 0
0.105 0.902 0
0.11 0.982 0
0.095 0.912 0
0.154 0.894 0
0.152 0.976 0
0.126 0.896 0
0.112 0.961 0
0.108 0.944 0
0.166 0.961 0
0.145 0.932 0
0.093 0.868 0
0.091 0.894 0
0.068 0.884 0
0.05 0.916 0
0.134 0.943 0
0.076 0.933 0
0.103 0.854 0
0.043 0.862 0
0.127 0.945 0
0.076 0.871 0
0.113 0.923 0
0.099 0.9 0
0.122 0.863 0
0.097 0.924 0
0.127 0.937 0
0.068 0.932 0
0.12 0.894 0
0.078 0.881 0
0.099 0.919 0
0.132 0.946 0
0.132 0.896 0
0.116 0.865 0
0.117 0.937 0
0.042 0.897 0
0.139 0.859 0
0.045 0.929 0
0.139 0.865 0
0.104 0.876 0
0.04 0.945 0
0.116 0.883 0
0.113 0.906 0
0.105 0.887 0
0.108 0.924 0
0.104 0.914 0
0.119 0.936 0
0.118 0.927 0
0.042 0.854 0
0.096 0.896 0
0.054 0.916 0
0.052 0.849 0
0.091 0.866 0
0.106 0.86 0
0.134 0.919 0
0.063 0.946 0
0.125 0.923 0
0.073 0.861 0
0.092 0.88 0
0.1 0.905 0
0.129 0.902 0
0.075 0.897 0
0.081 0.943 0
0.12 0.896 0
0.083 0.891 0
0.04 0.877 0
0.106 0.933 0
0.125 0.935 0
0.14 0.891 0
0.096 0.93 0
0.071 0.926 0
0.135 0.904 0
0.042 0.877 0
0.051 0.856 0
0.06 0.874 0
0.119 0.904 0
0.046 0.86 0
0.107 0.914 0
0.069 0.87 0
0.078 0.88 0
0.117 0.848 0
0.095 0.869 0
0.048 0.869 0
0.061 0.887 0
0.111 0.862 0
0.07 0.914 0
0.078 0.857 0
0.104 0.866 0
0.127 0.854 0
0.137 0.948 0
0.055 0.928 0
0.105 0.937 0
0.055 0.914 0
0.117 0.918 0
0.095 0.872 0
0.115 0.915 0
0.136 0.866 0
0.102 0.942 0
0.13 0.92 0
0.04 0.897 0
0.131 0.914 0
0.133 0.855 0
0.059 0.947 0
0.078 0.873 0
0.131 0.927 0
0.117 0.929 0
0.134 0.912 0
0.102 0.858 0
0.068 0.878 0
0.129 0.935 0
0.136 0.853 0
0.087 0.925 0
0.021 0.745 0
0.041 0.746 0
0.066 0.745 0
0.048 0.804 0
0.007 0.757 0
0.076 0.816 0
0.038 0.78 0
0.069 0.834 0
0.043 0.795 0
0.055 0.82 0
0.057 0.755 0
0.031 0.777 0
0.07 0.773 0
0.006 0.799 0
0.075 0.826 0
0.029 0.792 0
0.075 0.829 0
0.028 0.825 0
0.071 0.764 0
0.017 0.746 0
0.027 0.785 0
0.034 0.84 0
0.039 0.81 0
0.048 0.768 0
0.015 0.831 0
0.074 0.838 0
0.011 0.835 0
0.074 0.785 0
0.008 0.825 0
0.071 0.774 0
0.073 0.749 0
0.076 0.779 0
0.033 0.771 0
0.0 0.752 0
0.053 0.785 0
0.029 0.777 0
0.019 0.745 0
0.056 0.806 0
0.033 0.84 0
0.009 0.828 0
0.046 0.819 0
0.021 0.759 0
0.021 0.789 0
0.041 0.748 0
0.055 0.8 0
0.022 0.827 0
0.053 0.754 0
0.0 0.829 0
0.069 0.799 0
0.007 0.781 0
0.046 0.793 0
0.006 0.793 0
0.053 0.803 0
0.018 0.829 0
0.024 0.793 0
0.017 0.762 0
0.068 0.828 0
0.032 0.821 0
0.051 0.839 0
0.071 0.821 0
0.047 0.773 0
0.07 0.839 0
0.038 0.748 0
0.004 0.803 0
0.0 0.765 0
0.003 0.781 0
0.032 0.772 0
0.036 0.825 0
0.016 0.814 0
0.034 0.84 0
0.062 0.819 0
0.042 0.796 0
0.027 0.819 0
0.063 0.81 0
0.035 0.836 0
0.061 0.82 0
0.053 0.783 0
0.062 0.807 0
0.008 0.833 0
0.067 0.77 0
0.072 0.808 0
0.019 0.787 0
0.068 0.801 0
0.041 0.801 0
0.046 0.754 0
0.008 0.743 0
0.029 0.794 0
0.044 0.784 0
0.016 0.821 0
0.049 0.833 0
0.076 0.8 0
0.053 0.782 0
0.067 0.807 0
0.048 0.827 0
0.052 0.812 0
0.065 0.769 0
0.031 0.759 0
0.041 0.771 0
0.073 0.765 0
0.014 0.809 0
0.062 0.74 0
0.03 0.655 0
0.062 0.737 0
0.033 0.668 0
0.035 0.669 0
0.003 0.708 0
0.029 0.682 0
0.046 0.737 0
0.038 0.734 0
0.016 0.678 0
0.039 0.681 0
0.04 0.703 0
0.026 0.694 0
0.006 0.652 0
0.015 0.72 0
0.03 0.721 0
0.05 0.663 0
0.02 0.747 0
0.044 0.674 0
0.055 0.671 0
0.016 0.72 0
0.027 0.748 0
0.03 0.717 0
0.049 0.71 0
0.014 0.698 0
0.057 0.682 0
0.059 0.66 0
0.059 0.655 0
0.052 0.684 0
0.0 0.682 0
0.032 0.659 0
0.017 0.657 0
0.009 0.748 0
0.055 0.715 0
0.053 0.744 0
0.045 0.662 0
0.019 0.71 0
0.013 0.666 0
0.06 0.736 0
0.047 0.654 0
0.04 0.696 0
0.046 0.67 0
0.029 0.724 0
0.0 0.681 0
0.054 0.703 0
0.035 0.711 0
0.0 0.727 0
0.064 0.683 0
0.006 0.666 0
0.004 0.723 0
0.05 0.749 0
0.038 0.709 0
0.044 0.681 0
0.011 0.732 0
0.009 0.673 0
0.011 0.721 0
0.016 0.724 0
0.033 0.682 0
0.004 0.66 0
0.047 0.68 0
0.025 0.674 0
0.031 0.742 0
0.056 0.742 0
0.003 0.728 0
0.045 0.704 0
0.01 0.66 0
0.036 0.696 0
0.0 0.683 0
0.003 0.747 0
0.064 0.707 0
0.057 0.74 0
0.006 0.669 0
0.044 0.695 0
0.013 0.651 0
0.039 0.684 0
0.027 0.699 0
0.003 0.657 0
0.005 0.712 0
0.039 0.746 0
0.063 0.698 0
0.054 0.739 0
0.059 0.656 0
0.041 0.705 0
0.012 0.717 0
0.053 0.713 0
0.026 0.669 0
0.057 0.743 0
0.002 0.651 0
0.007 0.726 0
0.048 0.684 0
0.01 0.728 0
0.063 0.737 0
0.061 0.659 0
0.048 0.681 0
0.034 0.7 0
0.063 0.742 0
0.051 0.701 0
0.012 0.676 0
0.041 0.672 0
0.051 0.67 0
0.056 0.635 0
0.022 0.644 0
0.065 0.621 0
0.038 0.686 0
0.051 0.618 0
0.044 0.612 0
0.072 0.684 0
0.037 0.62 0
0.044 0.628 0
0.058 0.644 0
0.018 0.635 0
0.054 0.675 0
0.063 0.641 0
0.073 0.652 0
0.053 0.651 0
0.004 0.697 0
0.027 0.686 0
0.066 0.684 0
0.048 0.697 0
0.052 0.698 0
0.002 0.624 0
0.042 0.688 0
0.055 0.629 0
0.037 0.623 0
0.038 0.685 0
0.043 0.638 0
0.024 0.666 0
0.003 0.63 0
0.053 0.703 0
0.01 0.649 0
0.021 0.616 0
0.008 0.67 0
0.008 0.65 0
0.05 0.649 0
0.071 0.64 0
0.055 0.621 0
0.061 0.651 0
0.033 0.698 0
0.027 0.663 0
0.022 0.644 0
0.072 0.646 0
0.071 0.622 0
0.051 0.618 0
0.056 0.668 0
0.028 0.648 0
0.063 0.629 0
0.056 0.664 0
0.058 0.651 0
0.04 0.662 0
0.004 0.675 0
0.017 0.61 0
0.061 0.64 0
0.008 0.695 0
0.028 0.615 0
0.036 0.657 0
0.0 0.638 0
0.044 0.672 0
0.052 0.692 0
0.064 0.646 0
0.001 0.66 0
0.045 0.66 0
0.057 0.624 0
0.026 0.62 0
0.037 0.693 0
0.016 0.684 0
0.024 0.673 0
0.002 0.627 0
0.027 0.627 0
0.016 0.708 0
0.05 0.658 0
0.016 0.699 0
0.05 0.632 0
0.059 0.699 0
0.057 0.655 0
0.055 0.681 0
0.019 0.672 0
0.025 0.655 0
0.033 0.628 0
0.014 0.614 0
0.056 0.669 0
0.008 0.675 0
0.035 0.655 0
0.07 0.687 0
0.011 0.613 0
0.0 0.681 0
0.032 0.671 0
0.057 0.615 0
0.013 0.618 0
0.022 0.668 0
0.072 0.691 0
0.042 0.658 0
0.072 0.613 0
0.017 0.614 0
0.018 0.697 0
0.003 0.678 0
0.028 0.699 0
0.066 0.646 0
0.027 0.692 0
0.029 0.663 0
0.064 0.655 0
0.069 0.817 0
0.08 0.819 0
0.03 0.81 0
0.077 0.733 0
0.058 0.825 0
0.04 0.818 0
0.093 0.825 0
0.055 0.81 0
0.071 0.782 0
0.037 0.752 0
0.014 0.729 0
0.01 0.814 0
0.096 0.752 0
0.051 0.791 0
0.095 0.798 0
0.013 0.77 0
0.095 0.74 0
0.035 0.754 0
0.088 0.753 0
0.005 0.75 0
0.059 0.751 0
0.1 0.787 0
0.058 0.763 0
0.075 0.779 0
0.013 0.818 0
0.09 0.809 0
0.071 0.789 0
0.035 0.824 0
0.013 0.793 0
0.066 0.822 0
0.015 0.795 0
0.064 0.731 0
0.079 0.731 0
0.087 0.773 0
0.011 0.782 0
0.082 0.759 0
0.012 0.766 0
0.065 0.75 0
0.025 0.789 0
0.049 0.771 0
0.016 0.793 0
0.051 0.751 0
0.031 0.729 0
0.013 0.739 0
0.038 0.795 0
0.032 0.742 0
0.024 0.791 0
0.102 0.751 0
0.077 0.785 0
0.031 0.739 0
0.046 0.783 0
0.065 0.767 0
0.066 0.782 0
0.005 0.812 0
0.1 0.809 0
0.009 0.827 0
0.013 0.735 0
0.062 0.822 0
0.071 0.732 0
0.088 0.796 0
0.034 0.731 0
0.021 0.802 0
0.04 0.822 0
0.034 0.756 0
0.031 0.814 0
0.018 0.734 0
0.005 0.821 0
0.072 0.807 0
0.048 0.76 0
0.01 0.782 0
0.097 0.825 0
0.087 0.735 0
0.085 0.734 0
0.022 0.802 0
0.012 0.796 0
0.082 0.802 0
0.009 0.787 0
0.009 0.791 0
0.014 0.823 0
0.07 0.821 0
0.02 0.741 0
0.017 0.771 0
0.095 0.751 0
0.069 0.753 0
0.021 0.731 0
0.048 0.783 0
0.04 0.763 0
0.061 0.782 0
0.015 0.82 0
0.03 0.732 0
0.04 0.739 0
0.054 0.821 0
0.029 0.803 0
0.029 0.733 0
0.038 0.776 0
0.08 0.817 0
0.032 0.794 0
0.084 0.744 0
0.022 0.789 0
0.016 0.741 0
0.125 0.828 0
0.09 0.83 0
0.126 0.876 0
0.068 0.829 0
0.075 0.827 0
0.117 0.837 0
0.073 0.811 0
0.117 0.865 0
0.099 0.834 0
0.07 0.84 0
0.13 0.862 0
0.043 0.819 0
0.068 0.807 0
0.139 0.816 0
0.072 0.885 0
0.13 0.86 0
0.113 0.877 0
0.052 0.827 0
0.102 0.811 0
0.095 0.8 0
0.073 0.878 0
0.11 0.871 0
0.043 0.885 0
0.125 0.86 0
0.134 0.881 0
0.073 0.84 0
0.09 0.89 0
0.101 0.856 0
0.044 0.885 0
0.058 0.811 0
0.081 0.81 0
0.107 0.887 0
0.08 0.821 0
0.096 0.878 0
0.09 0.844 0
0.112 0.883 0
0.04 0.801 0
0.12 0.842 0
0.136 0.846 0
0.058 0.795 0
0.086 0.816 0
0.134 0.813 0
0.139 0.837 0
0.063 0.823 0
0.05 0.813 0
0.057 0.825 0
0.088 0.856 0
0.134 0.813 0
0.078 0.857 0
0.082 0.863 0
0.047 0.846 0
0.059 0.845 0
0.086 0.891 0
0.05 0.798 0
0.12 0.885 0
0.129 0.801 0
0.089 0.799 0
0.08 0.861 0
0.061 0.865 0
0.069 0.811 0
0.131 0.881 0
0.076 0.8 0
0.073 0.803 0
0.115 0.807 0
0.091 0.804 0
0.12 0.802 0
0.097 0.835 0
0.042 0.836 0
0.062 0.796 0
0.09 0.869 0
0.044 0.856 0
0.078 0.892 0
0.14 0.879 0
0.117 0.799 0
0.077 0.875 0
0.086 0.875 0
0.06 0.807 0
0.109 0.816 0
0.042 0.875 0
0.096 0.804 0
0.065 0.813 0
0.066 0.828 0
0.076 0.828 0
0.077 0.795 0
0.088 0.886 0
0.057 0.796 0
0.091 0.866 0
0.083 0.84 0
0.082 0.867 0
0.044 0.877 0
0.099 0.834 0
0.076 0.792 0
0.091 0.891 0
0.061 0.837 0
0.115 0.888 0
0.116 0.828 0
0.136 0.814 0
0.096 0.809 0
0.119 0.846 0
0.084 0.861 0
0.12 0.831 0
0.142 0.927 0
0.097 0.85 0
0.175 0.832 0
0.13 0.9 0
0.107 0.93 0
0.159 0.837 0
0.098 0.885 0
0.181 0.884 0
0.166 0.923 0
0.111 0.84 0
0.144 0.831 0
0.173 0.895 0
0.159 0.834 0
0.175 0.847 0
0.158 0.852 0
0.175 0.889 0
0.113 0.875 0
0.189 0.841 0
0.183 0.84 0
0.113 0.847 0
0.13 0.885 0
0.142 0.835 0
0.147 0.896 0
0.102 0.831 0
0.108 0.903 0
0.126 0.902 0
0.092 0.88 0
0.162 0.875 0
0.156 0.854 0
0.151 0.89 0
0.116 0.907 0
0.172 0.843 0
0.166 0.847 0
0.132 0.869 0
0.113 0.832 0
0.157 0.841 0
0.174 0.859 0
0.189 0.867 0
0.13 0.914 0
0.102 0.857 0
0.164 0.887 0
0.126 0.889 0
0.192 0.838 0
0.093 0.836 0
0.162 0.84 0
0.178 0.86 0
0.103 0.905 0
0.142 0.865 0
0.172 0.867 0
0.145 0.908 0
0.148 0.893 0
0.132 0.908 0
0.101 0.854 0
0.178 0.872 0
0.179 0.929 0
0.19 0.931 0
0.11 0.903 0
0.118 0.862 0
0.094 0.863 0
0.113 0.861 0
0.13 0.838 0
0.166 0.841 0
0.19 0.917 0
0.171 0.881 0
0.183 0.847 0
0.186 0.903 0
0.152 0.865 0
0.145 0.929 0
0.189 0.869 0
0.109 0.929 0
0.149 0.852 0
0.182 0.873 0
0.192 0.913 0
0.102 0.856 0
0.153 0.923 0
0.11 0.86 0
0.178 0.876 0
0.167 0.869 0
0.121 0.923 0
0.137 0.896 0
0.101 0.916 0
0.132 0.887 0
0.135 0.886 0
0.098 0.925 0
0.142 0.92 0
0.186 0.885 0
0.189 0.92 0
0.13 0.891 0
0.15 0.836 0
0.092 0.902 0
0.115 0.867 0
0.142 0.863 0
0.163 0.888 0
0.159 0.925 0
0.118 0.854 0
0.188 0.832 0
0.106 0.845 0
0.169 0.899 0
0.178 0.874 0
0.282 0.987 0
0.309 0.921 0
0.333 0.985 0
0.288 0.981 0
0.366 0.996 0
0.304 0.919 0
0.289 0.956 0
0.296 0.999 0
0.35 0.952 0
0.373 0.983 0
0.33 0.997 0
0.346 0.967 0
0.292 0.93 0
0.369 0.988 0
0.288 0.958 0
0.366 0.994 0
0.335 0.974 0
0.34 0.932 0
0.34 0.97 0
0.277 0.948 0
0.277 0.95 0
0.322 0.998 0
0.367 0.981 0
0.352 0.958 0
0.276 0.963 0
0.335 0.954 0
0.283 0.995 0
0.35 0.997 0
0.289 0.955 0
0.342 0.953 0
0.371 0.998 0
0.373 0.981 0
0.321 0.966 0
0.28 0.989 0
0.298 0.965 0
0.31 0.957 0
0.314 0.994 0
0.316 0.955 0
0.3 0.98 0
0.319 0.938 0
0.328 0.921 0
0.345 0.972 0
0.36 0.987 0
0.368 0.98 0
0.284 0.927 0
0.294 0.972 0
0.368 0.944 0
0.292 0.935 0
0.283 0.997 0
0.352 0.928 0
0.332 0.999 0
0.313 0.994 0
0.309 0.994 0
0.34 0.948 0
0.276 0.95 0
0.365 0.98 0
0.337 0.987 0
0.342 0.958 0
0.328 0.95 0
0.321 0.982 0
0.304 0.987 0
0.361 0.93 0
0.358 0.954 0
0.302 0.916 0
0.341 0.955 0
0.277 0.966 0
0.308 0.982 0
0.361 0.97 0
0.302 0.939 0
0.372 0.969 0
0.311 0.97 0
0.373 0.991 0
0.293 0.964 0
0.315 0.958 0
0.278 0.923 0
0.336 0.983 0
0.285 0.961 0
0.287 0.965 0
0.344 0.963 0
0.305 0.98 0
0.366 0.986 0
0.29 0.98 0
0.288 0.999 0
0.291 0.947 0
0.282 0.962 0
0.351 0.948 0
0.28 0.986 0
0.323 0.996 0
0.291 0.947 0
0.329 0.979 0
0.351 0.927 0
0.358 0.977 0
0.329 0.992 0
0.326 0.958 0
0.306 0.969 0
0.276 0.972 0
0.358 0.971 0
0.328 0.925 0
0.291 0.983 0
0.303 0.963 0
0.365 0.989 0
0.332 0.966 0
0.382 0.975 0
0.312 0.963 0
0.331 0.999 0
0.371 0.966 0
0.369 0.975 0
0.406 0.969 0
0.399 0.954 0
0.372 0.96 0
0.37 0.975 0
0.387 0.978 0
0.314 0.947 0
0.364 0.986 0
0.385 0.97 0
0.411 0.975 0
0.349 0.994 0
0.33 0.952 0
0.336 0.995 0
0.398 0.961 0
0.334 0.954 0
0.379 0.983 0
0.359 0.948 0
0.321 0.944 0
0.342 0.993 0
0.362 0.982 0
0.343 0.958 0
0.406 0.982 0
0.375 0.936 0
0.392 0.972 0
0.401 0.952 0
0.341 0.962 0
0.344 0.986 0
0.349 0.987 0
0.407 0.95 0
0.373 0.947 0
0.329 0.97 0
0.366 0.941 0
0.319 0.97 0
0.354 0.971 0
0.336 0.963 0
0.357 0.967 0
0.352 0.959 0
0.375 0.952 0
0.405 0.941 0
0.397 0.942 0
0.366 0.994 0
0.33 0.937 0
0.359 0.944 0
0.355 0.965 0
0.362 0.941 0
0.401 0.943 0
0.4 0.992 0
0.393 1.0 0
0.405 0.951 0
0.381 0.984 0
0.408 0.969 0
0.355 0.946 0
0.346 0.969 0
0.312 0.975 0
0.412 0.94 0
0.386 0.956 0
0.342 0.978 0
0.412 0.987 0
0.317 0.969 0
0.397 0.947 0
0.322 0.945 0
0.383 0.993 0
0.358 0.997 0
0.318 0.981 0
0.398 0.978 0
0.386 0.982 0
0.389 0.965 0
0.383 0.95 0
0.365 0.94 0
0.332 0.979 0
0.327 0.954 0
0.348 0.942 0
0.369 0.943 0
0.35 0.935 0
0.383 0.959 0
0.401 0.967 0
0.379 0.973 0
0.338 0.962 0
0.331 0.984 0
0.352 0.979 0
0.34 0.948 0
0.357 0.991 0
0.342 0.969 0
0.335 0.967 0
0.325 0.94 0
0.375 0.953 0
0.316 0.956 0
0.327 0.978 0
0.343 0.94 0
0.37 0.988 0
0.378 0.949 0
0.362 0.953 0
0.356 0.994 0
0.363 0.975 0
0.006 0.973 0
0.004 0.974 0
0.033 0.951 0
0.014 0.965 0
0.037 0.968 0
0.004 0.999 0
0.073 0.981 0
0.092 0.966 0
0.027 0.992 0
0.072 0.965 0
0.049 0.978 0
0.011 0.977 0
0.038 0.982 0
0.05 0.973 0
0.004 0.997 0
0.04 0.98 0
0.094 0.951 0
0.03 0.938 0
0.018 0.957 0
0.087 0.96 0
0.063 0.989 0
0.0 0.951 0
0.023 0.954 0
0.016 0.985 0
0.055 0.978 0
0.093 0.989 0
0.08 0.985 0
0.071 0.961 0
0.083 0.982 0
0.006 0.97 0
0.027 0.989 0
0.009 0.982 0
0.017 0.979 0
0.021 0.995 0
0.086 0.954 0
0.055 0.993 0
0.002 0.952 0
0.001 0.983 0
0.075 0.949 0
0.002 0.96 0
0.018 0.955 0
0.066 0.97 0
0.059 0.962 0
0.054 0.975 0
0.058 0.962 0
0.019 0.934 0
0.01 0.971 0
0.062 1.0 0
0.016 0.994 0
0.092 0.984 0
0.074 0.958 0
0.059 0.966 0
0.005 0.999 0
0.065 0.957 0
0.0 0.987 0
0.091 0.965 0
0.048 0.963 0
0.007 0.993 0
0.024 0.94 0
0.064 0.953 0
0.05 0.977 0
0.018 0.96 0
0.075 0.966 0
0.07 0.974 0
0.085 0.959 0
0.036 0.971 0
0.024 0.944 0
0.024 0.934 0
0.017 1.0 0
0.065 0.957 0
0.017 0.959 0
0.081 0.951 0
0.088 0.948 0
0.017 0.993 0
0.074 0.984 0
0.079 0.961 0
0.04 0.977 0
0.037 0.945 0
0.018 0.997 0
0.039 0.959 0
0.06 0.939 0
0.077 0.973 0
0.012 0.989 0
0.069 0.972 0
0.082 0.99 0
0.015 0.963 0
0.043 0.941 0
0.077 0.96 0
0.072 0.95 0
0.042 0.95 0
0.017 0.968 0
0.069 0.99 0
0.043 0.936 0
0.021 0.951 0
0.059 0.943 0
0.082 0.977 0
0.035 0.962 0
0.067 0.982 0
0.031 0.999 0
0.019 0.957 0
0.044 0.954 0
0.015 0.938 0
0.058 0.983 0
0.045 0.965 0
0.015 0.981 0
0.032 0.931 0
0.077 0.988 0
0.055 0.915 0
0.028 0.936 0
0.025 0.944 0
0.031 0.956 0
0.052 0.979 0
0.016 0.971 0
0.077 0.901 0
0.016 0.955 0
0.001 0.939 0
0.046 0.967 0
0.053 0.934 0
0.017 0.988 0
0.026 0.894 0
0.078 0.93 0
0.024 0.975 0
0.046 0.897 0
0.04 0.936 0
0.02 0.925 0
0.05 0.925 0
0.058 0.96 0
0.011 0.918 0
0.004 0.91 0
0.039 0.928 0
0.039 0.958 0
0.049 0.901 0
0.045 0.929 0
0.063 0.908 0
0.073 0.965 0
0.062 0.973 0
0.031 0.897 0
0.072 0.9 0
0.011 0.965 0
0.065 0.93 0
0.041 0.898 0
0.012 0.911 0
0.006 0.929 0
0.045 0.899 0
0.033 0.959 0
0.025 0.947 0
0.065 0.939 0
0.066 0.933 0
0.019 0.936 0
0.028 0.898 0
0.019 0.962 0
0.034 0.972 0
0.059 0.948 0
0.009 0.907 0
0.073 0.927 0
0.02 0.9 0
0.048 0.938 0
0.035 0.923 0
0.077 0.949 0
0.011 0.93 0
0.071 0.92 0
0.04 0.905 0
0.066 0.986 0
0.056 0.95 0
0.027 0.915 0
0.062 0.977 0
0.02 0.963 0
0.045 0.934 0
0.047 0.953 0
0.062 0.898 0
0.042 0.901 0
0.064 0.959 0
0.003 0.9 0
0.058 0.933 0
0.018 0.962 0
0.003 0.974 0
0.005 0.926 0
0.029 0.895 0
0.068 0.977 0
0.047 0.944 0
0.013 0.923 0
0.026 0.913 0
0.005 0.987 0
0.072 0.94 0
0.004 0.964 0
0.068 0.9 0
0.015 0.906 0
0.03 0.952 0
0.013 0.957 0
0.069 0.96 0
0.015 0.938 0
0.018 0.901 0
0.051 0.924 0
0.055 0.955 0
0.077 0.904 0
0.017 0.973 0
0.004 0.919 0
0.068 0.978 0
0.035 0.916 0
0.019 0.945 0
0.075 0.908 0
0.068 0.871 0
0.054 0.829 0
0.023 0.909 0
0.043 0.925 0
0.075 0.868 0
0.047 0.83 0
0.025 0.853 0
0.048 0.901 0
0.012 0.857 0
0.009 0.842 0
0.029 0.825 0
0.003 0.894 0
0.015 0.895 0
0.035 0.895 0
0.073 0.832 0
0.052 0.909 0
0.022 0.923 0
0.012 0.869 0
0.024 0.83 0
0.037 0.885 0
0.043 0.828 0
0.014 0.865 0
0.034 0.866 0
0.039 0.837 0
0.034 0.862 0
0.072 0.855 0
0.05 0.832 0
0.037 0.83 0
0.063 0.917 0
0.07 0.903 0
0.061 0.919 0
0.014 0.91 0
0.061 0.865 0
0.015 0.881 0
0.057 0.853 0
0.074 0.881 0
0.001 0.844 0
0.011 0.841 0
0.039 0.915 0
0.061 0.854 0
0.006 0.869 0
0.013 0.919 0
0.012 0.833 0
0.065 0.827 0
0.014 0.891 0
0.0 0.87 0
0.004 0.893 0
0.014 0.844 0
0.007 0.883 0
0.031 0.852 0
0.038 0.88 0
0.008 0.905 0
0.052 0.894 0
0.003 0.831 0
0.055 0.853 0
0.054 0.885 0
0.059 0.915 0
0.036 0.922 0
0.012 0.826 0
0.052 0.84 0
0.036 0.859 0
0.033 0.896 0
0.059 0.9 0
0.044 0.844 0
0.076 0.857 0
0.019 0.844 0
0.02 0.859 0
0.015 0.922 0
0.01 0.875 0
0.035 0.907 0
0.053 0.916 0
0.036 0.917 0
0.014 0.868 0
0.04 0.889 0
0.045 0.839 0
0.022 0.886 0
0.009 0.843 0
0.025 0.896 0
0.076 0.905 0
0.011 0.841 0
0.046 0.837 0
0.011 0.883 0
0.041 0.925 0
0.026 0.916 0
0.063 0.856 0
0.022 0.837 0
0.015 0.828 0
0.071 0.915 0
0.013 0.863 0
0.069 0.857 0
0.051 0.886 0
0.038 0.899 0
0.0 0.875 0
0.009 0.835 0
0.056 0.901 0
0.018 0.899 0
0.043 0.87 0
0.016 0.86 0
0.029 0.925 0
0.949 0.55 1
0.935 0.544 1
0.928 0.51 1
0.931 0.492 1
0.99 0.522 1
0.972 0.519 1
0.941 0.533 1
0.971 0.491 1
0.996 0.565 1
0.992 0.576 1
0.953 0.536 1
0.922 0.582 1
0.94 0.518 1
0.952 0.526 1
0.976 0.527 1
0.964 0.508 1
0.953 0.525 1
0.916 0.565 1
0.974 0.533 1
0.966 0.516 1
0.956 0.523 1
0.975 0.529 1
0.955 0.581 1
0.998 0.519 1
0.944 0.565 1
0.994 0.531 1
0.955 0.486 1
0.934 0.534 1
0.961 0.511 1
0.949 0.554 1
0.999 0.582 1
0.994 0.566 1
0.931 0.578 1
0.95 0.567 1
0.961 0.561 1
0.987 0.491 1
0.925 0.537 1
0.922 0.512 1
0.922 0.516 1
0.968 0.524 1
0.927 0.581 1
0.918 0.542 1
0.97 0.582 1
0.943 0.492 1
0.926 0.563 1
0.932 0.491 1
0.98 0.541 1
0.998 0.566 1
0.943 0.56 1
0.944 0.575 1
0.99 0.551 1
0.947 0.568 1
0.973 0.489 1
0.969 0.5 1
0.963 0.573 1
0.996 0.515 1
0.991 0.519 1
0.976 0.528 1
0.979 0.572 1
0.96 0.508 1
0.966 0.495 1
0.995 0.514 1
0.989 0.567 1
0.946 0.516 1
0.974 0.502 1
0.998 0.497 1
0.928 0.568 1
0.954 0.517 1
0.937 0.519 1
0.923 0.498 1
0.919 0.562 1
0.999 0.54 1
0.995 0.574 1
0.994 0.522 1
0.952 0.571 1
0.995 0.586 1
0.994 0.54 1
0.946 0.514 1
0.966 0.571 1
0.925 0.515 1
0.956 0.528 1
0.959 0.526 1
0.934 0.495 1
0.917 0.5 1
0.913 0.539 1
0.982 0.564 1
0.954 0.556 1
0.975 0.558 1
0.976 0.506 1
0.924 0.503 1
0.995 0.515 1
0.968 0.507 1
0.97 0.49 1
0.965 0.547 1
0.998 0.496 1
0.941 0.528 1
0.916 0.546 1
0.992 0.543 1
0.937 0.507 1
0.917 0.547 1
0.914 0.498 1
0.95 0.456 1
0.961 0.533 1
0.95 0.556 1
0.98 0.521 1
0.972 0.47 1
0.925 0.513 1
0.95 0.51 1
0.901 0.543 1
0.982 0.489 1
0.931 0.504 1
0.932 0.507 1
0.982 0.46 1
0.935 0.488 1
0.914 0.525 1
0.941 0.476 1
0.946 0.48 1
0.938 0.499 1
0.986 0.472 1
0.912 0.474 1
0.923 0.536 1
0.988 0.49 1
0.901 0.456 1
0.918 0.49 1
0.982 0.495 1
0.947 0.491 1
0.96 0.459 1
0.992 0.553 1
0.966 0.513 1
0.968 0.46 1
0.908 0.536 1
0.979 0.522 1
0.966 0.496 1
0.926 0.533 1
0.937 0.528 1
0.956 0.466 1
0.924 0.529 1
0.933 0.509 1
0.911 0.492 1
0.966 0.551 1
0.977 0.493 1
0.911 0.518 1
0.961 0.488 1
0.937 0.495 1
0.995 0.494 1
0.919 0.503 1
0.982 0.505 1
0.919 0.513 1
0.979 0.508 1
0.931 0.525 1
0.96 0.506 1
0.959 0.51 1
0.955 0.514 1
0.914 0.477 1
0.913 0.542 1
0.937 0.518 1
0.943 0.537 1
0.988 0.456 1
0.989 0.534 1
0.973 0.479 1
0.97 0.54 1
0.902 0.502 1
0.906 0.514 1
0.9 0.515 1
0.959 0.462 1
0.945 0.528 1
0.97 0.469 1
0.925 0.469 1
0.916 0.477 1
0.944 0.524 1
0.901 0.552 1
0.925 0.47 1
0.985 0.524 1
0.929 0.493 1
0.939 0.49 1
0.999 0.543 1
0.947 0.555 1
0.979 0.55 1
0.918 0.52 1
0.931 0.494 1
0.983 0.5 1
0.928 0.555 1
0.911 0.492 1
0.921 0.5 1
0.954 0.528 1
0.999 0.542 1
0.971 0.499 1
0.981 0.538 1
0.933 0.521 1
0.938 0.461 1
0.911 0.465 1
0.944 0.469 1
0.901 0.476 1
0.918 0.481 1
0.968 0.55 1
0.947 0.541 1
0.91 0.53 1
0.911 0.458 1
0.973 0.541 1
0.999 0.519 1
0.843 0.5 1
0.882 0.435 1
0.875 0.43 1
0.887 0.416 1
0.859 0.466 1
0.892 0.428 1
0.862 0.475 1
0.921 0.471 1
0.871 0.475 1
0.899 0.466 1
0.926 0.435 1
0.92 0.493 1
0.906 0.493 1
0.885 0.482 1
0.912 0.481 1
0.837 0.431 1
0.935 0.413 1
0.862 0.459 1
0.928 0.45 1
0.885 0.429 1
0.894 0.487 1
0.845 0.49 1
0.869 0.413 1
0.875 0.495 1
0.901 0.488 1
0.891 0.44 1
0.912 0.504 1
0.891 0.465 1
0.906 0.409 1
0.846 0.458 1
0.895 0.503 1
0.866 0.445 1
0.919 0.467 1
0.853 0.418 1
0.862 0.49 1
0.885 0.479 1
0.899 0.424 1
0.876 0.455 1
0.886 0.415 1
0.931 0.504 1
0.908 0.464 1
0.842 0.506 1
0.898 0.487 1
0.869 0.472 1
0.91 0.438 1
0.92 0.469 1
0.921 0.474 1
0.88 0.467 1
0.874 0.408 1
0.903 0.495 1
0.899 0.471 1
0.924 0.413 1
0.873 0.439 1
0.839 0.506 1
0.892 0.493 1
0.914 0.497 1
0.855 0.412 1
0.93 0.489 1
0.927 0.483 1
0.872 0.479 1
0.89 0.417 1
0.844 0.419 1
0.904 0.492 1
0.847 0.412 1
0.905 0.427 1
0.865 0.437 1
0.836 0.428 1
0.922 0.445 1
0.864 0.495 1
0.871 0.418 1
0.868 0.428 1
0.918 0.485 1
0.899 0.458 1
0.882 0.473 1
0.912 0.488 1
0.915 0.42 1
0.92 0.495 1
0.875 0.425 1
0.928 0.504 1
0.913 0.496 1
0.893 0.407 1
0.851 0.486 1
0.836 0.442 1
0.88 0.469 1
0.889 0.448 1
0.853 0.49 1
0.919 0.435 1
0.888 0.43 1
0.889 0.432 1
0.907 0.487 1
0.877 0.487 1
0.893 0.461 1
0.859 0.492 1
0.876 0.48 1
0.892 0.456 1
0.876 0.412 1
0.872 0.497 1
0.848 0.459 1
0.861 0.488 1
0.874 0.489 1
0.816 0.43 1
0.87 0.394 1
0.849 0.457 1
0.806 0.474 1
0.811 0.432 1
0.824 0.478 1
0.863 0.421 1
0.866 0.401 1
0.807 0.423 1
0.845 0.402 1
0.801 0.424 1
0.799 0.409 1
0.825 0.405 1
0.833 0.379 1
0.88 0.445 1
0.806 0.395 1
0.837 0.425 1
0.83 0.475 1
0.89 0.462 1
0.817 0.467 1
0.794 0.452 1
0.854 0.421 1
0.841 0.471 1
0.822 0.403 1
0.819 0.445 1
0.865 0.385 1
0.793 0.408 1
0.808 0.397 1
0.873 0.44 1
0.822 0.418 1
0.88 0.457 1
0.852 0.426 1
0.887 0.426 1
0.839 0.452 1
0.888 0.463 1
0.855 0.414 1
0.893 0.387 1
0.823 0.435 1
0.833 0.417 1
0.873 0.413 1
0.859 0.439 1
0.8 0.457 1
0.872 0.46 1
0.85 0.392 1
0.833 0.43 1
0.801 0.399 1
0.893 0.469 1
0.829 0.453 1
0.805 0.443 1
0.834 0.441 1
0.856 0.473 1
0.869 0.467 1
0.861 0.437 1
0.86 0.457 1
0.87 0.474 1
0.889 0.447 1
0.887 0.448 1
0.892 0.46 1
0.863 0.472 1
0.879 0.448 1
0.821 0.44 1
0.878 0.475 1
0.892 0.383 1
0.887 0.404 1
0.85 0.392 1
0.871 0.433 1
0.83 0.391 1
0.859 0.47 1
0.812 0.43 1
0.808 0.465 1
0.855 0.477 1
0.793 0.417 1
0.853 0.436 1
0.81 0.426 1
0.875 0.428 1
0.825 0.383 1
0.802 0.397 1
0.893 0.393 1
0.861 0.475 1
0.872 0.401 1
0.803 0.421 1
0.878 0.415 1
0.864 0.395 1
0.879 0.411 1
0.812 0.429 1
0.856 0.457 1
0.858 0.469 1
0.814 0.396 1
0.864 0.386 1
0.849 0.422 1
0.825 0.414 1
0.794 0.412 1
0.819 0.444 1
0.818 0.437 1
0.843 0.38 1
0.845 0.478 1
0.863 0.469 1
0.892 0.38 1
0.853 0.434 1
0.847 0.401 1
0.844 0.364 1
0.804 0.423 1
0.763 0.38 1
0.826 0.43 1
0.794 0.415 1
0.816 0.386 1
0.816 0.451 1
0.853 0.428 1
0.808 0.358 1
0.786 0.386 1
0.796 0.408 1
0.768 0.426 1
0.83 0.367 1
0.76 0.357 1
0.847 0.377 1
0.771 0.435 1
0.803 0.419 1
0.836 0.365 1
0.794 0.369 1
0.766 0.359 1
0.802 0.356 1
0.821 0.397 1
0.756 0.453 1
0.769 0.393 1
0.843 0.413 1
0.826 0.447 1
0.85 0.41 1
0.777 0.381 1
0.772 0.408 1
0.753 0.372 1
0.837 0.437 1
0.8 0.359 1
0.82 0.436 1
0.787 0.36 1
0.815 0.425 1
0.838 0.37 1
0.769 0.428 1
0.829 0.426 1
0.832 0.428 1
0.792 0.413 1
0.776 0.431 1
0.801 0.419 1
0.828 0.404 1
0.781 0.451 1
0.767 0.442 1
0.838 0.444 1
0.847 0.426 1
0.775 0.43 1
0.816 0.383 1
0.834 0.422 1
0.81 0.448 1
0.819 0.418 1
0.788 0.426 1
0.784 0.359 1
0.812 0.395 1
0.777 0.372 1
0.76 0.426 1
0.823 0.397 1
0.811 0.373 1
0.776 0.424 1
0.842 0.398 1
0.834 0.417 1
0.818 0.444 1
0.769 0.439 1
0.851 0.359 1
0.794 0.384 1
0.85 0.381 1
0.759 0.387 1
0.848 0.37 1
0.819 0.382 1
0.822 0.402 1
0.763 0.38 1
0.809 0.43 1
0.814 0.399 1
0.819 0.406 1
0.756 0.39 1
0.815 0.428 1
0.822 0.373 1
0.846 0.417 1
0.787 0.417 1
0.77 0.375 1
0.834 0.434 1
0.769 0.354 1
0.774 0.394 1
0.759 0.431 1
0.828 0.374 1
0.851 0.398 1
0.849 0.358 1
0.81 0.393 1
0.817 0.38 1
0.808 0.415 1
0.78 0.356 1
0.819 0.354 1
0.772 0.357 1
0.803 0.437 1
0.823 0.451 1
0.767 0.356 1
0.763 0.366 1
0.849 0.453 1
0.786 0.38 1
0.769 0.381 1
0.733 0.375 1
0.706 0.413 1
0.691 0.379 1
0.705 0.417 1
0.766 0.34 1
0.747 0.424 1
0.698 0.356 1
0.779 0.37 1
0.713 0.37 1
0.775 0.357 1
0.722 0.386 1
0.712 0.38 1
0.732 0.365 1
0.724 0.331 1
0.772 0.362 1
0.759 0.367 1
0.691 0.403 1
0.702 0.421 1
0.766 0.354 1
0.765 0.425 1
0.725 0.361 1
0.757 0.341 1
0.723 0.345 1
0.778 0.393 1
0.702 0.388 1
0.696 0.339 1
0.717 0.34 1
0.757 0.369 1
0.709 0.365 1
0.762 0.396 1
0.711 0.412 1
0.72 0.359 1
0.771 0.356 1
0.689 0.35 1
0.783 0.36 1
0.721 0.396 1
0.745 0.359 1
0.722 0.388 1
0.724 0.332 1
0.729 0.371 1
0.78 0.352 1
0.756 0.409 1
0.695 0.346 1
0.769 0.356 1
0.765 0.325 1
0.738 0.385 1
0.725 0.334 1
0.74 0.362 1
0.703 0.335 1
0.742 0.362 1
0.749 0.425 1
0.742 0.42 1
0.706 0.398 1
0.691 0.386 1
0.726 0.354 1
0.725 0.394 1
0.711 0.346 1
0.718 0.413 1
0.739 0.334 1
0.747 0.359 1
0.759 0.421 1
0.694 0.352 1
0.784 0.388 1
0.687 0.422 1
0.769 0.359 1
0.747 0.373 1
0.745 0.38 1
0.781 0.399 1
0.707 0.345 1
0.736 0.385 1
0.705 0.353 1
0.739 0.373 1
0.781 0.369 1
0.767 0.36 1
0.756 0.36 1
0.761 0.368 1
0.706 0.404 1
0.685 0.374 1
0.721 0.33 1
0.705 0.409 1
0.778 0.399 1
0.74 0.419 1
0.708 0.377 1
0.691 0.402 1
0.708 0.398 1
0.688 0.357 1
0.763 0.4 1
0.722 0.392 1
0.724 0.4 1
0.737 0.341 1
0.765 0.425 1
0.715 0.352 1
0.705 0.412 1
0.708 0.408 1
0.768 0.377 1
0.695 0.4 1
0.745 0.368 1
0.719 0.342 1
0.767 0.325 1
0.711 0.29 1
0.631 0.365 1
0.655 0.336 1
0.668 0.356 1
0.643 0.371 1
0.671 0.335 1
0.616 0.319 1
0.665 0.34 1
0.676 0.366 1
0.617 0.378 1
0.711 0.385 1
0.645 0.318 1
0.71 0.374 1
0.686 0.317 1
0.63 0.354 1
0.655 0.341 1
0.64 0.319 1
0.639 0.326 1
0.671 0.334 1
0.663 0.288 1
0.702 0.302 1
0.707 0.379 1
0.709 0.321 1
0.654 0.312 1
0.655 0.345 1
0.669 0.382 1
0.614 0.307 1
0.654 0.377 1
0.67 0.356 1
0.619 0.357 1
0.693 0.335 1
0.668 0.367 1
0.689 0.369 1
0.637 0.364 1
0.687 0.302 1
0.629 0.342 1
0.631 0.314 1
0.614 0.301 1
0.631 0.292 1
0.695 0.329 1
0.684 0.324 1
0.642 0.367 1
0.659 0.322 1
0.701 0.292 1
0.705 0.378 1
0.623 0.351 1
0.709 0.318 1
0.71 0.332 1
0.629 0.309 1
0.66 0.339 1
0.651 0.385 1
0.668 0.329 1
0.696 0.358 1
0.663 0.318 1
0.685 0.339 1
0.656 0.298 1
0.674 0.348 1
0.636 0.314 1
0.614 0.329 1
0.623 0.317 1
0.622 0.298 1
0.674 0.365 1
0.623 0.352 1
0.66 0.379 1
0.65 0.331 1
0.657 0.318 1
0.664 0.317 1
0.691 0.365 1
0.687 0.366 1
0.663 0.376 1
0.665 0.383 1
0.646 0.317 1
0.704 0.371 1
0.656 0.365 1
0.619 0.356 1
0.708 0.295 1
0.695 0.302 1
0.632 0.315 1
0.672 0.321 1
0.672 0.31 1
0.703 0.325 1
0.683 0.311 1
0.647 0.29 1
0.703 0.383 1
0.699 0.311 1
0.668 0.333 1
0.7 0.382 1
0.667 0.35 1
0.679 0.331 1
0.698 0.307 1
0.667 0.316 1
0.681 0.328 1
0.686 0.363 1
0.707 0.343 1
0.662 0.312 1
0.625 0.318 1
0.698 0.349 1
0.669 0.325 1
0.697 0.338 1
0.654 0.316 1
0.576 0.25 1
0.591 0.252 1
0.644 0.272 1
0.597 0.271 1
0.562 0.322 1
0.65 0.305 1
0.618 0.32 1
0.601 0.317 1
0.609 0.318 1
0.636 0.299 1
0.632 0.307 1
0.581 0.317 1
0.576 0.309 1
0.649 0.32 1
0.582 0.244 1
0.615 0.252 1
0.622 0.257 1
0.618 0.32 1
0.643 0.26 1
0.613 0.338 1
0.558 0.328 1
0.566 0.333 1
0.571 0.326 1
0.559 0.275 1
0.623 0.31 1
0.553 0.245 1
0.558 0.244 1
0.646 0.295 1
0.588 0.284 1
0.623 0.314 1
0.645 0.292 1
0.554 0.277 1
0.636 0.295 1
0.584 0.308 1
0.587 0.295 1
0.553 0.313 1
0.557 0.273 1
0.617 0.34 1
0.636 0.335 1
0.567 0.28 1
0.564 0.246 1
0.627 0.29 1
0.606 0.327 1
0.58 0.333 1
0.636 0.262 1
0.608 0.27 1
0.63 0.303 1
0.585 0.256 1
0.567 0.334 1
0.631 0.338 1
0.65 0.337 1
0.619 0.323 1
0.597 0.291 1
0.566 0.326 1
0.574 0.287 1
0.57 0.292 1
0.633 0.327 1
0.63 0.307 1
0.583 0.299 1
0.587 0.26 1
0.639 0.271 1
0.554 0.289 1
0.587 0.252 1
0.651 0.258 1
0.642 0.261 1
0.588 0.272 1
0.637 0.29 1
0.596 0.328 1
0.64 0.327 1
0.557 0.295 1
0.622 0.247 1
0.637 0.335 1
0.588 0.329 1
0.593 0.332 1
0.591 0.256 1
0.646 0.315 1
0.605 0.308 1
0.598 0.265 1
0.608 0.311 1
0.574 0.279 1
0.638 0.3 1
0.647 0.258 1
0.648 0.287 1
0.559 0.332 1
0.625 0.251 1
0.607 0.331 1
0.62 0.251 1
0.561 0.301 1
0.602 0.315 1
0.592 0.328 1
0.631 0.314 1
0.588 0.298 1
0.616 0.271 1
0.553 0.308 1
0.624 0.319 1
0.567 0.324 1
0.566 0.312 1
0.594 0.285 1
0.6 0.322 1
0.652 0.297 1
0.515 0.269 1
0.51 0.211 1
0.481 0.221 1
0.501 0.203 1
0.441 0.269 1
0.517 0.186 1
0.471 0.223 1
0.48 0.245 1
0.514 0.199 1
0.459 0.184 1
0.459 0.224 1
0.493 0.201 1
0.534 0.213 1
0.536 0.213 1
0.462 0.192 1
0.493 0.245 1
0.461 0.194 1
0.498 0.255 1
0.511 0.205 1
0.467 0.236 1
0.49 0.205 1
0.46 0.218 1
0.478 0.247 1
0.529 0.204 1
0.5 0.176 1
0.526 0.239 1
0.527 0.252 1
0.498 0.199 1
0.447 0.256 1
0.496 0.238 1
0.483 0.187 1
0.441 0.198 1
0.443 0.258 1
0.485 0.175 1
0.444 0.17 1
0.531 0.253 1
0.455 0.209 1
0.508 0.232 1
0.497 0.241 1
0.501 0.194 1
0.441 0.261 1
0.461 0.257 1
0.52 0.208 1
0.507 0.203 1
0.498 0.209 1
0.473 0.24 1
0.488 0.262 1
0.46 0.202 1
0.448 0.217 1
0.498 0.17 1
0.485 0.225 1
0.44 0.231 1
0.499 0.269 1
0.528 0.22 1
0.474 0.177 1
0.527 0.187 1
0.511 0.236 1
0.491 0.196 1
0.459 0.193 1
0.462 0.235 1
0.522 0.266 1
0.485 0.235 1
0.46 0.19 1
0.511 0.234 1
0.472 0.234 1
0.504 0.222 1
0.521 0.222 1
0.508 0.215 1
0.504 0.195 1
0.536 0.266 1
0.459 0.214 1
0.453 0.231 1
0.533 0.208 1
0.512 0.236 1
0.531 0.198 1
0.445 0.255 1
0.503 0.24 1
0.492 0.203 1
0.525 0.238 1
0.523 0.26 1
0.44 0.228 1
0.447 0.268 1
0.511 0.216 1
0.488 0.27 1
0.505 0.263 1
0.497 0.25 1
0.511 0.218 1
0.498 0.254 1
0.481 0.245 1
0.526 0.269 1
0.491 0.264 1
0.453 0.251 1
0.443 0.224 1
0.505 0.207 1
0.447 0.225 1
0.516 0.18 1
0.451 0.194 1
0.501 0.248 1
0.479 0.249 1
0.472 0.182 1
0.429 0.106 1
0.427 0.185 1
0.404 0.158 1
0.424 0.12 1
0.352 0.141 1
0.381 0.122 1
0.373 0.173 1
0.371 0.107 1
0.404 0.112 1
0.348 0.196 1
0.415 0.188 1
0.377 0.2 1
0.389 0.191 1
0.408 0.187 1
0.432 0.181 1
0.437 0.178 1
0.387 0.134 1
0.377 0.139 1
0.431 0.184 1
0.438 0.123 1
0.401 0.173 1
0.349 0.197 1
0.341 0.12 1
0.414 0.141 1
0.392 0.117 1
0.414 0.133 1
0.41 0.143 1
0.358 0.13 1
0.386 0.202 1
0.342 0.185 1
0.361 0.108 1
0.423 0.169 1
0.373 0.136 1
0.402 0.136 1
0.414 0.121 1
0.388 0.137 1
0.348 0.124 1
0.37 0.185 1
0.435 0.171 1
0.36 0.108 1
0.346 0.127 1
0.43 0.178 1
0.392 0.134 1
0.425 0.137 1
0.4 0.19 1
0.394 0.117 1
0.394 0.11 1
0.388 0.17 1
0.412 0.134 1
0.426 0.14 1
0.367 0.189 1
0.343 0.154 1
0.371 0.139 1
0.425 0.111 1
0.44 0.153 1
0.402 0.195 1
0.363 0.178 1
0.416 0.119 1
0.408 0.201 1
0.348 0.107 1
0.351 0.111 1
0.355 0.197 1
0.39 0.166 1
0.373 0.134 1
0.346 0.163 1
0.439 0.105 1
0.436 0.121 1
0.427 0.146 1
0.428 0.117 1
0.435 0.177 1
0.353 0.125 1
0.434 0.154 1
0.372 0.11 1
0.403 0.108 1
0.434 0.105 1
0.343 0.147 1
0.346 0.148 1
0.383 0.106 1
0.431 0.157 1
0.388 0.175 1
0.382 0.199 1
0.38 0.143 1
0.416 0.119 1
0.429 0.154 1
0.396 0.153 1
0.387 0.111 1
0.375 0.136 1
0.349 0.19 1
0.432 0.195 1
0.368 0.196 1
0.383 0.176 1
0.424 0.187 1
0.433 0.112 1
0.379 0.195 1
0.406 0.155 1
0.342 0.196 1
0.343 0.152 1
0.435 0.202 1
0.428 0.125 1
0.391 0.125 1
0.316 0.154 1
0.304 0.141 1
0.381 0.143 1
0.318 0.155 1
0.298 0.113 1
0.326 0.129 1
0.302 0.152 1
0.384 0.126 1
0.332 0.104 1
0.363 0.108 1
0.37 0.073 1
0.367 0.122 1
0.368 0.091 1
0.39 0.082 1
0.348 0.068 1
0.349 0.064 1
0.386 0.071 1
0.297 0.144 1
0.335 0.141 1
0.338 0.07 1
0.313 0.123 1
0.317 0.15 1
0.354 0.124 1
0.35 0.072 1
0.343 0.132 1
0.306 0.079 1
0.308 0.073 1
0.378 0.078 1
0.338 0.099 1
0.325 0.124 1
0.359 0.155 1
0.339 0.097 1
0.322 0.073 1
0.326 0.091 1
0.296 0.115 1
0.366 0.109 1
0.36 0.139 1
0.371 0.063 1
0.3 0.122 1
0.337 0.1 1
0.357 0.085 1
0.316 0.126 1
0.354 0.103 1
0.336 0.079 1
0.382 0.141 1
0.394 0.127 1
0.316 0.11 1
0.38 0.13 1
0.359 0.083 1
0.362 0.107 1
0.384 0.131 1
0.338 0.082 1
0.394 0.06 1
0.389 0.103 1
0.332 0.091 1
0.362 0.083 1
0.312 0.129 1
0.316 0.063 1
0.364 0.079 1
0.359 0.096 1
0.302 0.086 1
0.307 0.068 1
0.356 0.147 1
0.35 0.1 1
0.336 0.097 1
0.383 0.065 1
0.333 0.098 1
0.338 0.144 1
0.371 0.155 1
0.317 0.085 1
0.374 0.134 1
0.362 0.086 1
0.346 0.141 1
0.364 0.158 1
0.379 0.125 1
0.395 0.15 1
0.391 0.128 1
0.389 0.096 1
0.349 0.094 1
0.342 0.106 1
0.346 0.075 1
0.315 0.063 1
0.387 0.077 1
0.303 0.149 1
0.325 0.071 1
0.371 0.134 1
0.38 0.122 1
0.299 0.119 1
0.378 0.108 1
0.336 0.085 1
0.394 0.13 1
0.369 0.072 1
0.338 0.083 1
0.309 0.154 1
0.311 0.11 1
0.321 0.128 1
0.383 0.091 1
0.365 0.142 1
0.302 0.102 1
0.336 0.138 1
0.336 0.082 1
0.318 0.076 1
0.351 0.053 1
0.287 0.088 1
0.265 0.01 1
0.281 0.063 1
0.276 0.04 1
0.285 0.105 1
0.259 0.021 1
0.306 0.037 1
0.307 0.097 1
0.297 0.058 1
0.28 0.1 1
0.312 0.087 1
0.319 0.018 1
0.306 0.076 1
0.323 0.083 1
0.264 0.082 1
0.31 0.015 1
0.281 0.092 1
0.289 0.015 1
0.271 0.081 1
0.338 0.052 1
0.281 0.042 1
0.285 0.049 1
0.339 0.02 1
0.293 0.059 1
0.267 0.051 1
0.323 0.033 1
0.32 0.098 1
0.346 0.1 1
0.34 0.057 1
0.334 0.049 1
0.26 0.027 1
0.278 0.018 1
0.347 0.015 1
0.317 0.051 1
0.277 0.093 1
0.312 0.053 1
0.319 0.01 1
0.262 0.012 1
0.308 0.018 1
0.272 0.08 1
0.286 0.035 1
0.282 0.091 1
0.306 0.032 1
0.255 0.083 1
0.328 0.078 1
0.279 0.016 1
0.345 0.012 1
0.349 0.086 1
0.339 0.08 1
0.328 0.058 1
0.262 0.011 1
0.329 0.066 1
0.297 0.06 1
0.328 0.061 1
0.337 0.085 1
0.323 0.073 1
0.288 0.109 1
0.293 0.04 1
0.352 0.101 1
0.34 0.032 1
0.274 0.068 1
0.259 0.088 1
0.313 0.021 1
0.335 0.076 1
0.326 0.03 1
0.297 0.091 1
0.332 0.065 1
0.255 0.055 1
0.298 0.105 1
0.346 0.068 1
0.335 0.01 1
0.312 0.096 1
0.332 0.07 1
0.304 0.07 1
0.272 0.102 1
0.305 0.038 1
0.253 0.039 1
0.332 0.087 1
0.259 0.023 1
0.294 0.027 1
0.315 0.098 1
0.344 0.027 1
0.352 0.051 1
0.287 0.092 1
0.285 0.079 1
0.265 0.036 1
0.32 0.101 1
0.286 0.04 1
0.346 0.027 1
0.345 0.04 1
0.278 0.089 1
0.338 0.038 1
0.315 0.04 1
0.3 0.062 1
0.298 0.018 1
0.278 0.051 1
0.305 0.054 1
0.265 0.055 1
0.351 0.056 1
0.305 0.075 1
0.283 0.055 1
0.27 0.013 1
0.318 0.051 1
0.266 0.006 1
0.26 0.05 1
0.351 0.074 1
0.3 0.014 1
0.303 0.054 1
0.306 0.029 1
0.351 0.011 1
0.271 0.035 1
0.325 0.043 1
0.342 0.029 1
0.297 0.072 1
0.318 0.05 1
0.29 0.027 1
0.319 0.034 1
0.342 0.003 1
0.273 0.018 1
0.275 0.042 1
0.29 0.048 1
0.338 0.061 1
0.276 0.001 1
0.348 0.035 1
0.311 0.013 1
0.35 0.019 1
0.333 0.014 1
0.261 0.052 1
0.272 0.002 1
0.303 0.007 1
0.269 0.056 1
0.322 0.01 1
0.351 0.038 1
0.309 0.041 1
0.35 0.009 1
0.347 0.033 1
0.259 0.05 1
0.318 0.021 1
0.288 0.008 1
0.255 0.028 1
0.343 0.022 1
0.297 0.048 1
0.276 0.062 1
0.339 0.061 1
0.315 0.024 1
0.277 0.074 1
0.336 0.035 1
0.286 0.011 1
0.281 0.024 1
0.253 0.04 1
0.317 0.034 1
0.339 0.013 1
0.305 0.051 1
0.323 0.069 1
0.338 0.046 1
0.271 0.035 1
0.325 0.006 1
0.308 0.054 1
0.35 0.01 1
0.307 0.011 1
0.283 0.013 1
0.316 0.037 1
0.263 0.024 1
0.287 0.042 1
0.269 0.042 1
0.289 0.042 1
0.272 0.044 1
0.268 0.028 1
0.276 0.004 1
0.344 0.002 1
0.278 0.021 1
0.324 0.009 1
0.316 0.001 1
0.343 0.022 1
0.348 0.042 1
0.329 0.033 1
0.253 0.024 1
0.267 0.075 1
0.338 0.014 1
0.332 0.072 1
0.255 0.033 1
0.313 0.07 1
0.277 0.012 1
0.271 0.047 1
0.336 0.032 1
0.314 0.049 1
0.256 0.048 1
0.353 0.024 1
0.308 0.046 1
0.353 0.034 1
0.27 0.062 1
0.264 0.011 1
0.267 0.038 1
0.285 0.01 1
0.267 0.005 1
0.335 0.014 1
0.312 0.043 1
0.363 0.056 1
0.416 0.064 1
0.356 0.031 1
0.389 0.002 1
0.374 0.055 1
0.382 0.03 1
0.446 0.017 1
0.371 0.041 1
0.431 0.027 1
0.384 0.06 1
0.367 0.042 1
0.388 0.034 1
0.438 0.048 1
0.356 0.033 1
0.399 0.021 1
0.37 0.009 1
0.378 0.013 1
0.383 0.021 1
0.376 0.053 1
0.436 0.003 1
0.397 0.049 1
0.353 0.034 1
0.451 0.043 1
0.433 0.026 1
0.451 0.029 1
0.41 0.065 1
0.412 0.028 1
0.366 0.056 1
0.367 0.022 1
0.389 0.037 1
0.402 0.063 1
0.403 0.003 1
0.378 0.007 1
0.438 0.023 1
0.423 0.013 1
0.358 0.024 1
0.396 0.017 1
0.415 0.044 1
0.375 0.007 1
0.415 0.039 1
0.425 0.064 1
0.44 0.052 1
0.405 0.012 1
0.381 0.011 1
0.442 0.05 1
0.388 0.02 1
0.37 0.056 1
0.4 0.036 1
0.42 0.057 1
0.357 0.051 1
0.393 0.059 1
0.416 0.023 1
0.394 0.065 1
0.386 0.032 1
0.401 0.053 1
0.376 0.058 1
0.432 0.063 1
0.428 0.021 1
0.354 0.039 1
0.408 0.006 1
0.444 0.031 1
0.358 0.005 1
0.448 0.048 1
0.403 0.003 1
0.386 0.056 1
0.399 0.057 1
0.372 0.023 1
0.391 0.031 1
0.396 0.039 1
0.422 0.064 1
0.382 0.033 1
0.395 0.004 1
0.388 0.001 1
0.363 0.065 1
0.439 0.059 1
0.392 0.053 1
0.397 0.048 1
0.382 0.02 1
0.381 0.047 1
0.372 0.001 1
0.434 0.027 1
0.375 0.053 1
0.426 0.029 1
0.36 0.039 1
0.416 0.062 1
0.404 0.035 1
0.422 0.046 1
0.419 0.028 1
0.422 0.063 1
0.41 0.023 1
0.383 0.001 1
0.435 0.05 1
0.39 0.039 1
0.43 0.062 1
0.386 0.014 1
0.408 0.003 1
0.385 0.02 1
0.408 0.063 1
0.418 0.006 1
0.402 0.017 1
0.513 0.066 1
0.511 0.054 1
0.476 0.033 1
0.461 0.05 1
0.47 0.016 1
0.508 0.012 1
0.45 0.003 1
0.516 0.002 1
0.466 0.015 1
0.453 0.016 1
0.472 0.051 1
0.428 0.047 1
0.46 0.05 1
0.437 0.009 1
0.494 0.019 1
0.486 0.066 1
0.514 0.017 1
0.512 0.011 1
0.451 0.033 1
0.5 0.02 1
0.443 0.007 1
0.459 0.035 1
0.46 0.02 1
0.494 0.008 1
0.443 0.026 1
0.496 0.064 1
0.438 0.064 1
0.444 0.014 1
0.464 0.021 1
0.443 0.021 1
0.468 0.051 1
0.463 0.025 1
0.457 0.045 1
0.459 0.06 1
0.444 0.068 1
0.461 0.024 1
0.464 0.051 1
0.499 0.038 1
0.442 0.036 1
0.512 0.01 1
0.429 0.033 1
0.516 0.013 1
0.43 0.002 1
0.473 0.039 1
0.422 0.014 1
0.51 0.057 1
0.424 0.046 1
0.469 0.009 1
0.508 0.005 1
0.469 0.025 1
0.427 0.042 1
0.514 0.047 1
0.509 0.066 1
0.463 0.022 1
0.487 0.06 1
0.477 0.016 1
0.499 0.02 1
0.433 0.038 1
0.514 0.007 1
0.442 0.061 1
0.461 0.01 1
0.499 0.036 1
0.428 0.038 1
0.473 0.031 1
0.448 0.047 1
0.463 0.052 1
0.501 0.054 1
0.447 0.007 1
0.446 0.022 1
0.426 0.01 1
0.438 0.069 1
0.446 0.027 1
0.461 0.032 1
0.505 0.028 1
0.42 0.064 1
0.453 0.048 1
0.501 0.001 1
0.454 0.025 1
0.491 0.067 1
0.47 0.023 1
0.431 0.067 1
0.42 0.04 1
0.419 0.033 1
0.45 0.061 1
0.471 0.016 1
0.483 0.017 1
0.507 0.016 1
0.468 0.014 1
0.448 0.055 1
0.445 0.058 1
0.508 0.018 1
0.424 0.056 1
0.495 0.004 1
0.44 0.022 1
0.456 0.035 1
0.462 0.015 1
0.465 0.065 1
0.461 0.042 1
0.463 0.028 1
0.434 0.008 1
0.595 0.064 1
0.556 0.015 1
0.574 0.057 1
0.576 0.051 1
0.538 0.035 1
0.577 0.011 1
0.513 0.039 1
0.559 0.032 1
0.577 0.047 1
0.587 0.05 1
0.522 0.012 1
0.563 0.052 1
0.582 0.018 1
0.562 0.008 1
0.506 0.034 1
0.566 0.064 1
0.575 0.066 1
0.552 0.038 1
0.522 0.024 1
0.516 0.064 1
0.519 0.015 1
0.581 0.004 1
0.557 0.058 1
0.56 0.034 1
0.549 0.041 1
0.553 0.069 1
0.522 0.024 1
0.503 0.049 1
0.525 0.037 1
0.569 0.07 1
0.548 0.054 1
0.595 0.008 1
0.557 0.027 1
0.553 0.051 1
0.541 0.058 1
0.592 0.052 1
0.534 0.019 1
0.575 0.03 1
0.51 0.047 1
0.51 0.047 1
0.526 0.042 1
0.601 0.051 1
0.527 0.009 1
0.584 0.054 1
0.6 0.005 1
0.563 0.011 1
0.585 0.021 1
0.573 0.062 1
0.567 0.065 1
0.531 0.002 1
0.572 0.018 1
0.555 0.059 1
0.566 0.005 1
0.508 0.001 1
0.582 0.024 1
0.505 0.019 1
0.51 0.043 1
0.527 0.02 1
0.537 0.066 1
0.506 0.059 1
0.547 0.004 1
0.535 0.058 1
0.555 0.014 1
0.561 0.049 1
0.505 0.02 1
0.588 0.003 1
0.585 0.011 1
0.515 0.018 1
0.595 0.051 1
0.548 0.056 1
0.57 0.059 1
0.573 0.069 1
0.594 0.014 1
0.556 0.029 1
0.523 0.016 1
0.571 0.073 1
0.51 0.058 1
0.537 0.022 1
0.573 0.02 1
0.542 0.033 1
0.594 0.026 1
0.574 0.062 1
0.552 0.06 1
0.566 0.064 1
0.529 0.059 1
0.552 0.059 1
0.564 0.055 1
0.556 0.003 1
0.511 0.041 1
0.566 0.013 1
0.579 0.01 1
0.559 0.021 1
0.549 0.023 1
0.587 0.041 1
0.598 0.053 1
0.507 0.054 1
0.568 0.009 1
0.525 0.051 1
0.561 0.07 1
0.583 0.007 1
0.641 0.039 1
0.66 0.007 1
0.612 0.073 1
0.661 0.017 1
0.597 0.069 1
0.594 0.07 1
0.629 0.001 1
0.656 0.019 1
0.563 0.072 1
0.569 0.061 1
0.606 0.023 1
0.618 0.036 1
0.636 0.075 1
0.654 0.065 1
0.592 0.028 1
0.592 0.046 1
0.593 0.07 1
0.651 0.052 1
0.566 0.067 1
0.652 0.053 1
0.653 0.045 1
0.616 0.072 1
0.587 0.077 1
0.6 0.001 1
0.641 0.046 1
0.663 0.075 1
0.572 0.023 1
0.625 0.074 1
0.586 0.072 1
0.642 0.01 1
0.589 0.011 1
0.63 0.036 1
0.643 0.002 1
0.6 0.069 1
0.589 0.04 1
0.597 0.044 1
0.618 0.045 1
0.603 0.005 1
0.58 0.017 1
0.601 0.061 1
0.646 0.051 1
0.654 0.017 1
0.582 0.038 1
0.607 0.048 1
0.584 0.031 1
0.604 0.066 1
0.59 0.054 1
0.581 0.051 1
0.659 0.017 1
0.617 0.04 1
0.627 0.048 1
0.657 0.015 1
0.624 0.021 1
0.607 0.016 1
0.6 0.003 1
0.583 0.058 1
0.592 0.042 1
0.662 0.076 1
0.564 0.058 1
0.63 0.05 1
0.627 0.014 1
0.604 0.042 1
0.631 0.02 1
0.57 0.044 1
0.61 0.074 1
0.601 0.02 1
0.612 0.021 1
0.631 0.045 1
0.576 0.035 1
0.641 0.001 1
0.66 0.038 1
0.603 0.002 1
0.602 0.066 1
0.617 0.075 1
0.579 0.014 1
0.663 0.001 1
0.637 0.045 1
0.653 0.001 1
0.611 0.033 1
0.638 0.058 1
0.572 0.032 1
0.607 0.017 1
0.633 0.057 1
0.6 0.023 1
0.611 0.016 1
0.597 0.04 1
0.633 0.029 1
0.566 0.06 1
0.662 0.03 1
0.608 0.042 1
0.616 0.052 1
0.573 0.049 1
0.563 0.038 1
0.607 0.015 1
0.636 0.013 1
0.577 0.057 1
0.613 0.029 1
0.644 0.029 1
0.601 0.019 1
0.617 0.062 1
0.687 0.06 1
0.665 0.057 1
0.682 0.007 1
0.656 0.031 1
0.676 0.074 1
0.739 0.009 1
0.729 0.069 1
0.685 0.061 1
0.677 0.05 1
0.74 0.055 1
0.712 0.005 1
0.73 0.072 1
0.739 0.054 1
0.668 0.04 1
0.703 0.06 1
0.714 0.067 1
0.668 0.001 1
0.709 0.045 1
0.667 0.056 1
0.66 0.054 1
0.695 0.067 1
0.727 0.002 1
0.653 0.042 1
0.712 0.044 1
0.707 0.066 1
0.747 0.043 1
0.663 0.058 1
0.68 0.032 1
0.707 0.065 1
0.684 0.063 1
0.723 0.054 1
0.725 0.067 1
0.655 0.057 1
0.729 0.051 1
0.689 0.047 1
0.734 0.027 1
0.748 0.07 1
0.667 0.061 1
0.714 0.04 1
0.717 0.02 1
0.716 0.073 1
0.699 0.037 1
0.721 0.058 1
0.681 0.005 1
0.691 0.06 1
0.705 0.05 1
0.729 0.019 1
0.694 0.071 1
0.654 0.068 1
0.713 0.063 1
0.65 0.017 1
0.728 0.071 1
0.673 0.003 1
0.689 0.048 1
0.676 0.017 1
0.734 0.05 1
0.739 0.049 1
0.649 0.071 1
0.73 0.047 1
0.718 0.069 1
0.724 0.052 1
0.675 0.046 1
0.687 0.043 1
0.7 0.009 1
0.687 0.018 1
0.659 0.07 1
0.659 0.008 1
0.658 0.046 1
0.653 0.011 1
0.681 0.018 1
0.669 0.028 1
0.658 0.028 1
0.688 0.004 1
0.656 0.037 1
0.732 0.034 1
0.749 0.006 1
0.739 0.007 1
0.699 0.007 1
0.693 0.02 1
0.737 0.008 1
0.699 0.022 1
0.734 0.034 1
0.695 0.068 1
0.653 0.072 1
0.733 0.075 1
0.703 0.037 1
0.684 0.063 1
0.692 0.065 1
0.711 0.013 1
0.714 0.023 1
0.747 0.034 1
0.667 0.042 1
0.653 0.044 1
0.663 0.032 1
0.664 0.015 1
0.701 0.006 1
0.701 0.056 1
0.665 0.065 1
0.746 0.046 1
0.662 0.041 1
0.735 0.02 1
0.761 0.013 1
0.796 0.035 1
0.733 0.035 1
0.723 0.01 1
0.813 0.021 1
0.803 0.068 1
0.755 0.017 1
0.777 0.058 1
0.779 0.041 1
0.719 0.037 1
0.765 0.043 1
0.747 0.052 1
0.72 0.022 1
0.795 0.035 1
0.752 0.058 1
0.786 0.065 1
0.749 0.062 1
0.723 0.033 1
0.75 0.064 1
0.803 0.001 1
0.756 0.067 1
0.754 0.016 1
0.793 0.032 1
0.74 0.044 1
0.753 0.047 1
0.792 0.002 1
0.811 0.001 1
0.72 0.016 1
0.75 0.022 1
0.777 0.032 1
0.727 0.055 1
0.813 0.037 1
0.796 0.004 1
0.736 0.075 1
0.795 0.073 1
0.722 0.067 1
0.762 0.045 1
0.742 0.073 1
0.795 0.039 1
0.77 0.009 1
0.736 0.006 1
0.779 0.039 1
0.743 0.034 1
0.797 0.044 1
0.774 0.004 1
0.765 0.065 1
0.733 0.001 1
0.808 0.063 1
0.784 0.015 1
0.786 0.001 1
0.784 0.008 1
0.783 0.007 1
0.801 0.069 1
0.735 0.002 1
0.722 0.057 1
0.774 0.008 1
0.737 0.061 1
0.8 0.066 1
0.735 0.013 1
0.814 0.036 1
0.772 0.06 1
0.753 0.026 1
0.747 0.016 1
0.766 0.004 1
0.753 0.05 1
0.77 0.023 1
0.725 0.006 1
0.809 0.037 1
0.762 0.063 1
0.744 0.03 1
0.743 0.056 1
0.743 0.072 1
0.808 0.044 1
0.764 0.058 1
0.717 0.05 1
0.798 0.004 1
0.762 0.003 1
0.754 0.066 1
0.772 0.042 1
0.735 0.052 1
0.745 0.017 1
0.794 0.004 1
0.772 0.062 1
0.739 0.005 1
0.749 0.073 1
0.773 0.008 1
0.813 0.043 1
0.803 0.014 1
0.796 0.036 1
0.75 0.059 1
0.782 0.011 1
0.727 0.073 1
0.8 0.058 1
0.721 0.071 1
0.756 0.07 1
0.814 0.045 1
0.767 0.003 1
0.788 0.054 1
0.816 0.011 1
0.876 0.041 1
0.881 0.003 1
0.88 0.031 1
0.81 0.02 1
0.813 0.046 1
0.861 0.069 1
0.843 0.077 1
0.829 0.037 1
0.839 0.026 1
0.817 0.07 1
0.819 0.027 1
0.806 0.069 1
0.879 0.05 1
0.861 0.062 1
0.818 0.049 1
0.811 0.067 1
0.86 0.009 1
0.856 0.081 1
0.809 0.064 1
0.877 0.056 1
0.841 0.078 1
0.863 0.046 1
0.844 0.02 1
0.862 0.025 1
0.896 0.025 1
0.8 0.018 1
0.844 0.004 1
0.888 0.047 1
0.878 0.005 1
0.844 0.029 1
0.86 0.031 1
0.847 0.075 1
0.798 0.004 1
0.885 0.04 1
0.856 0.021 1
0.886 0.061 1
0.879 0.021 1
0.807 0.043 1
0.804 0.033 1
0.822 0.031 1
0.817 0.01 1
0.836 0.076 1
0.831 0.077 1
0.8 0.059 1
0.811 0.014 1
0.863 0.072 1
0.842 0.07 1
0.866 0.066 1
0.832 0.076 1
0.849 0.025 1
0.888 0.076 1
0.86 0.011 1
0.805 0.055 1
0.827 0.01 1
0.815 0.009 1
0.878 0.059 1
0.853 0.031 1
0.809 0.061 1
0.814 0.024 1
0.798 0.048 1
0.867 0.025 1
0.88 0.057 1
0.808 0.023 1
0.798 0.02 1
0.808 0.076 1
0.857 0.035 1
0.855 0.062 1
0.822 0.059 1
0.819 0.031 1
0.859 0.04 1
0.879 0.069 1
0.849 0.057 1
0.833 0.049 1
0.898 0.018 1
0.81 0.039 1
0.826 0.023 1
0.865 0.049 1
0.84 0.07 1
0.815 0.023 1
0.802 0.032 1
0.822 0.027 1
0.87 0.035 1
0.826 0.019 1
0.81 0.067 1
0.818 0.073 1
0.823 0.071 1
0.862 0.051 1
0.819 0.028 1
0.801 0.052 1
0.882 0.025 1
0.888 0.029 1
0.882 0.011 1
0.846 0.035 1
0.83 0.062 1
0.885 0.044 1
0.818 0.029 1
0.819 0.045 1
0.874 0.008 1
0.84 0.003 1
0.804 0.029 1
0.948 0.001 1
0.869 0.022 1
0.877 0.037 1
0.916 0.007 1
0.927 0.086 1
0.875 0.034 1
0.924 0.081 1
0.902 0.049 1
0.855 0.03 1
0.859 0.034 1
0.885 0.013 1
0.907 0.075 1
0.951 0.057 1
0.945 0.021 1
0.924 0.021 1
0.879 0.082 1
0.859 0.074 1
0.913 0.088 1
0.863 0.046 1
0.92 0.001 1
0.903 0.036 1
0.939 0.018 1
0.868 0.077 1
0.875 0.048 1
0.86 0.076 1
0.874 0.003 1
0.879 0.019 1
0.854 0.082 1
0.91 0.04 1
0.885 0.068 1
0.92 0.078 1
0.952 0.052 1
0.912 0.01 1
0.898 0.045 1
0.929 0.025 1
0.947 0.043 1
0.944 0.083 1
0.874 0.074 1
0.878 0.005 1
0.913 0.001 1
0.863 0.087 1
0.875 0.072 1
0.936 0.024 1
0.925 0.038 1
0.922 0.028 1
0.905 0.088 1
0.887 0.051 1
0.952 0.028 1
0.918 0.037 1
0.883 0.08 1
0.918 0.059 1
0.856 0.006 1
0.939 0.077 1
0.894 0.033 1
0.947 0.082 1
0.902 0.021 1
0.919 0.081 1
0.892 0.045 1
0.939 0.009 1
0.946 0.079 1
0.882 0.005 1
0.871 0.027 1
0.948 0.023 1
0.921 0.071 1
0.948 0.085 1
0.912 0.08 1
0.87 0.061 1
0.932 0.017 1
0.93 0.088 1
0.901 0.07 1
0.929 0.02 1
0.92 0.038 1
0.873 0.038 1
0.946 0.023 1
0.867 0.048 1
0.949 0.005 1
0.865 0.038 1
0.886 0.02 1
0.899 0.055 1
0.877 0.068 1
0.924 0.065 1
0.941 0.059 1
0.919 0.068 1
0.927 0.011 1
0.926 0.018 1
0.926 0.085 1
0.909 0.085 1
0.89 0.001 1
0.916 0.068 1
0.884 0.049 1
0.867 0.001 1
0.944 0.033 1
0.888 0.039 1
0.912 0.044 1
0.881 0.085 1
0.853 0.041 1
0.919 0.055 1
0.951 0.085 1
0.878 0.009 1
0.854 0.015 1
0.971 0.028 1
0.886 0.098 1
0.892 0.019 1
0.956 0.117 1
0.933 0.031 1
0.985 0.049 1
0.924 0.047 1
0.973 0.036 1
0.968 0.02 1
0.896 0.042 1
0.916 0.063 1
0.978 0.118 1
0.911 0.033 1
0.982 0.109 1
0.886 0.038 1
0.977 0.025 1
0.91 0.019 1
0.905 0.031 1
0.892 0.112 1
0.919 0.06 1
0.93 0.036 1
0.908 0.026 1
0.903 0.072 1
0.924 0.066 1
0.904 0.082 1
0.954 0.063 1
0.974 0.073 1
0.907 0.109 1
0.984 0.019 1
0.974 0.034 1
0.894 0.1 1
0.947 0.032 1
0.927 0.052 1
0.98 0.117 1
0.913 0.095 1
0.9 0.105 1
0.932 0.033 1
0.981 0.062 1
0.911 0.07 1
0.972 0.083 1
0.926 0.082 1
0.974 0.101 1
0.94 0.075 1
0.893 0.093 1
0.971 0.033 1
0.905 0.079 1
0.932 0.049 1
0.927 0.103 1
0.934 0.114 1
0.972 0.028 1
0.89 0.085 1
0.922 0.023 1
0.919 0.029 1
0.979 0.103 1
0.94 0.034 1
0.955 0.061 1
0.984 0.067 1
0.965 0.092 1
0.972 0.051 1
0.931 0.038 1
0.899 0.055 1
0.919 0.079 1
0.973 0.035 1
0.892 0.079 1
0.958 0.091 1
0.894 0.098 1
0.906 0.054 1
0.947 0.047 1
0.938 0.074 1
0.911 0.113 1
0.886 0.076 1
0.972 0.075 1
0.924 0.067 1
0.916 0.099 1
0.889 0.108 1
0.944 0.101 1
0.971 0.106 1
0.924 0.106 1
0.957 0.057 1
0.908 0.098 1
0.953 0.021 1
0.951 0.088 1
0.973 0.088 1
0.894 0.05 1
0.977 0.035 1
0.921 0.095 1
0.9 0.05 1
0.947 0.107 1
0.978 0.05 1
0.976 0.06 1
0.946 0.025 1
0.957 0.074 1
0.959 0.024 1
0.929 0.038 1
0.971 0.077 1
0.94 0.027 1
0.974 0.029 1
0.939 0.101 1
0.949 0.107 1
0.894 0.021 1
0.981 0.125 1
0.937 0.112 1
0.923 0.116 1
0.915 0.143 1
0.9 0.145 1
0.928 0.154 1
0.913 0.147 1
0.929 0.166 1
0.95 0.152 1
0.913 0.129 1
0.979 0.112 1
0.902 0.119 1
0.968 0.181 1
0.927 0.117 1
0.952 0.175 1
0.928 0.124 1
0.979 0.095 1
0.906 0.136 1
0.971 0.094 1
0.991 0.12 1
0.949 0.148 1
0.974 0.118 1
0.954 0.098 1
0.962 0.111 1
0.93 0.176 1
0.987 0.123 1
0.988 0.134 1
0.914 0.114 1
0.916 0.193 1
0.93 0.171 1
0.976 0.193 1
0.963 0.171 1
0.903 0.116 1
0.995 0.131 1
0.968 0.123 1
0.949 0.099 1
0.983 0.129 1
0.914 0.124 1
0.924 0.167 1
0.97 0.192 1
0.916 0.169 1
0.915 0.099 1
0.991 0.167 1
0.895 0.188 1
0.927 0.193 1
0.969 0.159 1
0.95 0.183 1
0.93 0.164 1
0.897 0.095 1
0.954 0.161 1
0.897 0.18 1
0.912 0.162 1
0.947 0.116 1
0.914 0.106 1
0.985 0.193 1
0.973 0.133 1
0.922 0.111 1
0.909 0.112 1
0.906 0.098 1
0.907 0.131 1
0.958 0.156 1
0.934 0.117 1
0.966 0.159 1
0.898 0.13 1
0.968 0.14 1
0.917 0.143 1
0.909 0.128 1
0.988 0.127 1
0.904 0.098 1
0.962 0.114 1
0.927 0.146 1
0.912 0.179 1
0.916 0.184 1
0.928 0.173 1
0.986 0.155 1
0.989 0.095 1
0.978 0.096 1
0.932 0.096 1
0.903 0.096 1
0.953 0.137 1
0.99 0.187 1
0.897 0.122 1
0.964 0.159 1
0.938 0.108 1
0.961 0.129 1
0.917 0.111 1
0.995 0.161 1
0.972 0.173 1
0.948 0.157 1
0.949 0.147 1
0.98 0.131 1
0.926 0.139 1
0.947 0.174 1
0.958 0.184 1
0.951 0.113 1
0.939 0.118 1
0.978 0.171 1
0.994 0.143 1
0.935 0.155 1
0.97 0.143 1
0.972 0.196 1
0.965 0.193 1
0.955 0.178 1
0.897 0.198 1
0.919 0.21 1
0.902 0.214 1
0.962 0.173 1
0.924 0.249 1
0.989 0.191 1
0.989 0.199 1
0.98 0.197 1
0.977 0.232 1
0.963 0.225 1
0.957 0.246 1
0.904 0.151 1
0.9 0.226 1
0.97 0.161 1
0.957 0.235 1
0.92 0.224 1
0.906 0.176 1
0.966 0.175 1
0.897 0.202 1
0.935 0.152 1
0.969 0.171 1
0.979 0.164 1
0.99 0.19 1
0.987 0.21 1
0.938 0.154 1
0.896 0.189 1
0.983 0.167 1
0.964 0.21 1
0.929 0.191 1
0.953 0.219 1
0.926 0.231 1
0.931 0.207 1
0.913 0.207 1
0.927 0.152 1
0.963 0.203 1
0.99 0.185 1
0.962 0.226 1
0.921 0.244 1
0.897 0.173 1
0.982 0.158 1
0.914 0.155 1
0.921 0.21 1
0.901 0.154 1
0.979 0.247 1
0.958 0.16 1
0.988 0.227 1
0.946 0.198 1
0.912 0.235 1
0.922 0.202 1
0.986 0.212 1
0.979 0.212 1
0.98 0.152 1
0.897 0.25 1
0.941 0.223 1
0.946 0.194 1
0.949 0.215 1
0.946 0.237 1
0.944 0.222 1
0.954 0.162 1
0.985 0.159 1
0.914 0.203 1
0.979 0.19 1
0.957 0.216 1
0.898 0.215 1
0.954 0.25 1
0.892 0.184 1
0.99 0.199 1
0.901 0.224 1
0.925 0.233 1
0.965 0.197 1
0.941 0.211 1
0.981 0.171 1
0.955 0.199 1
0.934 0.248 1
0.941 0.222 1
0.897 0.177 1
0.918 0.164 1
0.903 0.213 1
0.982 0.243 1
0.945 0.207 1
0.893 0.228 1
0.918 0.191 1
0.983 0.238 1
0.895 0.172 1
0.906 0.214 1
0.934 0.223 1
0.915 0.25 1
0.904 0.223 1
0.945 0.154 1
0.991 0.207 1
0.932 0.157 1
0.963 0.235 1
0.985 0.211 1
0.945 0.185 1
0.901 0.173 1
0.974 0.182 1
0.919 0.166 1
0.941 0.302 1
0.967 0.331 1
0.987 0.327 1
0.961 0.363 1
0.988 0.288 1
0.941 0.3 1
0.925 0.279 1
0.99 0.346 1
0.988 0.279 1
0.943 0.328 1
0.964 0.359 1
0.945 0.307 1
0.909 0.269 1
0.951 0.34 1
0.963 0.302 1
0.987 0.341 1
0.948 0.275 1
0.941 0.32 1
0.959 0.337 1
0.956 0.365 1
0.921 0.326 1
0.979 0.277 1
0.907 0.27 1
0.938 0.276 1
0.954 0.34 1
0.992 0.306 1
0.949 0.364 1
0.961 0.34 1
0.936 0.361 1
0.931 0.339 1
0.954 0.275 1
0.897 0.271 1
0.917 0.33 1
0.964 0.296 1
0.953 0.311 1
0.964 0.313 1
0.915 0.271 1
0.944 0.358 1
0.928 0.349 1
0.961 0.344 1
0.923 0.323 1
0.964 0.314 1
0.918 0.317 1
0.988 0.315 1
0.989 0.269 1
0.927 0.274 1
0.897 0.285 1
0.909 0.295 1
0.968 0.368 1
0.916 0.316 1
0.902 0.309 1
0.964 0.342 1
0.893 0.295 1
0.952 0.301 1
0.911 0.368 1
0.976 0.365 1
0.959 0.351 1
0.923 0.343 1
0.986 0.279 1
0.965 0.307 1
0.914 0.273 1
0.976 0.309 1
0.916 0.328 1
0.992 0.364 1
0.946 0.355 1
0.967 0.322 1
0.963 0.301 1
0.968 0.31 1
0.921 0.298 1
0.903 0.361 1
0.953 0.308 1
0.9 0.308 1
0.948 0.34 1
0.991 0.304 1
0.904 0.326 1
0.972 0.27 1
0.984 0.369 1
0.943 0.291 1
0.935 0.309 1
0.921 0.285 1
0.909 0.307 1
0.899 0.303 1
0.939 0.355 1
0.985 0.362 1
0.971 0.298 1
0.912 0.313 1
0.94 0.323 1
0.987 0.313 1
0.992 0.361 1
0.947 0.327 1
0.963 0.35 1
0.953 0.309 1
0.927 0.361 1
0.912 0.354 1
0.894 0.36 1
0.959 0.329 1
0.948 0.327 1
0.927 0.308 1
0.959 0.309 1
0.981 0.292 1
0.934 0.4 1
0.936 0.355 1
0.98 0.357 1
0.983 0.38 1
0.911 0.369 1
0.908 0.377 1
0.952 0.347 1
0.93 0.348 1
0.931 0.397 1
0.897 0.351 1
0.908 0.37 1
0.937 0.353 1
0.904 0.344 1
0.902 0.424 1
0.965 0.415 1
0.974 0.369 1
0.969 0.376 1
0.907 0.44 1
0.906 0.343 1
0.991 0.426 1
0.991 0.416 1
0.904 0.385 1
0.929 0.361 1
0.991 0.371 1
0.895 0.39 1
0.978 0.354 1
0.896 0.381 1
0.947 0.38 1
0.973 0.369 1
0.983 0.36 1
0.972 0.361 1
0.918 0.421 1
0.924 0.392 1
0.896 0.36 1
0.951 0.383 1
0.962 0.356 1
0.923 0.386 1
0.937 0.406 1
0.921 0.367 1
0.924 0.428 1
0.933 0.407 1
0.917 0.417 1
0.938 0.397 1
0.957 0.411 1
0.904 0.379 1
0.923 0.427 1
0.976 0.341 1
0.993 0.431 1
0.914 0.406 1
0.913 0.343 1
0.927 0.403 1
0.934 0.406 1
0.956 0.439 1
0.895 0.414 1
0.974 0.435 1
0.92 0.351 1
0.933 0.366 1
0.904 0.407 1
0.9 0.404 1
0.929 0.398 1
0.969 0.407 1
0.928 0.373 1
0.928 0.35 1
0.949 0.366 1
0.931 0.43 1
0.93 0.382 1
0.925 0.356 1
0.987 0.37 1
0.953 0.343 1
0.98 0.344 1
0.965 0.4 1
0.941 0.341 1
0.919 0.429 1
0.947 0.412 1
0.896 0.344 1
0.907 0.395 1
0.954 0.344 1
0.926 0.435 1
0.953 0.423 1
0.944 0.403 1
0.988 0.387 1
0.934 0.423 1
0.967 0.435 1
0.92 0.378 1
0.974 0.429 1
0.95 0.438 1
0.969 0.396 1
0.978 0.348 1
0.958 0.405 1
0.895 0.429 1
0.938 0.417 1
0.93 0.412 1
0.966 0.373 1
0.963 0.35 1
0.971 0.357 1
0.95 0.394 1
0.936 0.361 1
0.949 0.423 1
0.956 0.395 1
0.937 0.399 1
0.985 0.424 1
0.977 0.405 1
0.894 0.383 1
0.943 0.412 1
0.936 0.403 1
0.897 0.422 1
0.924 0.407 1
0.903 0.428 1
0.98 0.421 1
0.935 0.375 1
0.942 0.457 1
0.895 0.446 1
0.967 0.385 1
0.896 0.426 1
0.98 0.448 1
0.936 0.423 1
0.921 0.464 1
0.888 0.454 1
0.968 0.436 1
0.888 0.452 1
0.892 0.464 1
0.93 0.416 1
0.891 0.454 1
0.907 0.371 1
0.888 0.386 1
0.965 0.413 1
0.937 0.432 1
0.969 0.383 1
0.893 0.46 1
0.95 0.398 1
0.977 0.432 1
0.973 0.441 1
0.971 0.446 1
0.932 0.421 1
0.967 0.458 1
0.945 0.437 1
0.982 0.406 1
0.967 0.389 1
0.897 0.412 1
0.966 0.392 1
0.916 0.428 1
0.922 0.462 1
0.958 0.445 1
0.916 0.375 1
0.981 0.389 1
0.975 0.368 1
0.902 0.424 1
0.898 0.443 1
0.946 0.389 1
0.948 0.408 1
0.96 0.408 1
0.932 0.406 1
0.965 0.391 1
0.95 0.427 1
0.942 0.427 1
0.982 0.435 1
0.957 0.387 1
0.903 0.445 1
0.889 0.46 1
0.905 0.435 1
0.938 0.443 1
0.987 0.411 1
0.92 0.387 1
0.892 0.448 1
0.898 0.461 1
0.939 0.403 1
0.983 0.38 1
0.944 0.465 1
0.951 0.438 1
0.934 0.43 1
0.933 0.448 1
0.908 0.4 1
0.963 0.376 1
0.948 0.425 1
0.894 0.384 1
0.926 0.43 1
0.891 0.378 1
0.929 0.397 1
0.944 0.404 1
0.979 0.388 1
0.9 0.411 1
0.954 0.42 1
0.948 0.381 1
0.939 0.395 1
0.985 0.384 1
0.95 0.452 1
0.949 0.44 1
0.891 0.389 1
0.898 0.408 1
0.971 0.385 1
0.951 0.434 1
0.899 0.436 1
0.945 0.397 1
0.917 0.413 1
0.932 0.445 1
0.958 0.388 1
0.903 0.413 1
0.889 0.447 1
0.968 0.41 1
0.921 0.407 1
0.819 0.374 1
0.806 0.3 1
0.788 0.369 1
0.853 0.326 1
0.801 0.356 1
0.804 0.355 1
0.803 0.371 1
0.86 0.332 1
0.814 0.383 1
0.852 0.307 1
0.806 0.389 1
0.792 0.389 1
0.873 0.375 1
0.834 0.339 1
0.844 0.295 1
0.798 0.388 1
0.818 0.39 1
0.825 0.371 1
0.858 0.309 1
0.843 0.344 1
0.858 0.308 1
0.796 0.388 1
0.853 0.392 1
0.81 0.39 1
0.877 0.369 1
0.797 0.309 1
0.858 0.308 1
0.818 0.37 1
0.792 0.324 1
0.846 0.301 1
0.78 0.354 1
0.839 0.338 1
0.784 0.353 1
0.829 0.368 1
0.877 0.366 1
0.86 0.377 1
0.791 0.335 1
0.822 0.304 1
0.823 0.334 1
0.857 0.39 1
0.833 0.347 1
0.847 0.307 1
0.803 0.34 1
0.79 0.361 1
0.785 0.335 1
0.864 0.38 1
0.84 0.301 1
0.874 0.348 1
0.809 0.378 1
0.844 0.344 1
0.811 0.382 1
0.778 0.348 1
0.795 0.358 1
0.849 0.323 1
0.844 0.355 1
0.865 0.325 1
0.825 0.31 1
0.813 0.362 1
0.858 0.321 1
0.83 0.365 1
0.795 0.373 1
0.825 0.299 1
0.822 0.387 1
0.826 0.317 1
0.793 0.318 1
0.826 0.353 1
0.801 0.365 1
0.791 0.305 1
0.874 0.33 1
0.78 0.383 1
0.823 0.32 1
0.861 0.348 1
0.829 0.361 1
0.878 0.356 1
0.866 0.348 1
0.851 0.307 1
0.828 0.312 1
0.819 0.329 1
0.812 0.314 1
0.782 0.367 1
0.87 0.379 1
0.875 0.332 1
0.846 0.321 1
0.852 0.34 1
0.867 0.307 1
0.868 0.341 1
0.83 0.312 1
0.876 0.332 1
0.869 0.384 1
0.796 0.36 1
0.816 0.297 1
0.783 0.37 1
0.815 0.333 1
0.782 0.356 1
0.805 0.347 1
0.792 0.327 1
0.791 0.359 1
0.83 0.338 1
0.782 0.299 1
0.848 0.302 1
0.784 0.244 1
0.824 0.303 1
0.817 0.282 1
0.743 0.304 1
0.825 0.329 1
0.795 0.302 1
0.743 0.272 1
0.78 0.246 1
0.788 0.249 1
0.794 0.313 1
0.8 0.308 1
0.787 0.262 1
0.78 0.259 1
0.815 0.26 1
0.79 0.288 1
0.749 0.316 1
0.766 0.256 1
0.81 0.327 1
0.815 0.313 1
0.8 0.238 1
0.819 0.25 1
0.745 0.279 1
0.737 0.288 1
0.738 0.273 1
0.756 0.275 1
0.782 0.239 1
0.741 0.326 1
0.773 0.244 1
0.785 0.284 1
0.743 0.277 1
0.811 0.269 1
0.746 0.249 1
0.816 0.238 1
0.817 0.26 1
0.796 0.32 1
0.75 0.286 1
0.796 0.3 1
0.825 0.243 1
0.754 0.302 1
0.808 0.279 1
0.802 0.292 1
0.743 0.309 1
0.777 0.323 1
0.779 0.248 1
0.759 0.292 1
0.827 0.306 1
0.794 0.331 1
0.804 0.234 1
0.796 0.285 1
0.807 0.3 1
0.788 0.264 1
0.744 0.275 1
0.767 0.254 1
0.821 0.247 1
0.777 0.238 1
0.793 0.316 1
0.792 0.287 1
0.751 0.266 1
0.82 0.271 1
0.828 0.326 1
0.771 0.293 1
0.773 0.263 1
0.821 0.256 1
0.776 0.242 1
0.792 0.237 1
0.756 0.286 1
0.742 0.244 1
0.798 0.322 1
0.745 0.323 1
0.78 0.281 1
0.807 0.323 1
0.8 0.257 1
0.749 0.256 1
0.768 0.245 1
0.794 0.314 1
0.747 0.29 1
0.736 0.252 1
0.749 0.288 1
0.788 0.308 1
0.732 0.254 1
0.797 0.267 1
0.748 0.251 1
0.829 0.249 1
0.763 0.311 1
0.749 0.292 1
0.799 0.309 1
0.822 0.295 1
0.747 0.305 1
0.747 0.255 1
0.804 0.292 1
0.807 0.286 1
0.733 0.238 1
0.827 0.3 1
0.73 0.281 1
0.815 0.304 1
0.756 0.277 1
0.759 0.303 1
0.762 0.303 1
0.743 0.307 1
0.756 0.242 1
0.769 0.203 1
0.705 0.201 1
0.69 0.215 1
0.746 0.187 1
0.704 0.205 1
0.703 0.215 1
0.741 0.236 1
0.695 0.217 1
0.759 0.217 1
0.729 0.274 1
0.684 0.177 1
0.763 0.206 1
0.75 0.238 1
0.755 0.194 1
0.765 0.195 1
0.717 0.253 1
0.724 0.213 1
0.69 0.197 1
0.708 0.244 1
0.744 0.244 1
0.692 0.193 1
0.737 0.251 1
0.725 0.262 1
0.766 0.236 1
0.679 0.238 1
0.695 0.229 1
0.685 0.182 1
0.744 0.261 1
0.688 0.263 1
0.765 0.212 1
0.772 0.232 1
0.688 0.243 1
0.734 0.238 1
0.702 0.176 1
0.678 0.189 1
0.773 0.188 1
0.688 0.225 1
0.681 0.188 1
0.706 0.176 1
0.683 0.201 1
0.693 0.211 1
0.694 0.225 1
0.696 0.207 1
0.691 0.225 1
0.772 0.223 1
0.726 0.18 1
0.689 0.266 1
0.703 0.24 1
0.766 0.213 1
0.74 0.199 1
0.674 0.225 1
0.737 0.249 1
0.68 0.221 1
0.714 0.206 1
0.705 0.251 1
0.717 0.265 1
0.683 0.217 1
0.694 0.23 1
0.703 0.233 1
0.678 0.199 1
0.686 0.218 1
0.731 0.245 1
0.703 0.217 1
0.73 0.209 1
0.729 0.185 1
0.718 0.268 1
0.7 0.231 1
0.681 0.216 1
0.759 0.227 1
0.721 0.274 1
0.747 0.231 1
0.754 0.198 1
0.755 0.199 1
0.707 0.269 1
0.709 0.235 1
0.724 0.201 1
0.731 0.177 1
0.715 0.26 1
0.724 0.251 1
0.709 0.19 1
0.681 0.198 1
0.758 0.229 1
0.674 0.231 1
0.747 0.255 1
0.729 0.185 1
0.724 0.269 1
0.691 0.208 1
0.712 0.254 1
0.721 0.182 1
0.695 0.222 1
0.681 0.232 1
0.743 0.177 1
0.748 0.239 1
0.722 0.255 1
0.763 0.265 1
0.735 0.19 1
0.722 0.194 1
0.765 0.199 1
0.739 0.266 1
0.732 0.206 1
0.706 0.133 1
0.662 0.184 1
0.645 0.156 1
0.677 0.126 1
0.694 0.208 1
0.683 0.172 1
0.698 0.178 1
0.655 0.152 1
0.716 0.142 1
0.699 0.15 1
0.622 0.154 1
0.639 0.199 1
0.641 0.123 1
0.642 0.175 1
0.63 0.134 1
0.72 0.122 1
0.665 0.134 1
0.642 0.138 1
0.672 0.185 1
0.631 0.133 1
0.66 0.217 1
0.633 0.172 1
0.659 0.2 1
0.666 0.142 1
0.711 0.164 1
0.639 0.188 1
0.639 0.128 1
0.71 0.191 1
0.658 0.197 1
0.703 0.148 1
0.704 0.13 1
0.686 0.171 1
0.706 0.16 1
0.705 0.126 1
0.638 0.158 1
0.656 0.133 1
0.72 0.154 1
0.654 0.185 1
0.674 0.174 1
0.622 0.216 1
0.655 0.217 1
0.644 0.205 1
0.626 0.19 1
0.674 0.127 1
0.626 0.141 1
0.633 0.146 1
0.631 0.131 1
0.656 0.131 1
0.652 0.204 1
0.665 0.176 1
0.627 0.197 1
0.68 0.136 1
0.625 0.153 1
0.653 0.136 1
0.687 0.185 1
0.624 0.153 1
0.642 0.181 1
0.623 0.219 1
0.659 0.178 1
0.658 0.201 1
0.664 0.176 1
0.656 0.185 1
0.627 0.166 1
0.663 0.161 1
0.648 0.143 1
0.632 0.131 1
0.68 0.187 1
0.706 0.165 1
0.624 0.205 1
0.711 0.186 1
0.706 0.219 1
0.663 0.208 1
0.678 0.217 1
0.637 0.203 1
0.686 0.129 1
0.664 0.182 1
0.691 0.151 1
0.719 0.18 1
0.66 0.139 1
0.699 0.183 1
0.651 0.164 1
0.696 0.166 1
0.716 0.192 1
0.683 0.187 1
0.636 0.22 1
0.678 0.17 1
0.696 0.187 1
0.713 0.196 1
0.706 0.216 1
0.659 0.131 1
0.627 0.178 1
0.671 0.136 1
0.686 0.198 1
0.665 0.196 1
0.705 0.171 1
0.672 0.175 1
0.673 0.147 1
0.641 0.152 1
0.699 0.203 1
0.662 0.138 1
0.589 0.116 1
0.65 0.088 1
0.65 0.078 1
0.614 0.062 1
0.635 0.118 1
0.597 0.129 1
0.617 0.148 1
0.644 0.108 1
0.678 0.097 1
0.613 0.105 1
0.611 0.142 1
0.657 0.152 1
0.68 0.096 1
0.603 0.079 1
0.658 0.063 1
0.651 0.123 1
0.665 0.064 1
0.585 0.128 1
0.652 0.098 1
0.588 0.095 1
0.644 0.079 1
0.604 0.107 1
0.63 0.083 1
0.611 0.096 1
0.625 0.07 1
0.606 0.118 1
0.661 0.135 1
0.619 0.101 1
0.585 0.124 1
0.636 0.095 1
0.678 0.143 1
0.596 0.135 1
0.631 0.093 1
0.633 0.106 1
0.602 0.124 1
0.675 0.131 1
0.623 0.126 1
0.66 0.1 1
0.589 0.127 1
0.658 0.113 1
0.582 0.074 1
0.677 0.078 1
0.637 0.059 1
0.677 0.09 1
0.589 0.158 1
0.598 0.089 1
0.594 0.139 1
0.606 0.072 1
0.593 0.062 1
0.659 0.1 1
0.651 0.078 1
0.6 0.065 1
0.59 0.073 1
0.63 0.058 1
0.675 0.088 1
0.589 0.117 1
0.585 0.09 1
0.674 0.099 1
0.606 0.103 1
0.615 0.151 1
0.665 0.091 1
0.594 0.14 1
0.586 0.124 1
0.585 0.095 1
0.679 0.085 1
0.664 0.153 1
0.627 0.06 1
0.656 0.132 1
0.581 0.073 1
0.601 0.114 1
0.653 0.1 1
0.626 0.155 1
0.64 0.078 1
0.628 0.129 1
0.647 0.087 1
0.585 0.095 1
0.583 0.092 1
0.584 0.147 1
0.623 0.154 1
0.587 0.077 1
0.666 0.09 1
0.674 0.107 1
0.612 0.118 1
0.647 0.106 1
0.618 0.128 1
0.633 0.097 1
0.604 0.064 1
0.61 0.059 1
0.583 0.075 1
0.63 0.087 1
0.644 0.112 1
0.626 0.129 1
0.622 0.059 1
0.61 0.069 1
0.593 0.072 1
0.658 0.129 1
0.678 0.058 1
0.633 0.073 1
0.678 0.1 1
0.654 0.117 1
0.619 0.037 1
0.57 0.08 1
0.649 0.08 1
0.625 0.028 1
0.556 0.034 1
0.565 0.09 1
0.573 0.055 1
0.568 0.101 1
0.639 0.028 1
0.6 0.095 1
0.576 0.043 1
0.582 0.045 1
0.62 0.113 1
0.607 0.106 1
0.589 0.026 1
0.642 0.06 1
0.576 0.102 1
0.605 0.035 1
0.565 0.074 1
0.614 0.046 1
0.6 0.083 1
0.572 0.048 1
0.594 0.021 1
0.557 0.097 1
0.601 0.104 1
0.559 0.069 1
0.608 0.056 1
0.569 0.041 1
0.606 0.095 1
0.607 0.083 1
0.557 0.039 1
0.627 0.025 1
0.632 0.024 1
0.571 0.109 1
0.648 0.08 1
0.626 0.043 1
0.619 0.022 1
0.559 0.068 1
0.56 0.108 1
0.632 0.083 1
0.571 0.023 1
0.628 0.048 1
0.636 0.12 1
0.608 0.079 1
0.611 0.076 1
0.567 0.078 1
0.559 0.095 1
0.605 0.054 1
0.562 0.08 1
0.608 0.119 1
0.61 0.083 1
0.606 0.104 1
0.61 0.052 1
0.586 0.107 1
0.557 0.104 1
0.62 0.03 1
0.618 0.115 1
0.649 0.094 1
0.618 0.026 1
0.582 0.102 1
0.615 0.064 1
0.637 0.066 1
0.579 0.027 1
0.581 0.093 1
0.616 0.109 1
0.565 0.096 1
0.647 0.092 1
0.568 0.056 1
0.613 0.045 1
0.625 0.075 1
0.62 0.052 1
0.608 0.031 1
0.609 0.073 1
0.566 0.12 1
0.56 0.105 1
0.571 0.047 1
0.574 0.04 1
0.592 0.094 1
0.593 0.101 1
0.6 0.058 1
0.607 0.039 1
0.584 0.068 1
0.561 0.055 1
0.618 0.047 1
0.6 0.047 1
0.564 0.109 1
0.599 0.049 1
0.597 0.041 1
0.632 0.097 1
0.563 0.112 1
0.585 0.035 1
0.585 0.102 1
0.592 0.087 1
0.632 0.06 1
0.58 0.111 1
0.559 0.116 1
0.575 0.038 1
0.569 0.116 1
0.627 0.115 1
0.635 0.105 1
0.681 0.194 1
0.772 0.231 1
0.73 0.149 1
0.763 0.171 1
0.722 0.17 1
0.774 0.168 1
0.678 0.16 1
0.729 0.217 1
0.753 0.18 1
0.767 0.215 1
0.685 0.186 1
0.772 0.214 1
0.772 0.144 1
0.754 0.192 1
0.691 0.188 1
0.74 0.192 1
0.74 0.21 1
0.715 0.178 1
0.739 0.142 1
0.725 0.187 1
0.743 0.156 1
0.763 0.144 1
0.733 0.146 1
0.764 0.204 1
0.703 0.139 1
0.747 0.151 1
0.745 0.232 1
0.734 0.192 1
0.68 0.219 1
0.775 0.223 1
0.684 0.157 1
0.723 0.132 1
0.749 0.194 1
0.718 0.167 1
0.716 0.194 1
0.706 0.219 1
0.685 0.134 1
0.758 0.175 1
0.758 0.169 1
0.691 0.212 1
0.765 0.15 1
0.762 0.171 1
0.766 0.221 1
0.694 0.205 1
0.754 0.195 1
0.679 0.21 1
0.764 0.134 1
0.705 0.174 1
0.771 0.139 1
0.733 0.198 1
0.687 0.19 1
0.723 0.132 1
0.726 0.213 1
0.726 0.151 1
0.725 0.189 1
0.714 0.149 1
0.714 0.156 1
0.693 0.218 1
0.769 0.145 1
0.7 0.17 1
0.741 0.18 1
0.742 0.205 1
0.774 0.21 1
0.777 0.134 1
0.681 0.142 1
0.701 0.144 1
0.734 0.204 1
0.746 0.232 1
0.762 0.211 1
0.701 0.225 1
0.687 0.207 1
0.695 0.213 1
0.728 0.197 1
0.724 0.152 1
0.739 0.194 1
0.707 0.225 1
0.716 0.202 1
0.749 0.165 1
0.706 0.21 1
0.752 0.165 1
0.699 0.189 1
0.726 0.132 1
0.775 0.16 1
0.703 0.199 1
0.77 0.207 1
0.75 0.17 1
0.755 0.154 1
0.73 0.144 1
0.762 0.138 1
0.722 0.192 1
0.72 0.232 1
0.774 0.228 1
0.744 0.207 1
0.688 0.191 1
0.708 0.2 1
0.697 0.184 1
0.771 0.152 1
0.711 0.167 1
0.776 0.208 1
0.745 0.225 1
0.879 0.118 1
0.808 0.132 1
0.824 0.157 1
0.798 0.177 1
0.88 0.184 1
0.874 0.132 1
0.849 0.114 1
0.87 0.156 1
0.8 0.129 1
0.858 0.156 1
0.8 0.149 1
0.864 0.172 1
0.865 0.185 1
0.845 0.117 1
0.877 0.094 1
0.89 0.104 1
0.851 0.098 1
0.853 0.155 1
0.877 0.183 1
0.867 0.141 1
0.796 0.14 1
0.883 0.147 1
0.859 0.092 1
0.861 0.129 1
0.832 0.178 1
0.819 0.162 1
0.89 0.107 1
0.837 0.096 1
0.817 0.143 1
0.815 0.187 1
0.829 0.186 1
0.8 0.107 1
0.83 0.093 1
0.878 0.114 1
0.872 0.179 1
0.889 0.18 1
0.799 0.168 1
0.874 0.091 1
0.85 0.163 1
0.836 0.093 1
0.856 0.132 1
0.881 0.12 1
0.833 0.136 1
0.812 0.149 1
0.817 0.12 1
0.807 0.108 1
0.851 0.113 1
0.88 0.118 1
0.833 0.152 1
0.823 0.107 1
0.795 0.096 1
0.836 0.172 1
0.836 0.112 1
0.866 0.124 1
0.889 0.127 1
0.798 0.163 1
0.807 0.138 1
0.872 0.172 1
0.826 0.121 1
0.845 0.141 1
0.865 0.161 1
0.82 0.123 1
0.814 0.105 1
0.821 0.137 1
0.836 0.097 1
0.808 0.105 1
0.849 0.174 1
0.837 0.116 1
0.821 0.131 1
0.86 0.117 1
0.83 0.103 1
0.883 0.132 1
0.815 0.141 1
0.852 0.182 1
0.882 0.142 1
0.88 0.125 1
0.807 0.143 1
0.845 0.103 1
0.818 0.143 1
0.86 0.137 1
0.892 0.136 1
0.854 0.156 1
0.814 0.189 1
0.883 0.158 1
0.867 0.13 1
0.824 0.151 1
0.799 0.147 1
0.881 0.131 1
0.887 0.097 1
0.873 0.091 1
0.846 0.138 1
0.845 0.118 1
0.879 0.129 1
0.849 0.162 1
0.847 0.123 1
0.809 0.181 1
0.842 0.158 1
0.798 0.106 1
0.856 0.114 1
0.818 0.129 1
0.912 0.154 1
0.925 0.123 1
0.894 0.067 1
0.91 0.083 1
0.911 0.154 1
0.887 0.125 1
0.863 0.125 1
0.935 0.132 1
0.92 0.07 1
0.877 0.072 1
0.931 0.076 1
0.84 0.099 1
0.908 0.114 1
0.936 0.072 1
0.903 0.151 1
0.881 0.133 1
0.906 0.134 1
0.915 0.101 1
0.868 0.082 1
0.856 0.126 1
0.843 0.07 1
0.926 0.147 1
0.932 0.119 1
0.887 0.1 1
0.895 0.156 1
0.864 0.091 1
0.931 0.108 1
0.927 0.086 1
0.931 0.069 1
0.879 0.158 1
0.894 0.077 1
0.861 0.112 1
0.936 0.11 1
0.867 0.115 1
0.841 0.1 1
0.915 0.137 1
0.857 0.088 1
0.88 0.094 1
0.932 0.082 1
0.876 0.165 1
0.913 0.144 1
0.927 0.117 1
0.909 0.137 1
0.875 0.084 1
0.869 0.101 1
0.878 0.123 1
0.862 0.101 1
0.916 0.145 1
0.932 0.105 1
0.908 0.143 1
0.867 0.129 1
0.849 0.162 1
0.919 0.137 1
0.882 0.104 1
0.88 0.117 1
0.875 0.11 1
0.86 0.105 1
0.856 0.111 1
0.852 0.082 1
0.906 0.075 1
0.919 0.156 1
0.935 0.114 1
0.936 0.116 1
0.84 0.086 1
0.879 0.068 1
0.84 0.129 1
0.914 0.086 1
0.931 0.162 1
0.902 0.131 1
0.843 0.16 1
0.887 0.147 1
0.862 0.152 1
0.861 0.119 1
0.849 0.153 1
0.933 0.091 1
0.848 0.126 1
0.926 0.143 1
0.871 0.133 1
0.842 0.097 1
0.866 0.138 1
0.875 0.104 1
0.878 0.156 1
0.848 0.146 1
0.903 0.086 1
0.863 0.091 1
0.867 0.079 1
0.843 0.097 1
0.929 0.098 1
0.916 0.105 1
0.909 0.097 1
0.908 0.099 1
0.877 0.095 1
0.891 0.131 1
0.932 0.162 1
0.854 0.139 1
0.898 0.111 1
0.87 0.123 1
0.863 0.16 1
0.865 0.068 1
0.86 0.134 1
0.662 0.306 1
0.623 0.269 1
0.69 0.254 1
0.658 0.286 1
0.668 0.212 1
0.642 0.22 1
0.644 0.24 1
0.664 0.239 1
0.604 0.288 1
0.655 0.302 1
0.662 0.265 1
0.632 0.259 1
0.68 0.263 1
0.629 0.239 1
0.61 0.229 1
0.659 0.268 1
0.656 0.275 1
0.684 0.305 1
0.653 0.246 1
0.689 0.249 1
0.628 0.227 1
0.668 0.286 1
0.637 0.224 1
0.636 0.307 1
0.683 0.304 1
0.645 0.285 1
0.657 0.279 1
0.673 0.252 1
0.674 0.242 1
0.662 0.212 1
0.634 0.24 1
0.689 0.289 1
0.605 0.268 1
0.662 0.262 1
0.631 0.272 1
0.659 0.298 1
0.69 0.235 1
0.616 0.285 1
0.643 0.235 1
0.687 0.31 1
0.662 0.254 1
0.656 0.229 1
0.643 0.293 1
0.605 0.29 1
0.616 0.237 1
0.692 0.261 1
0.678 0.277 1
0.688 0.23 1
0.687 0.296 1
0.632 0.278 1
0.65 0.294 1
0.646 0.296 1
0.618 0.298 1
0.664 0.231 1
0.616 0.24 1
0.628 0.229 1
0.645 0.291 1
0.601 0.269 1
0.603 0.232 1
0.657 0.253 1
0.623 0.247 1
0.607 0.273 1
0.654 0.239 1
0.636 0.225 1
0.619 0.267 1
0.653 0.273 1
0.69 0.262 1
0.608 0.292 1
0.69 0.214 1
0.615 0.226 1
0.666 0.225 1
0.672 0.249 1
0.683 0.228 1
0.628 0.293 1
0.612 0.229 1
0.698 0.276 1
0.635 0.235 1
0.691 0.253 1
0.636 0.259 1
0.633 0.223 1
0.68 0.235 1
0.651 0.269 1
0.661 0.257 1
0.647 0.224 1
0.641 0.231 1
0.604 0.212 1
0.641 0.211 1
0.614 0.259 1
0.605 0.233 1
0.615 0.29 1
0.63 0.273 1
0.632 0.303 1
0.618 0.31 1
0.633 0.288 1
0.644 0.298 1
0.627 0.254 1
0.634 0.214 1
0.69 0.274 1
0.661 0.243 1
0.605 0.3 1
