0.049 0.545 0
0.012 0.563 0
0.004 0.528 0
0.062 0.561 0
0.063 0.551 0
0.07 0.606 0
0.006 0.553 0
0.016 0.564 0
0.09 0.522 0
0.086 0.514 0
0.091 0.572 0
0.063 0.547 0
0.035 0.511 0
0.062 0.531 0
0.063 0.546 0
0.015 0.519 0
0.043 0.581 0
0.025 0.577 0
0.057 0.593 0
0.07 0.532 0
0.027 0.607 0
0.034 0.551 0
0.03 0.604 0
0.058 0.515 0
0.008 0.529 0
0.089 0.58 0
0.055 0.597 0
0.039 0.53 0
0.025 0.531 0
0.052 0.51 0
0.085 0.589 0
0.055 0.552 0
0.058 0.508 0
0.092 0.592 0
0.026 0.593 0
0.021 0.526 0
0.071 0.571 0
0.078 0.537 0
0.027 0.58 0
0.063 0.568 0
0.029 0.534 0
0.042 0.575 0
0.053 0.581 0
0.084 0.556 0
0.036 0.524 0
0.078 0.584 0
0.036 0.558 0
0.054 0.556 0
0.011 0.516 0
0.016 0.599 0
0.041 0.588 0
0.078 0.599 0
0.046 0.512 0
0.007 0.524 0
0.042 0.538 0
0.026 0.575 0
0.025 0.56 0
0.067 0.566 0
0.004 0.539 0
0.06 0.563 0
0.054 0.536 0
0.039 0.607 0
0.054 0.571 0
0.056 0.585 0
0.082 0.542 0
0.069 0.564 0
0.064 0.533 0
0.023 0.541 0
0.025 0.594 0
0.005 0.564 0
0.089 0.554 0
0.026 0.545 0
0.013 0.6 0
0.056 0.603 0
0.065 0.531 0
0.091 0.558 0
0.045 0.543 0
0.074 0.539 0
0.09 0.514 0
0.023 0.586 0
0.083 0.551 0
0.01 0.52 0
0.034 0.605 0
0.003 0.587 0
0.054 0.531 0
0.065 0.547 0
0.042 0.528 0
0.086 0.596 0
0.088 0.557 0
0.092 0.587 0
0.073 0.507 0
0.058 0.591 0
0.015 0.56 0
0.035 0.544 0
0.076 0.581 0
0.074 0.564 0
0.004 0.543 0
0.039 0.595 0
0.013 0.574 0
0.05 0.508 0
0.056 0.581 0
0.033 0.554 0
0.033 0.552 0
0.029 0.594 0
0.019 0.544 0
0.016 0.554 0
0.085 0.623 0
0.067 0.579 0
0.02 0.538 0
0.009 0.57 0
0.056 0.548 0
0.035 0.56 0
0.081 0.591 0
0.086 0.578 0
0.056 0.543 0
0.059 0.612 0
0.026 0.528 0
0.08 0.625 0
0.045 0.611 0
0.002 0.623 0
0.056 0.551 0
0.068 0.547 0
0.08 0.591 0
0.029 0.604 0
0.057 0.549 0
0.083 0.526 0
0.085 0.561 0
0.074 0.602 0
0.019 0.582 0
0.004 0.556 0
0.02 0.547 0
0.011 0.539 0
0.009 0.53 0
0.058 0.574 0
0.082 0.549 0
0.008 0.575 0
0.066 0.525 0
0.003 0.586 0
0.088 0.579 0
0.06 0.54 0
0.008 0.615 0
0.015 0.526 0
0.067 0.568 0
0.001 0.535 0
0.085 0.54 0
0.085 0.531 0
0.056 0.587 0
0.043 0.557 0
0.013 0.606 0
0.017 0.617 0
0.035 0.587 0
0.063 0.579 0
0.085 0.572 0
0.08 0.618 0
0.072 0.537 0
0.063 0.549 0
0.088 0.593 0
0.064 0.532 0
0.008 0.612 0
0.077 0.583 0
0.001 0.614 0
0.065 0.542 0
0.045 0.546 0
0.012 0.603 0
0.005 0.525 0
0.051 0.615 0
0.019 0.543 0
0.047 0.535 0
0.01 0.55 0
0.066 0.585 0
0.074 0.562 0
0.049 0.607 0
0.075 0.532 0
0.05 0.577 0
0.086 0.561 0
0.041 0.588 0
0.088 0.571 0
0.034 0.577 0
0.035 0.563 0
0.026 0.609 0
0.084 0.586 0
0.038 0.614 0
0.057 0.601 0
0.046 0.556 0
0.063 0.583 0
0.071 0.558 0
0.084 0.611 0
0.089 0.56 0
0.003 0.623 0
0.024 0.588 0
0.041 0.613 0
0.066 0.561 0
0.027 0.555 0
0.073 0.564 0
0.034 0.621 0
0.034 0.535 0
0.028 0.593 0
0.08 0.547 0
0.019 0.586 0
0.066 0.585 0
0.07 0.628 0
0.069 0.667 0
0.034 0.587 0
0.026 0.65 0
0.014 0.588 0
0.053 0.607 0
0.014 0.679 0
0.035 0.596 0
0.056 0.587 0
0.066 0.607 0
0.018 0.608 0
0.051 0.646 0
0.055 0.624 0
0.026 0.604 0
0.069 0.66 0
0.035 0.644 0
0.015 0.596 0
0.075 0.668 0
0.032 0.587 0
0.028 0.639 0
0.008 0.622 0
0.015 0.629 0
0.045 0.606 0
0.049 0.648 0
0.072 0.591 0
0.048 0.615 0
0.021 0.588 0
0.048 0.661 0
0.086 0.656 0
0.0 0.667 0
0.059 0.668 0
0.024 0.6 0
0.083 0.68 0
0.057 0.599 0
0.089 0.674 0
0.067 0.601 0
0.063 0.644 0
0.066 0.62 0
0.075 0.666 0
0.058 0.596 0
0.055 0.658 0
0.007 0.647 0
0.019 0.669 0
0.067 0.632 0
0.049 0.673 0
0.075 0.589 0
0.002 0.627 0
0.036 0.655 0
0.055 0.676 0
0.052 0.62 0
0.036 0.643 0
0.053 0.653 0
0.059 0.588 0
0.018 0.634 0
0.077 0.586 0
0.036 0.668 0
0.05 0.663 0
0.031 0.589 0
0.002 0.618 0
0.007 0.675 0
0.053 0.592 0
0.042 0.659 0
0.017 0.647 0
0.023 0.641 0
0.001 0.606 0
0.017 0.597 0
0.051 0.612 0
0.08 0.651 0
0.035 0.657 0
0.019 0.686 0
0.048 0.679 0
0.01 0.626 0
0.083 0.657 0
0.015 0.682 0
0.015 0.6 0
0.01 0.641 0
0.029 0.678 0
0.027 0.632 0
0.015 0.602 0
0.028 0.588 0
0.06 0.633 0
0.023 0.614 0
0.067 0.642 0
0.034 0.65 0
0.063 0.683 0
0.062 0.624 0
0.06 0.633 0
0.039 0.654 0
0.076 0.669 0
0.076 0.597 0
0.087 0.588 0
0.057 0.637 0
0.052 0.623 0
0.035 0.635 0
0.018 0.589 0
0.069 0.646 0
0.034 0.684 0
0.068 0.643 0
0.081 0.611 0
0.043 0.646 0
0.061 0.729 0
0.04 0.742 0
0.038 0.721 0
0.104 0.702 0
0.062 0.745 0
0.044 0.757 0
0.032 0.699 0
0.025 0.711 0
0.037 0.727 0
0.014 0.699 0
0.11 0.722 0
0.049 0.732 0
0.048 0.689 0
0.014 0.721 0
0.063 0.764 0
0.056 0.725 0
0.057 0.699 0
0.046 0.665 0
0.102 0.696 0
0.017 0.733 0
0.086 0.743 0
0.088 0.684 0
0.011 0.697 0
0.055 0.762 0
0.02 0.732 0
0.062 0.761 0
0.033 0.729 0
0.101 0.698 0
0.079 0.764 0
0.036 0.764 0
0.065 0.74 0
0.099 0.737 0
0.016 0.682 0
0.074 0.673 0
0.052 0.75 0
0.037 0.705 0
0.096 0.696 0
0.107 0.725 0
0.027 0.762 0
0.067 0.694 0
0.057 0.724 0
0.074 0.714 0
0.048 0.694 0
0.06 0.732 0
0.045 0.731 0
0.056 0.76 0
0.079 0.71 0
0.092 0.741 0
0.069 0.694 0
0.049 0.693 0
0.067 0.718 0
0.106 0.695 0
0.028 0.679 0
0.044 0.676 0
0.059 0.758 0
0.082 0.699 0
0.033 0.742 0
0.108 0.729 0
0.076 0.675 0
0.081 0.712 0
0.031 0.71 0
0.1 0.679 0
0.057 0.693 0
0.08 0.76 0
0.066 0.685 0
0.048 0.7 0
0.061 0.73 0
0.045 0.741 0
0.066 0.712 0
0.023 0.726 0
0.06 0.686 0
0.106 0.717 0
0.029 0.71 0
0.035 0.71 0
0.086 0.686 0
0.095 0.697 0
0.03 0.679 0
0.02 0.726 0
0.095 0.695 0
0.03 0.746 0
0.054 0.674 0
0.022 0.751 0
0.085 0.734 0
0.05 0.699 0
0.03 0.712 0
0.074 0.739 0
0.085 0.722 0
0.029 0.706 0
0.044 0.724 0
0.11 0.68 0
0.05 0.731 0
0.032 0.724 0
0.082 0.68 0
0.031 0.74 0
0.106 0.731 0
0.091 0.739 0
0.032 0.674 0
0.031 0.752 0
0.107 0.761 0
0.094 0.679 0
0.075 0.795 0
0.089 0.772 0
0.123 0.764 0
0.045 0.815 0
0.05 0.741 0
0.086 0.729 0
0.032 0.736 0
0.092 0.72 0
0.06 0.774 0
0.072 0.77 0
0.049 0.772 0
0.105 0.789 0
0.128 0.809 0
0.064 0.719 0
0.078 0.749 0
0.054 0.767 0
0.092 0.745 0
0.092 0.774 0
0.082 0.788 0
0.106 0.724 0
0.118 0.785 0
0.101 0.72 0
0.107 0.75 0
0.034 0.743 0
0.088 0.799 0
0.079 0.764 0
0.047 0.723 0
0.112 0.764 0
0.104 0.808 0
0.075 0.757 0
0.036 0.791 0
0.122 0.778 0
0.104 0.807 0
0.126 0.744 0
0.075 0.797 0
0.083 0.783 0
0.062 0.774 0
0.119 0.814 0
0.088 0.76 0
0.111 0.772 0
0.114 0.756 0
0.052 0.762 0
0.113 0.759 0
0.076 0.737 0
0.072 0.796 0
0.036 0.79 0
0.066 0.758 0
0.081 0.752 0
0.114 0.767 0
0.127 0.768 0
0.074 0.73 0
0.029 0.815 0
0.116 0.786 0
0.104 0.737 0
0.061 0.81 0
0.083 0.777 0
0.123 0.744 0
0.111 0.747 0
0.039 0.747 0
0.117 0.74 0
0.125 0.738 0
0.11 0.718 0
0.086 0.812 0
0.125 0.734 0
0.111 0.807 0
0.06 0.769 0
0.076 0.773 0
0.072 0.729 0
0.091 0.74 0
0.059 0.724 0
0.106 0.734 0
0.039 0.742 0
0.124 0.741 0
0.035 0.72 0
0.089 0.754 0
0.111 0.796 0
0.094 0.775 0
0.043 0.796 0
0.05 0.804 0
0.061 0.788 0
0.124 0.783 0
0.092 0.757 0
0.108 0.738 0
0.049 0.764 0
0.088 0.81 0
0.073 0.809 0
0.085 0.804 0
0.072 0.804 0
0.116 0.749 0
0.07 0.749 0
0.05 0.795 0
0.04 0.762 0
0.087 0.736 0
0.113 0.753 0
0.094 0.747 0
0.094 0.774 0
0.094 0.814 0
0.125 0.801 0
0.041 0.72 0
0.102 0.813 0
0.119 0.761 0
0.061 0.777 0
0.09 0.799 0
0.066 0.763 0
0.147 0.76 0
0.109 0.802 0
0.13 0.83 0
0.058 0.765 0
0.059 0.808 0
0.096 0.838 0
0.153 0.834 0
0.114 0.814 0
0.109 0.777 0
0.137 0.835 0
0.152 0.819 0
0.064 0.817 0
0.083 0.846 0
0.129 0.765 0
0.09 0.846 0
0.078 0.848 0
0.072 0.845 0
0.08 0.853 0
0.127 0.781 0
0.112 0.8 0
0.086 0.838 0
0.119 0.77 0
0.112 0.771 0
0.107 0.765 0
0.101 0.763 0
0.099 0.795 0
0.129 0.795 0
0.107 0.796 0
0.114 0.847 0
0.068 0.853 0
0.113 0.758 0
0.145 0.779 0
0.13 0.817 0
0.06 0.827 0
0.117 0.81 0
0.077 0.815 0
0.07 0.854 0
0.069 0.801 0
0.108 0.773 0
0.086 0.758 0
0.09 0.855 0
0.082 0.785 0
0.08 0.76 0
0.074 0.856 0
0.066 0.768 0
0.116 0.835 0
0.078 0.833 0
0.115 0.85 0
0.08 0.855 0
0.146 0.759 0
0.089 0.857 0
0.095 0.82 0
0.136 0.762 0
0.058 0.778 0
0.087 0.809 0
0.057 0.816 0
0.142 0.847 0
0.077 0.821 0
0.151 0.794 0
0.12 0.813 0
0.116 0.844 0
0.146 0.826 0
0.105 0.787 0
0.105 0.835 0
0.152 0.798 0
0.102 0.798 0
0.098 0.782 0
0.082 0.784 0
0.107 0.824 0
0.112 0.762 0
0.113 0.802 0
0.061 0.854 0
0.121 0.819 0
0.139 0.771 0
0.081 0.81 0
0.114 0.844 0
0.104 0.839 0
0.06 0.806 0
0.063 0.792 0
0.137 0.824 0
0.113 0.796 0
0.09 0.795 0
0.096 0.832 0
0.133 0.808 0
0.073 0.843 0
0.123 0.763 0
0.058 0.825 0
0.119 0.79 0
0.151 0.835 0
0.125 0.771 0
0.139 0.786 0
0.117 0.807 0
0.073 0.807 0
0.057 0.829 0
0.094 0.763 0
0.092 0.774 0
0.146 0.86 0
0.188 0.814 0
0.183 0.863 0
0.15 0.822 0
0.19 0.849 0
0.093 0.858 0
0.12 0.903 0
0.167 0.877 0
0.141 0.845 0
0.11 0.883 0
0.191 0.861 0
0.149 0.902 0
0.131 0.811 0
0.11 0.844 0
0.095 0.831 0
0.096 0.905 0
0.133 0.825 0
0.178 0.898 0
0.151 0.821 0
0.12 0.872 0
0.167 0.902 0
0.122 0.886 0
0.15 0.821 0
0.098 0.846 0
0.145 0.832 0
0.185 0.817 0
0.112 0.874 0
0.14 0.877 0
0.182 0.822 0
0.153 0.843 0
0.116 0.852 0
0.191 0.834 0
0.174 0.841 0
0.091 0.904 0
0.109 0.843 0
0.183 0.88 0
0.101 0.832 0
0.177 0.902 0
0.116 0.853 0
0.121 0.832 0
0.177 0.859 0
0.151 0.863 0
0.093 0.809 0
0.184 0.897 0
0.187 0.906 0
0.11 0.824 0
0.175 0.815 0
0.097 0.851 0
0.17 0.827 0
0.138 0.808 0
0.14 0.812 0
0.11 0.868 0
0.152 0.813 0
0.106 0.887 0
0.127 0.812 0
0.109 0.823 0
0.166 0.831 0
0.135 0.827 0
0.093 0.889 0
0.13 0.824 0
0.182 0.856 0
0.188 0.888 0
0.146 0.845 0
0.123 0.808 0
0.133 0.903 0
0.163 0.851 0
0.162 0.838 0
0.12 0.87 0
0.128 0.904 0
0.178 0.902 0
0.167 0.84 0
0.111 0.882 0
0.166 0.867 0
0.135 0.881 0
0.17 0.853 0
0.107 0.878 0
0.139 0.824 0
0.13 0.834 0
0.159 0.894 0
0.126 0.857 0
0.1 0.852 0
0.12 0.82 0
0.174 0.842 0
0.124 0.84 0
0.157 0.835 0
0.147 0.882 0
0.17 0.832 0
0.106 0.848 0
0.167 0.875 0
0.191 0.829 0
0.188 0.863 0
0.164 0.816 0
0.114 0.836 0
0.125 0.889 0
0.161 0.811 0
0.144 0.807 0
0.113 0.849 0
0.128 0.892 0
0.091 0.891 0
0.101 0.822 0
0.197 0.883 0
0.244 0.895 0
0.179 0.935 0
0.188 0.873 0
0.206 0.917 0
0.243 0.925 0
0.234 0.866 0
0.209 0.899 0
0.261 0.845 0
0.26 0.914 0
0.235 0.843 0
0.232 0.857 0
0.232 0.915 0
0.216 0.906 0
0.167 0.895 0
0.238 0.917 0
0.209 0.93 0
0.201 0.879 0
0.266 0.933 0
0.231 0.879 0
0.166 0.889 0
0.186 0.866 0
0.264 0.852 0
0.222 0.911 0
0.251 0.932 0
0.201 0.887 0
0.19 0.887 0
0.245 0.842 0
0.186 0.907 0
0.199 0.868 0
0.218 0.863 0
0.168 0.91 0
0.257 0.84 0
0.199 0.895 0
0.2 0.86 0
0.175 0.897 0
0.169 0.924 0
0.218 0.915 0
0.204 0.874 0
0.199 0.892 0
0.174 0.862 0
0.215 0.926 0
0.21 0.889 0
0.261 0.905 0
0.21 0.911 0
0.264 0.838 0
0.235 0.881 0
0.223 0.854 0
0.196 0.93 0
0.238 0.896 0
0.237 0.88 0
0.246 0.863 0
0.172 0.883 0
0.246 0.883 0
0.266 0.932 0
0.184 0.874 0
0.184 0.899 0
0.214 0.858 0
0.179 0.921 0
0.204 0.882 0
0.217 0.866 0
0.167 0.858 0
0.234 0.878 0
0.234 0.891 0
0.229 0.867 0
0.203 0.844 0
0.223 0.904 0
0.212 0.913 0
0.168 0.935 0
0.196 0.918 0
0.191 0.841 0
0.236 0.906 0
0.217 0.858 0
0.205 0.932 0
0.195 0.871 0
0.178 0.934 0
0.212 0.85 0
0.196 0.847 0
0.24 0.9 0
0.257 0.874 0
0.26 0.914 0
0.246 0.843 0
0.262 0.839 0
0.197 0.881 0
0.207 0.858 0
0.262 0.845 0
0.213 0.875 0
0.247 0.894 0
0.171 0.902 0
0.176 0.838 0
0.172 0.838 0
0.191 0.844 0
0.178 0.918 0
0.232 0.853 0
0.206 0.899 0
0.176 0.872 0
0.188 0.892 0
0.239 0.914 0
0.255 0.864 0
0.175 0.873 0
0.21 0.897 0
0.277 0.93 0
0.25 0.932 0
0.268 0.871 0
0.256 0.869 0
0.209 0.874 0
0.255 0.899 0
0.296 0.93 0
0.282 0.852 0
0.299 0.926 0
0.256 0.846 0
0.232 0.88 0
0.302 0.913 0
0.286 0.935 0
0.255 0.882 0
0.289 0.892 0
0.297 0.875 0
0.253 0.925 0
0.261 0.919 0
0.279 0.882 0
0.231 0.943 0
0.233 0.924 0
0.228 0.918 0
0.307 0.938 0
0.274 0.92 0
0.288 0.897 0
0.243 0.942 0
0.306 0.857 0
0.302 0.932 0
0.275 0.916 0
0.244 0.879 0
0.275 0.861 0
0.285 0.915 0
0.304 0.88 0
0.213 0.92 0
0.224 0.886 0
0.28 0.876 0
0.225 0.934 0
0.23 0.917 0
0.256 0.904 0
0.235 0.919 0
0.283 0.888 0
0.229 0.929 0
0.213 0.915 0
0.235 0.872 0
0.268 0.906 0
0.261 0.937 0
0.269 0.845 0
0.24 0.902 0
0.212 0.862 0
0.23 0.927 0
0.291 0.882 0
0.214 0.886 0
0.228 0.908 0
0.308 0.898 0
0.243 0.919 0
0.262 0.915 0
0.269 0.885 0
0.291 0.915 0
0.295 0.886 0
0.292 0.846 0
0.209 0.865 0
0.294 0.927 0
0.249 0.845 0
0.308 0.866 0
0.291 0.87 0
0.292 0.926 0
0.303 0.888 0
0.244 0.911 0
0.209 0.915 0
0.308 0.941 0
0.301 0.931 0
0.215 0.913 0
0.284 0.9 0
0.279 0.876 0
0.273 0.939 0
0.274 0.881 0
0.274 0.866 0
0.276 0.938 0
0.246 0.859 0
0.242 0.895 0
0.268 0.919 0
0.234 0.86 0
0.268 0.86 0
0.284 0.896 0
0.25 0.871 0
0.258 0.919 0
0.266 0.905 0
0.303 0.891 0
0.239 0.847 0
0.303 0.875 0
0.265 0.883 0
0.229 0.914 0
0.226 0.849 0
0.265 0.91 0
0.215 0.852 0
0.268 0.882 0
0.212 0.88 0
0.227 0.881 0
0.303 0.872 0
0.303 0.85 0
0.384 0.9 0
0.343 0.914 0
0.374 0.881 0
0.296 0.893 0
0.372 0.896 0
0.292 0.911 0
0.315 0.941 0
0.349 0.918 0
0.339 0.894 0
0.3 0.939 0
0.378 0.852 0
0.358 0.914 0
0.377 0.849 0
0.336 0.934 0
0.294 0.925 0
0.29 0.923 0
0.327 0.916 0
0.305 0.861 0
0.347 0.86 0
0.386 0.931 0
0.386 0.922 0
0.31 0.859 0
0.384 0.878 0
0.354 0.862 0
0.341 0.898 0
0.306 0.853 0
0.305 0.87 0
0.357 0.871 0
0.31 0.862 0
0.374 0.874 0
0.317 0.877 0
0.34 0.934 0
0.321 0.946 0
0.349 0.928 0
0.365 0.93 0
0.377 0.886 0
0.316 0.881 0
0.37 0.877 0
0.377 0.897 0
0.343 0.88 0
0.327 0.916 0
0.343 0.926 0
0.341 0.862 0
0.35 0.863 0
0.314 0.921 0
0.308 0.857 0
0.383 0.929 0
0.369 0.912 0
0.358 0.88 0
0.327 0.897 0
0.368 0.861 0
0.39 0.873 0
0.317 0.86 0
0.321 0.928 0
0.297 0.866 0
0.3 0.906 0
0.323 0.877 0
0.313 0.914 0
0.358 0.929 0
0.362 0.849 0
0.319 0.903 0
0.354 0.872 0
0.327 0.909 0
0.375 0.907 0
0.361 0.936 0
0.373 0.865 0
0.305 0.886 0
0.39 0.864 0
0.328 0.907 0
0.367 0.926 0
0.379 0.925 0
0.292 0.903 0
0.292 0.928 0
0.384 0.876 0
0.336 0.905 0
0.35 0.878 0
0.347 0.877 0
0.3 0.92 0
0.357 0.917 0
0.352 0.857 0
0.376 0.948 0
0.364 0.929 0
0.369 0.941 0
0.317 0.942 0
0.345 0.901 0
0.342 0.852 0
0.334 0.946 0
0.313 0.881 0
0.357 0.916 0
0.306 0.855 0
0.361 0.905 0
0.346 0.853 0
0.351 0.874 0
0.313 0.92 0
0.308 0.932 0
0.372 0.879 0
0.313 0.869 0
0.316 0.907 0
0.316 0.94 0
0.412 0.923 0
0.368 0.891 0
0.388 0.907 0
0.382 0.918 0
0.38 0.862 0
0.342 0.935 0
0.408 0.916 0
0.403 0.914 0
0.368 0.922 0
0.375 0.908 0
0.382 0.836 0
0.342 0.884 0
0.423 0.933 0
0.346 0.907 0
0.332 0.89 0
0.401 0.901 0
0.407 0.933 0
0.422 0.868 0
0.386 0.897 0
0.404 0.931 0
0.385 0.842 0
0.34 0.866 0
0.379 0.878 0
0.396 0.847 0
0.391 0.907 0
0.382 0.874 0
0.371 0.882 0
0.329 0.918 0
0.38 0.851 0
0.423 0.871 0
0.377 0.931 0
0.34 0.909 0
0.33 0.842 0
0.376 0.889 0
0.363 0.928 0
0.42 0.85 0
0.363 0.843 0
0.424 0.871 0
0.402 0.866 0
0.344 0.931 0
0.418 0.851 0
0.357 0.859 0
0.41 0.876 0
0.392 0.907 0
0.408 0.843 0
0.34 0.873 0
0.361 0.931 0
0.343 0.885 0
0.37 0.917 0
0.361 0.88 0
0.336 0.933 0
0.379 0.893 0
0.415 0.915 0
0.374 0.911 0
0.337 0.866 0
0.373 0.856 0
0.404 0.836 0
0.405 0.893 0
0.414 0.899 0
0.374 0.929 0
0.349 0.904 0
0.353 0.877 0
0.364 0.927 0
0.369 0.846 0
0.335 0.92 0
0.343 0.856 0
0.384 0.915 0
0.329 0.848 0
0.41 0.887 0
0.4 0.912 0
0.338 0.874 0
0.383 0.887 0
0.402 0.849 0
0.361 0.881 0
0.382 0.893 0
0.419 0.879 0
0.404 0.915 0
0.377 0.866 0
0.388 0.902 0
0.415 0.873 0
0.4 0.916 0
0.329 0.853 0
0.371 0.899 0
0.366 0.846 0
0.338 0.861 0
0.345 0.935 0
0.346 0.908 0
0.373 0.88 0
0.424 0.925 0
0.422 0.931 0
0.401 0.856 0
0.379 0.856 0
0.405 0.909 0
0.405 0.881 0
0.424 0.905 0
0.37 0.878 0
0.328 0.857 0
0.375 0.904 0
0.337 0.875 0
0.377 0.845 0
0.372 0.914 0
0.37 0.853 0
0.355 0.882 0
0.438 0.882 0
0.364 0.83 0
0.386 0.888 0
0.406 0.879 0
0.376 0.872 0
0.411 0.91 0
0.441 0.9 0
0.379 0.847 0
0.382 0.849 0
0.414 0.861 0
0.387 0.895 0
0.369 0.889 0
0.439 0.854 0
0.421 0.846 0
0.414 0.826 0
0.378 0.898 0
0.39 0.876 0
0.398 0.878 0
0.432 0.825 0
0.392 0.822 0
0.408 0.864 0
0.413 0.865 0
0.441 0.852 0
0.426 0.816 0
0.387 0.825 0
0.365 0.909 0
0.402 0.827 0
0.415 0.88 0
0.447 0.821 0
0.371 0.876 0
0.441 0.86 0
0.362 0.902 0
0.445 0.864 0
0.374 0.899 0
0.393 0.914 0
0.391 0.832 0
0.424 0.903 0
0.41 0.872 0
0.404 0.913 0
0.428 0.841 0
0.395 0.912 0
0.368 0.906 0
0.399 0.832 0
0.381 0.865 0
0.444 0.838 0
0.377 0.888 0
0.371 0.896 0
0.43 0.839 0
0.443 0.896 0
0.374 0.856 0
0.42 0.842 0
0.364 0.822 0
0.399 0.831 0
0.432 0.814 0
0.398 0.825 0
0.446 0.866 0
0.421 0.863 0
0.427 0.865 0
0.416 0.883 0
0.394 0.887 0
0.372 0.854 0
0.401 0.817 0
0.399 0.823 0
0.369 0.873 0
0.349 0.839 0
0.401 0.843 0
0.378 0.902 0
0.388 0.885 0
0.399 0.887 0
0.434 0.845 0
0.408 0.854 0
0.437 0.87 0
0.429 0.867 0
0.382 0.897 0
0.421 0.836 0
0.363 0.836 0
0.394 0.9 0
0.416 0.88 0
0.409 0.855 0
0.437 0.891 0
0.388 0.879 0
0.391 0.906 0
0.352 0.905 0
0.357 0.868 0
0.397 0.899 0
0.358 0.878 0
0.442 0.824 0
0.4 0.868 0
0.354 0.849 0
0.381 0.838 0
0.381 0.822 0
0.441 0.868 0
0.422 0.852 0
0.368 0.885 0
0.382 0.831 0
0.4 0.891 0
0.356 0.867 0
0.424 0.878 0
0.377 0.802 0
0.397 0.79 0
0.468 0.787 0
0.439 0.811 0
0.399 0.836 0
0.42 0.817 0
0.405 0.877 0
0.392 0.825 0
0.408 0.858 0
0.388 0.803 0
0.46 0.811 0
0.462 0.782 0
0.471 0.855 0
0.416 0.811 0
0.47 0.849 0
0.466 0.803 0
0.397 0.837 0
0.446 0.856 0
0.432 0.803 0
0.405 0.835 0
0.45 0.792 0
0.454 0.84 0
0.445 0.785 0
0.452 0.795 0
0.424 0.792 0
0.376 0.801 0
0.435 0.839 0
0.388 0.798 0
0.392 0.821 0
0.389 0.817 0
0.393 0.839 0
0.388 0.827 0
0.472 0.834 0
0.418 0.814 0
0.456 0.869 0
0.434 0.838 0
0.448 0.826 0
0.452 0.829 0
0.459 0.825 0
0.457 0.837 0
0.372 0.855 0
0.4 0.803 0
0.455 0.807 0
0.448 0.806 0
0.455 0.78 0
0.44 0.81 0
0.402 0.786 0
0.462 0.833 0
0.412 0.788 0
0.418 0.809 0
0.427 0.812 0
0.373 0.849 0
0.427 0.865 0
0.437 0.825 0
0.424 0.835 0
0.465 0.827 0
0.469 0.851 0
0.466 0.836 0
0.386 0.859 0
0.391 0.866 0
0.412 0.878 0
0.466 0.873 0
0.448 0.841 0
0.445 0.789 0
0.425 0.822 0
0.461 0.82 0
0.411 0.862 0
0.375 0.853 0
0.388 0.861 0
0.386 0.852 0
0.439 0.838 0
0.463 0.84 0
0.395 0.857 0
0.38 0.848 0
0.392 0.857 0
0.459 0.874 0
0.391 0.823 0
0.427 0.851 0
0.384 0.791 0
0.389 0.878 0
0.388 0.815 0
0.465 0.83 0
0.407 0.86 0
0.411 0.813 0
0.407 0.816 0
0.375 0.867 0
0.396 0.83 0
0.44 0.835 0
0.426 0.846 0
0.385 0.858 0
0.448 0.815 0
0.382 0.783 0
0.376 0.868 0
0.398 0.858 0
0.432 0.815 0
0.407 0.856 0
0.45 0.828 0
0.459 0.801 0
0.378 0.879 0
0.444 0.738 0
0.477 0.76 0
0.483 0.753 0
0.449 0.792 0
0.443 0.75 0
0.453 0.799 0
0.407 0.804 0
0.493 0.783 0
0.44 0.767 0
0.425 0.752 0
0.446 0.794 0
0.465 0.761 0
0.463 0.82 0
0.459 0.828 0
0.463 0.824 0
0.48 0.805 0
0.44 0.758 0
0.49 0.774 0
0.446 0.791 0
0.438 0.754 0
0.452 0.753 0
0.425 0.749 0
0.43 0.798 0
0.396 0.738 0
0.415 0.789 0
0.41 0.747 0
0.484 0.786 0
0.466 0.76 0
0.427 0.808 0
0.461 0.802 0
0.417 0.822 0
0.455 0.736 0
0.459 0.793 0
0.398 0.782 0
0.484 0.744 0
0.436 0.833 0
0.493 0.804 0
0.448 0.767 0
0.424 0.772 0
0.413 0.829 0
0.464 0.74 0
0.45 0.773 0
0.437 0.773 0
0.424 0.776 0
0.476 0.773 0
0.46 0.818 0
0.464 0.812 0
0.403 0.779 0
0.49 0.834 0
0.455 0.818 0
0.467 0.818 0
0.475 0.786 0
0.493 0.759 0
0.46 0.828 0
0.422 0.79 0
0.453 0.761 0
0.463 0.773 0
0.48 0.825 0
0.462 0.774 0
0.492 0.753 0
0.467 0.792 0
0.426 0.771 0
0.413 0.805 0
0.43 0.815 0
0.405 0.804 0
0.408 0.789 0
0.417 0.779 0
0.399 0.833 0
0.438 0.817 0
0.4 0.807 0
0.44 0.83 0
0.483 0.833 0
0.49 0.753 0
0.438 0.739 0
0.49 0.816 0
0.408 0.793 0
0.447 0.759 0
0.467 0.802 0
0.463 0.802 0
0.411 0.801 0
0.397 0.741 0
0.425 0.833 0
0.439 0.807 0
0.422 0.794 0
0.461 0.782 0
0.463 0.786 0
0.435 0.834 0
0.459 0.808 0
0.485 0.743 0
0.472 0.746 0
0.433 0.75 0
0.491 0.825 0
0.421 0.79 0
0.49 0.749 0
0.477 0.795 0
0.408 0.829 0
0.395 0.813 0
0.404 0.758 0
0.457 0.78 0
0.468 0.773 0
0.5 0.763 0
0.428 0.697 0
0.442 0.703 0
0.491 0.69 0
0.437 0.693 0
0.495 0.744 0
0.427 0.767 0
0.454 0.778 0
0.419 0.781 0
0.498 0.74 0
0.495 0.756 0
0.484 0.778 0
0.424 0.734 0
0.453 0.707 0
0.469 0.701 0
0.48 0.689 0
0.463 0.727 0
0.486 0.689 0
0.469 0.739 0
0.434 0.742 0
0.491 0.749 0
0.503 0.776 0
0.423 0.687 0
0.491 0.687 0
0.436 0.686 0
0.446 0.774 0
0.407 0.733 0
0.444 0.716 0
0.485 0.691 0
0.489 0.696 0
0.452 0.739 0
0.456 0.752 0
0.481 0.773 0
0.491 0.754 0
0.5 0.725 0
0.423 0.753 0
0.472 0.774 0
0.45 0.762 0
0.437 0.755 0
0.455 0.722 0
0.407 0.697 0
0.418 0.686 0
0.47 0.699 0
0.41 0.766 0
0.419 0.759 0
0.414 0.767 0
0.407 0.778 0
0.45 0.695 0
0.475 0.684 0
0.431 0.722 0
0.468 0.69 0
0.477 0.714 0
0.432 0.731 0
0.438 0.699 0
0.48 0.778 0
0.473 0.75 0
0.423 0.73 0
0.443 0.737 0
0.489 0.701 0
0.431 0.693 0
0.453 0.739 0
0.444 0.77 0
0.453 0.692 0
0.408 0.748 0
0.486 0.713 0
0.496 0.728 0
0.42 0.684 0
0.428 0.772 0
0.46 0.726 0
0.462 0.751 0
0.432 0.779 0
0.489 0.767 0
0.461 0.747 0
0.483 0.688 0
0.424 0.777 0
0.455 0.76 0
0.485 0.687 0
0.457 0.744 0
0.463 0.777 0
0.466 0.722 0
0.44 0.693 0
0.469 0.749 0
0.437 0.782 0
0.449 0.712 0
0.413 0.721 0
0.423 0.73 0
0.475 0.712 0
0.412 0.737 0
0.488 0.703 0
0.495 0.698 0
0.499 0.683 0
0.502 0.693 0
0.492 0.767 0
0.497 0.744 0
0.454 0.746 0
0.438 0.768 0
0.431 0.701 0
0.483 0.77 0
0.454 0.705 0
0.48 0.697 0
0.454 0.689 0
0.425 0.718 0
0.492 0.658 0
0.449 0.696 0
0.476 0.707 0
0.472 0.694 0
0.457 0.703 0
0.459 0.729 0
0.44 0.682 0
0.5 0.655 0
0.485 0.652 0
0.445 0.663 0
0.484 0.679 0
0.436 0.69 0
0.496 0.667 0
0.498 0.645 0
0.468 0.709 0
0.502 0.648 0
0.437 0.678 0
0.485 0.679 0
0.504 0.68 0
0.447 0.722 0
0.459 0.673 0
0.5 0.634 0
0.43 0.685 0
0.468 0.65 0
0.472 0.661 0
0.442 0.653 0
0.493 0.637 0
0.473 0.653 0
0.433 0.7 0
0.446 0.678 0
0.487 0.654 0
0.44 0.647 0
0.5 0.658 0
0.433 0.67 0
0.487 0.725 0
0.423 0.721 0
0.458 0.668 0
0.505 0.665 0
0.484 0.648 0
0.459 0.667 0
0.465 0.688 0
0.427 0.672 0
0.507 0.632 0
0.471 0.725 0
0.423 0.705 0
0.496 0.647 0
0.476 0.71 0
0.457 0.642 0
0.495 0.712 0
0.471 0.687 0
0.444 0.726 0
0.431 0.715 0
0.479 0.721 0
0.426 0.656 0
0.456 0.634 0
0.488 0.695 0
0.451 0.698 0
0.415 0.629 0
0.481 0.676 0
0.493 0.713 0
0.412 0.703 0
0.503 0.694 0
0.459 0.669 0
0.51 0.651 0
0.492 0.635 0
0.467 0.639 0
0.422 0.69 0
0.442 0.678 0
0.459 0.712 0
0.507 0.649 0
0.456 0.66 0
0.487 0.724 0
0.452 0.69 0
0.472 0.726 0
0.447 0.71 0
0.465 0.65 0
0.431 0.643 0
0.419 0.722 0
0.508 0.637 0
0.455 0.705 0
0.47 0.651 0
0.465 0.657 0
0.492 0.72 0
0.459 0.693 0
0.442 0.651 0
0.482 0.665 0
0.434 0.689 0
0.43 0.639 0
0.453 0.724 0
0.482 0.69 0
0.457 0.687 0
0.473 0.667 0
0.5 0.7 0
0.446 0.68 0
0.437 0.667 0
0.503 0.712 0
0.467 0.642 0
0.482 0.632 0
0.478 0.621 0
0.494 0.609 0
0.48 0.621 0
0.496 0.649 0
0.482 0.596 0
0.425 0.616 0
0.421 0.642 0
0.436 0.645 0
0.465 0.66 0
0.478 0.592 0
0.413 0.625 0
0.419 0.607 0
0.482 0.66 0
0.486 0.676 0
0.484 0.674 0
0.439 0.681 0
0.441 0.657 0
0.423 0.639 0
0.428 0.684 0
0.412 0.591 0
0.448 0.613 0
0.44 0.597 0
0.42 0.602 0
0.426 0.673 0
0.476 0.678 0
0.508 0.589 0
0.425 0.641 0
0.437 0.599 0
0.439 0.641 0
0.461 0.597 0
0.412 0.592 0
0.429 0.682 0
0.511 0.633 0
0.508 0.633 0
0.464 0.672 0
0.457 0.645 0
0.511 0.641 0
0.421 0.587 0
0.482 0.672 0
0.419 0.605 0
0.436 0.59 0
0.484 0.659 0
0.422 0.633 0
0.426 0.595 0
0.496 0.66 0
0.419 0.667 0
0.51 0.617 0
0.485 0.591 0
0.45 0.589 0
0.443 0.663 0
0.443 0.668 0
0.467 0.666 0
0.492 0.619 0
0.424 0.664 0
0.464 0.679 0
0.431 0.623 0
0.458 0.668 0
0.426 0.588 0
0.465 0.681 0
0.5 0.665 0
0.432 0.604 0
0.422 0.64 0
0.423 0.642 0
0.48 0.589 0
0.449 0.63 0
0.425 0.596 0
0.486 0.672 0
0.426 0.652 0
0.467 0.653 0
0.5 0.597 0
0.416 0.659 0
0.475 0.588 0
0.435 0.635 0
0.504 0.655 0
0.459 0.655 0
0.414 0.591 0
0.506 0.59 0
0.439 0.616 0
0.462 0.672 0
0.508 0.616 0
0.44 0.685 0
0.437 0.682 0
0.499 0.608 0
0.47 0.682 0
0.507 0.657 0
0.415 0.606 0
0.416 0.658 0
0.426 0.601 0
0.511 0.613 0
0.475 0.669 0
0.421 0.66 0
0.498 0.625 0
0.51 0.636 0
0.51 0.591 0
0.454 0.634 0
0.489 0.63 0
0.469 0.684 0
0.471 0.642 0
0.487 0.66 0
0.446 0.64 0
0.49 0.623 0
0.51 0.549 0
0.43 0.616 0
0.458 0.588 0
0.453 0.609 0
0.42 0.586 0
0.498 0.604 0
0.443 0.625 0
0.485 0.622 0
0.478 0.591 0
0.437 0.623 0
0.459 0.606 0
0.507 0.614 0
0.479 0.619 0
0.515 0.637 0
0.455 0.572 0
0.493 0.548 0
0.45 0.54 0
0.481 0.579 0
0.447 0.622 0
0.462 0.558 0
0.511 0.562 0
0.492 0.577 0
0.513 0.555 0
0.424 0.581 0
0.449 0.566 0
0.496 0.583 0
0.435 0.584 0
0.424 0.624 0
0.471 0.615 0
0.51 0.63 0
0.509 0.579 0
0.508 0.559 0
0.463 0.548 0
0.44 0.575 0
0.453 0.605 0
0.468 0.618 0
0.446 0.622 0
0.491 0.633 0
0.443 0.626 0
0.496 0.632 0
0.482 0.587 0
0.438 0.596 0
0.499 0.59 0
0.46 0.604 0
0.513 0.543 0
0.484 0.549 0
0.418 0.62 0
0.453 0.57 0
0.467 0.634 0
0.491 0.579 0
0.438 0.552 0
0.475 0.553 0
0.458 0.548 0
0.515 0.602 0
0.424 0.553 0
0.497 0.627 0
0.456 0.624 0
0.449 0.6 0
0.485 0.574 0
0.472 0.611 0
0.505 0.54 0
0.438 0.627 0
0.505 0.568 0
0.449 0.538 0
0.463 0.562 0
0.503 0.601 0
0.494 0.611 0
0.425 0.608 0
0.494 0.561 0
0.491 0.591 0
0.518 0.626 0
0.466 0.563 0
0.425 0.572 0
0.458 0.57 0
0.43 0.602 0
0.455 0.575 0
0.482 0.602 0
0.465 0.555 0
0.491 0.547 0
0.427 0.562 0
0.428 0.622 0
0.453 0.618 0
0.421 0.625 0
0.504 0.549 0
0.471 0.612 0
0.428 0.549 0
0.419 0.538 0
0.516 0.617 0
0.472 0.556 0
0.516 0.63 0
0.437 0.613 0
0.512 0.577 0
0.448 0.57 0
0.503 0.545 0
0.498 0.588 0
0.497 0.589 0
0.474 0.603 0
0.465 0.558 0
0.453 0.589 0
0.935 0.586 1
0.95 0.574 1
0.964 0.571 1
0.967 0.603 1
0.926 0.633 1
0.94 0.647 1
0.883 0.552 1
0.94 0.559 1
0.893 0.626 1
0.91 0.562 1
0.945 0.593 1
0.909 0.623 1
0.959 0.574 1
0.946 0.63 1
0.965 0.59 1
0.898 0.568 1
0.96 0.612 1
0.881 0.607 1
0.96 0.646 1
0.93 0.639 1
0.942 0.566 1
0.955 0.65 1
0.934 0.58 1
0.877 0.63 1
0.891 0.593 1
0.915 0.597 1
0.924 0.602 1
0.877 0.614 1
0.895 0.564 1
0.946 0.576 1
0.926 0.556 1
0.878 0.629 1
0.921 0.552 1
0.975 0.563 1
0.876 0.626 1
0.875 0.631 1
0.882 0.639 1
0.918 0.582 1
0.942 0.578 1
0.938 0.644 1
0.882 0.604 1
0.962 0.632 1
0.906 0.618 1
0.888 0.613 1
0.914 0.586 1
0.945 0.576 1
0.966 0.636 1
0.918 0.628 1
0.889 0.639 1
0.931 0.594 1
0.975 0.625 1
0.952 0.599 1
0.936 0.597 1
0.902 0.568 1
0.948 0.626 1
0.908 0.587 1
0.89 0.61 1
0.906 0.618 1
0.97 0.631 1
0.929 0.567 1
0.974 0.641 1
0.907 0.615 1
0.927 0.609 1
0.903 0.619 1
0.929 0.638 1
0.891 0.6 1
0.951 0.625 1
0.912 0.58 1
0.934 0.591 1
0.945 0.599 1
0.952 0.555 1
0.913 0.587 1
0.947 0.64 1
0.895 0.631 1
0.883 0.599 1
0.931 0.567 1
0.89 0.611 1
0.892 0.574 1
0.967 0.611 1
0.877 0.572 1
0.958 0.562 1
0.895 0.578 1
0.955 0.573 1
0.92 0.593 1
0.969 0.55 1
0.925 0.607 1
0.948 0.617 1
0.957 0.563 1
0.927 0.586 1
0.95 0.555 1
0.905 0.634 1
0.939 0.599 1
0.877 0.635 1
0.912 0.564 1
0.914 0.624 1
0.913 0.621 1
0.879 0.608 1
0.888 0.636 1
0.962 0.613 1
0.936 0.635 1
0.872 0.458 1
0.944 0.454 1
0.877 0.412 1
0.916 0.454 1
0.931 0.494 1
0.938 0.449 1
0.93 0.43 1
0.909 0.42 1
0.957 0.449 1
0.967 0.442 1
0.955 0.486 1
0.877 0.434 1
0.912 0.502 1
0.914 0.477 1
0.93 0.45 1
0.918 0.447 1
0.955 0.428 1
0.953 0.435 1
0.907 0.488 1
0.894 0.43 1
0.896 0.412 1
0.92 0.483 1
0.933 0.499 1
0.879 0.421 1
0.902 0.485 1
0.891 0.43 1
0.912 0.503 1
0.943 0.453 1
0.88 0.488 1
0.874 0.432 1
0.884 0.477 1
0.876 0.504 1
0.959 0.45 1
0.9 0.498 1
0.881 0.49 1
0.911 0.416 1
0.885 0.483 1
0.918 0.428 1
0.906 0.443 1
0.954 0.472 1
0.949 0.443 1
0.919 0.421 1
0.922 0.435 1
0.903 0.447 1
0.917 0.438 1
0.923 0.474 1
0.937 0.501 1
0.965 0.47 1
0.929 0.415 1
0.935 0.461 1
0.961 0.436 1
0.957 0.484 1
0.968 0.457 1
0.912 0.473 1
0.912 0.425 1
0.967 0.434 1
0.929 0.422 1
0.943 0.458 1
0.955 0.505 1
0.915 0.419 1
0.936 0.477 1
0.933 0.463 1
0.883 0.484 1
0.938 0.476 1
0.893 0.498 1
0.897 0.415 1
0.968 0.47 1
0.924 0.447 1
0.948 0.48 1
0.963 0.446 1
0.884 0.451 1
0.878 0.41 1
0.948 0.415 1
0.882 0.48 1
0.967 0.486 1
0.87 0.405 1
0.909 0.493 1
0.884 0.489 1
0.9 0.464 1
0.876 0.486 1
0.912 0.422 1
0.911 0.459 1
0.931 0.437 1
0.91 0.484 1
0.959 0.47 1
0.88 0.435 1
0.912 0.452 1
0.927 0.411 1
0.868 0.453 1
0.884 0.464 1
0.889 0.408 1
0.879 0.428 1
0.906 0.455 1
0.931 0.414 1
0.931 0.406 1
0.956 0.407 1
0.949 0.494 1
0.889 0.484 1
0.927 0.493 1
0.931 0.47 1
0.893 0.509 1
0.918 0.523 1
0.933 0.521 1
0.908 0.507 1
0.904 0.497 1
0.875 0.547 1
0.866 0.541 1
0.955 0.555 1
0.944 0.529 1
0.925 0.506 1
0.91 0.571 1
0.878 0.532 1
0.87 0.484 1
0.866 0.498 1
0.906 0.571 1
0.945 0.519 1
0.921 0.552 1
0.933 0.573 1
0.889 0.488 1
0.937 0.494 1
0.926 0.582 1
0.931 0.51 1
0.956 0.493 1
0.865 0.527 1
0.88 0.543 1
0.91 0.52 1
0.888 0.506 1
0.933 0.529 1
0.936 0.517 1
0.912 0.484 1
0.946 0.554 1
0.897 0.559 1
0.956 0.519 1
0.874 0.52 1
0.897 0.509 1
0.874 0.56 1
0.871 0.551 1
0.889 0.556 1
0.933 0.572 1
0.923 0.562 1
0.896 0.568 1
0.881 0.496 1
0.915 0.546 1
0.863 0.566 1
0.877 0.551 1
0.873 0.492 1
0.899 0.565 1
0.909 0.58 1
0.866 0.515 1
0.93 0.557 1
0.938 0.522 1
0.933 0.548 1
0.908 0.533 1
0.913 0.503 1
0.867 0.511 1
0.94 0.488 1
0.921 0.492 1
0.896 0.535 1
0.895 0.514 1
0.924 0.573 1
0.904 0.503 1
0.863 0.564 1
0.911 0.568 1
0.918 0.574 1
0.881 0.491 1
0.915 0.517 1
0.881 0.506 1
0.891 0.529 1
0.935 0.506 1
0.874 0.544 1
0.902 0.499 1
0.925 0.494 1
0.889 0.537 1
0.948 0.519 1
0.944 0.527 1
0.89 0.511 1
0.945 0.544 1
0.878 0.554 1
0.863 0.516 1
0.946 0.508 1
0.937 0.532 1
0.868 0.52 1
0.938 0.485 1
0.877 0.525 1
0.891 0.525 1
0.908 0.581 1
0.863 0.548 1
0.916 0.529 1
0.879 0.548 1
0.933 0.561 1
0.961 0.484 1
0.949 0.525 1
0.876 0.546 1
0.878 0.516 1
0.868 0.528 1
0.907 0.512 1
0.878 0.485 1
0.884 0.563 1
0.873 0.482 1
0.893 0.522 1
0.926 0.434 1
0.917 0.442 1
0.868 0.418 1
0.958 0.498 1
0.861 0.488 1
0.883 0.485 1
0.885 0.402 1
0.937 0.466 1
0.861 0.477 1
0.864 0.499 1
0.882 0.453 1
0.892 0.422 1
0.951 0.414 1
0.88 0.478 1
0.945 0.452 1
0.901 0.477 1
0.868 0.434 1
0.874 0.429 1
0.9 0.417 1
0.948 0.414 1
0.886 0.488 1
0.875 0.479 1
0.959 0.436 1
0.899 0.432 1
0.907 0.5 1
0.942 0.421 1
0.926 0.415 1
0.893 0.474 1
0.915 0.407 1
0.94 0.431 1
0.924 0.44 1
0.898 0.419 1
0.959 0.474 1
0.929 0.428 1
0.891 0.501 1
0.947 0.477 1
0.907 0.42 1
0.919 0.422 1
0.909 0.447 1
0.91 0.5 1
0.959 0.481 1
0.871 0.449 1
0.864 0.408 1
0.913 0.445 1
0.91 0.406 1
0.956 0.497 1
0.94 0.41 1
0.918 0.489 1
0.894 0.42 1
0.921 0.454 1
0.928 0.448 1
0.961 0.447 1
0.895 0.481 1
0.915 0.447 1
0.891 0.464 1
0.917 0.403 1
0.87 0.452 1
0.916 0.47 1
0.923 0.499 1
0.914 0.471 1
0.878 0.423 1
0.879 0.468 1
0.938 0.45 1
0.926 0.442 1
0.897 0.49 1
0.926 0.493 1
0.871 0.499 1
0.903 0.438 1
0.917 0.409 1
0.906 0.445 1
0.92 0.43 1
0.953 0.497 1
0.898 0.49 1
0.927 0.426 1
0.945 0.492 1
0.865 0.451 1
0.942 0.445 1
0.955 0.491 1
0.899 0.457 1
0.864 0.419 1
0.868 0.409 1
0.928 0.451 1
0.931 0.417 1
0.873 0.458 1
0.944 0.44 1
0.903 0.424 1
0.865 0.433 1
0.922 0.46 1
0.939 0.443 1
0.912 0.41 1
0.926 0.486 1
0.908 0.492 1
0.919 0.447 1
0.913 0.402 1
0.887 0.449 1
0.892 0.496 1
0.92 0.427 1
0.866 0.426 1
0.957 0.47 1
0.916 0.402 1
0.893 0.45 1
0.902 0.43 1
0.894 0.452 1
0.859 0.404 1
0.869 0.361 1
0.946 0.458 1
0.956 0.401 1
0.861 0.443 1
0.863 0.38 1
0.878 0.387 1
0.894 0.376 1
0.881 0.406 1
0.939 0.37 1
0.944 0.363 1
0.895 0.378 1
0.883 0.379 1
0.92 0.42 1
0.936 0.42 1
0.939 0.439 1
0.892 0.374 1
0.918 0.414 1
0.903 0.382 1
0.916 0.375 1
0.877 0.461 1
0.888 0.44 1
0.917 0.442 1
0.942 0.401 1
0.883 0.447 1
0.881 0.412 1
0.916 0.425 1
0.86 0.406 1
0.872 0.419 1
0.864 0.435 1
0.881 0.446 1
0.916 0.459 1
0.875 0.45 1
0.939 0.37 1
0.905 0.374 1
0.941 0.374 1
0.956 0.422 1
0.869 0.403 1
0.938 0.437 1
0.908 0.444 1
0.862 0.392 1
0.959 0.365 1
0.957 0.416 1
0.871 0.393 1
0.928 0.385 1
0.956 0.387 1
0.94 0.448 1
0.924 0.373 1
0.91 0.439 1
0.89 0.415 1
0.931 0.378 1
0.911 0.438 1
0.938 0.361 1
0.894 0.444 1
0.952 0.366 1
0.937 0.42 1
0.893 0.375 1
0.897 0.449 1
0.908 0.449 1
0.941 0.405 1
0.898 0.431 1
0.89 0.434 1
0.894 0.441 1
0.951 0.445 1
0.914 0.369 1
0.939 0.397 1
0.864 0.38 1
0.932 0.387 1
0.899 0.373 1
0.908 0.401 1
0.955 0.392 1
0.941 0.422 1
0.864 0.363 1
0.939 0.436 1
0.908 0.413 1
0.882 0.441 1
0.92 0.387 1
0.886 0.438 1
0.877 0.436 1
0.914 0.459 1
0.9 0.425 1
0.913 0.446 1
0.874 0.398 1
0.877 0.378 1
0.893 0.443 1
0.893 0.395 1
0.947 0.437 1
0.882 0.389 1
0.896 0.456 1
0.956 0.421 1
0.88 0.412 1
0.907 0.441 1
0.892 0.446 1
0.869 0.434 1
0.903 0.381 1
0.873 0.376 1
0.919 0.386 1
0.917 0.396 1
0.928 0.37 1
0.907 0.312 1
0.883 0.366 1
0.89 0.372 1
0.924 0.403 1
0.86 0.359 1
0.882 0.335 1
0.874 0.344 1
0.941 0.407 1
0.947 0.313 1
0.908 0.405 1
0.917 0.402 1
0.888 0.325 1
0.849 0.318 1
0.948 0.32 1
0.863 0.327 1
0.876 0.354 1
0.879 0.345 1
0.908 0.327 1
0.889 0.341 1
0.859 0.377 1
0.849 0.398 1
0.85 0.398 1
0.914 0.351 1
0.927 0.341 1
0.941 0.352 1
0.918 0.351 1
0.924 0.357 1
0.891 0.398 1
0.875 0.35 1
0.928 0.347 1
0.869 0.4 1
0.925 0.376 1
0.917 0.379 1
0.86 0.383 1
0.887 0.314 1
0.857 0.376 1
0.905 0.392 1
0.873 0.403 1
0.859 0.337 1
0.887 0.381 1
0.916 0.343 1
0.898 0.329 1
0.937 0.358 1
0.873 0.368 1
0.923 0.315 1
0.913 0.34 1
0.865 0.326 1
0.883 0.394 1
0.902 0.341 1
0.914 0.381 1
0.944 0.394 1
0.946 0.37 1
0.928 0.354 1
0.898 0.401 1
0.863 0.368 1
0.927 0.385 1
0.863 0.336 1
0.884 0.355 1
0.862 0.322 1
0.881 0.363 1
0.87 0.367 1
0.904 0.366 1
0.883 0.311 1
0.889 0.313 1
0.852 0.386 1
0.942 0.379 1
0.894 0.408 1
0.935 0.373 1
0.85 0.314 1
0.925 0.315 1
0.908 0.401 1
0.891 0.404 1
0.885 0.342 1
0.88 0.313 1
0.866 0.31 1
0.863 0.343 1
0.94 0.403 1
0.874 0.395 1
0.863 0.343 1
0.868 0.401 1
0.914 0.41 1
0.922 0.354 1
0.891 0.323 1
0.9 0.359 1
0.89 0.327 1
0.87 0.355 1
0.917 0.349 1
0.864 0.321 1
0.903 0.367 1
0.944 0.398 1
0.882 0.379 1
0.869 0.318 1
0.923 0.339 1
0.924 0.39 1
0.876 0.409 1
0.878 0.335 1
0.853 0.343 1
0.856 0.326 1
0.89 0.326 1
0.881 0.293 1
0.915 0.277 1
0.859 0.343 1
0.921 0.299 1
0.911 0.3 1
0.931 0.263 1
0.942 0.263 1
0.889 0.296 1
0.861 0.282 1
0.927 0.272 1
0.854 0.317 1
0.905 0.329 1
0.876 0.283 1
0.859 0.31 1
0.892 0.291 1
0.844 0.311 1
0.848 0.289 1
0.882 0.341 1
0.857 0.251 1
0.876 0.329 1
0.904 0.244 1
0.903 0.279 1
0.903 0.309 1
0.921 0.27 1
0.935 0.331 1
0.936 0.268 1
0.919 0.278 1
0.888 0.331 1
0.921 0.306 1
0.861 0.266 1
0.92 0.25 1
0.916 0.276 1
0.931 0.3 1
0.849 0.308 1
0.921 0.319 1
0.863 0.308 1
0.862 0.289 1
0.847 0.309 1
0.94 0.322 1
0.891 0.251 1
0.944 0.294 1
0.888 0.298 1
0.889 0.27 1
0.858 0.337 1
0.883 0.317 1
0.917 0.327 1
0.923 0.332 1
0.88 0.274 1
0.889 0.26 1
0.882 0.323 1
0.898 0.332 1
0.926 0.289 1
0.872 0.268 1
0.92 0.322 1
0.855 0.325 1
0.858 0.254 1
0.883 0.298 1
0.846 0.245 1
0.877 0.267 1
0.919 0.308 1
0.891 0.247 1
0.854 0.304 1
0.898 0.332 1
0.912 0.33 1
0.875 0.293 1
0.91 0.266 1
0.92 0.264 1
0.911 0.332 1
0.917 0.26 1
0.934 0.33 1
0.852 0.317 1
0.888 0.245 1
0.857 0.299 1
0.93 0.277 1
0.858 0.257 1
0.941 0.336 1
0.878 0.34 1
0.904 0.294 1
0.918 0.343 1
0.862 0.292 1
0.875 0.314 1
0.926 0.3 1
0.905 0.323 1
0.899 0.328 1
0.888 0.325 1
0.9 0.329 1
0.911 0.328 1
0.854 0.317 1
0.872 0.268 1
0.923 0.343 1
0.874 0.262 1
0.897 0.264 1
0.899 0.296 1
0.94 0.332 1
0.913 0.328 1
0.933 0.343 1
0.883 0.256 1
0.895 0.305 1
0.936 0.249 1
0.877 0.218 1
0.857 0.265 1
0.872 0.181 1
0.845 0.25 1
0.881 0.248 1
0.852 0.184 1
0.835 0.194 1
0.838 0.271 1
0.867 0.192 1
0.879 0.192 1
0.866 0.248 1
0.89 0.195 1
0.841 0.214 1
0.863 0.182 1
0.893 0.221 1
0.869 0.215 1
0.895 0.278 1
0.919 0.239 1
0.848 0.219 1
0.888 0.261 1
0.847 0.276 1
0.91 0.251 1
0.865 0.206 1
0.837 0.27 1
0.92 0.209 1
0.915 0.251 1
0.91 0.251 1
0.874 0.239 1
0.827 0.235 1
0.845 0.184 1
0.846 0.19 1
0.902 0.184 1
0.909 0.261 1
0.912 0.193 1
0.879 0.278 1
0.861 0.273 1
0.905 0.224 1
0.853 0.22 1
0.883 0.183 1
0.869 0.206 1
0.91 0.222 1
0.912 0.237 1
0.919 0.191 1
0.847 0.269 1
0.866 0.218 1
0.845 0.262 1
0.833 0.179 1
0.888 0.221 1
0.826 0.272 1
0.891 0.224 1
0.876 0.258 1
0.88 0.259 1
0.917 0.277 1
0.919 0.204 1
0.905 0.209 1
0.858 0.248 1
0.849 0.216 1
0.832 0.195 1
0.911 0.27 1
0.872 0.252 1
0.842 0.253 1
0.887 0.208 1
0.905 0.272 1
0.913 0.217 1
0.918 0.221 1
0.843 0.273 1
0.903 0.23 1
0.913 0.269 1
0.842 0.202 1
0.884 0.246 1
0.861 0.219 1
0.909 0.178 1
0.919 0.251 1
0.848 0.276 1
0.903 0.203 1
0.875 0.194 1
0.89 0.264 1
0.845 0.23 1
0.875 0.192 1
0.843 0.242 1
0.825 0.261 1
0.903 0.244 1
0.921 0.206 1
0.889 0.237 1
0.894 0.226 1
0.907 0.257 1
0.839 0.221 1
0.843 0.24 1
0.826 0.274 1
0.897 0.195 1
0.848 0.215 1
0.894 0.219 1
0.869 0.203 1
0.908 0.252 1
0.856 0.243 1
0.831 0.259 1
0.839 0.24 1
0.879 0.234 1
0.847 0.267 1
0.917 0.194 1
0.86 0.219 1
0.825 0.216 1
0.812 0.179 1
0.882 0.154 1
0.876 0.137 1
0.861 0.22 1
0.847 0.206 1
0.876 0.201 1
0.897 0.214 1
0.819 0.142 1
0.884 0.196 1
0.864 0.159 1
0.877 0.212 1
0.833 0.141 1
0.904 0.173 1
0.908 0.193 1
0.876 0.198 1
0.847 0.222 1
0.903 0.176 1
0.88 0.22 1
0.854 0.2 1
0.862 0.175 1
0.902 0.183 1
0.878 0.166 1
0.824 0.205 1
0.845 0.186 1
0.881 0.209 1
0.852 0.164 1
0.854 0.162 1
0.905 0.191 1
0.9 0.162 1
0.85 0.145 1
0.859 0.214 1
0.821 0.176 1
0.846 0.166 1
0.809 0.159 1
0.833 0.139 1
0.877 0.183 1
0.899 0.163 1
0.836 0.178 1
0.843 0.14 1
0.898 0.205 1
0.844 0.14 1
0.83 0.217 1
0.882 0.14 1
0.83 0.164 1
0.838 0.15 1
0.813 0.134 1
0.836 0.178 1
0.889 0.214 1
0.849 0.213 1
0.908 0.162 1
0.83 0.164 1
0.907 0.209 1
0.852 0.17 1
0.838 0.16 1
0.839 0.211 1
0.835 0.185 1
0.899 0.198 1
0.886 0.214 1
0.881 0.21 1
0.9 0.164 1
0.876 0.171 1
0.852 0.153 1
0.812 0.136 1
0.836 0.183 1
0.842 0.217 1
0.887 0.142 1
0.853 0.156 1
0.823 0.208 1
0.842 0.19 1
0.818 0.199 1
0.835 0.223 1
0.812 0.14 1
0.857 0.228 1
0.862 0.194 1
0.833 0.177 1
0.892 0.23 1
0.893 0.215 1
0.813 0.142 1
0.892 0.229 1
0.854 0.166 1
0.843 0.209 1
0.882 0.184 1
0.882 0.15 1
0.881 0.219 1
0.877 0.154 1
0.844 0.231 1
0.881 0.17 1
0.872 0.163 1
0.856 0.142 1
0.828 0.161 1
0.852 0.157 1
0.843 0.146 1
0.835 0.221 1
0.866 0.169 1
0.862 0.233 1
0.835 0.199 1
0.853 0.153 1
0.862 0.145 1
0.8 0.168 1
0.81 0.155 1
0.839 0.105 1
0.871 0.181 1
0.817 0.186 1
0.877 0.122 1
0.837 0.112 1
0.819 0.102 1
0.793 0.165 1
0.815 0.115 1
0.861 0.19 1
0.825 0.187 1
0.853 0.194 1
0.885 0.166 1
0.879 0.096 1
0.809 0.141 1
0.858 0.179 1
0.84 0.178 1
0.789 0.187 1
0.841 0.144 1
0.808 0.17 1
0.812 0.116 1
0.844 0.146 1
0.836 0.105 1
0.824 0.169 1
0.883 0.118 1
0.858 0.146 1
0.855 0.154 1
0.806 0.153 1
0.813 0.185 1
0.851 0.148 1
0.801 0.1 1
0.873 0.133 1
0.883 0.137 1
0.886 0.164 1
0.888 0.134 1
0.887 0.115 1
0.887 0.182 1
0.804 0.195 1
0.813 0.18 1
0.865 0.104 1
0.868 0.151 1
0.874 0.168 1
0.886 0.145 1
0.81 0.099 1
0.826 0.195 1
0.834 0.19 1
0.855 0.137 1
0.817 0.155 1
0.843 0.177 1
0.867 0.1 1
0.886 0.117 1
0.884 0.152 1
0.794 0.163 1
0.821 0.183 1
0.837 0.105 1
0.88 0.166 1
0.863 0.099 1
0.866 0.158 1
0.819 0.191 1
0.85 0.097 1
0.854 0.184 1
0.817 0.121 1
0.846 0.128 1
0.835 0.112 1
0.887 0.151 1
0.805 0.145 1
0.884 0.119 1
0.832 0.11 1
0.796 0.146 1
0.814 0.156 1
0.832 0.186 1
0.874 0.178 1
0.878 0.121 1
0.81 0.171 1
0.865 0.115 1
0.833 0.189 1
0.819 0.107 1
0.865 0.157 1
0.822 0.103 1
0.83 0.158 1
0.829 0.117 1
0.789 0.112 1
0.792 0.105 1
0.884 0.125 1
0.807 0.144 1
0.804 0.149 1
0.859 0.13 1
0.852 0.151 1
0.846 0.097 1
0.842 0.159 1
0.833 0.146 1
0.798 0.155 1
0.792 0.114 1
0.794 0.132 1
0.826 0.102 1
0.847 0.135 1
0.878 0.127 1
0.789 0.169 1
0.863 0.184 1
0.78 0.146 1
0.817 0.147 1
0.788 0.078 1
0.757 0.071 1
0.793 0.128 1
0.834 0.108 1
0.793 0.116 1
0.803 0.141 1
0.768 0.135 1
0.847 0.071 1
0.809 0.095 1
0.82 0.142 1
0.793 0.092 1
0.777 0.086 1
0.797 0.154 1
0.787 0.14 1
0.755 0.109 1
0.836 0.146 1
0.81 0.086 1
0.783 0.103 1
0.791 0.121 1
0.839 0.117 1
0.829 0.121 1
0.837 0.121 1
0.846 0.151 1
0.799 0.126 1
0.835 0.116 1
0.773 0.091 1
0.796 0.1 1
0.82 0.12 1
0.78 0.109 1
0.775 0.159 1
0.788 0.111 1
0.81 0.062 1
0.817 0.154 1
0.76 0.093 1
0.774 0.075 1
0.763 0.131 1
0.755 0.154 1
0.774 0.139 1
0.807 0.152 1
0.83 0.094 1
0.818 0.161 1
0.825 0.072 1
0.773 0.124 1
0.85 0.13 1
0.854 0.121 1
0.774 0.071 1
0.842 0.161 1
0.783 0.161 1
0.776 0.097 1
0.779 0.116 1
0.847 0.154 1
0.775 0.15 1
0.82 0.119 1
0.822 0.112 1
0.771 0.083 1
0.779 0.104 1
0.769 0.066 1
0.842 0.118 1
0.804 0.104 1
0.789 0.117 1
0.766 0.122 1
0.811 0.096 1
0.763 0.142 1
0.837 0.116 1
0.838 0.118 1
0.8 0.145 1
0.76 0.065 1
0.786 0.067 1
0.8 0.111 1
0.791 0.136 1
0.806 0.074 1
0.767 0.143 1
0.774 0.065 1
0.789 0.104 1
0.801 0.098 1
0.767 0.103 1
0.8 0.144 1
0.821 0.092 1
0.791 0.106 1
0.794 0.111 1
0.759 0.155 1
0.782 0.117 1
0.837 0.091 1
0.845 0.078 1
0.835 0.065 1
0.849 0.114 1
0.802 0.111 1
0.755 0.075 1
0.778 0.157 1
0.813 0.069 1
0.789 0.161 1
0.805 0.157 1
0.78 0.151 1
0.847 0.104 1
0.794 0.126 1
0.818 0.157 1
0.804 0.143 1
0.756 0.157 1
0.786 0.055 1
0.692 0.137 1
0.735 0.116 1
0.704 0.061 1
0.712 0.127 1
0.726 0.097 1
0.752 0.133 1
0.73 0.086 1
0.704 0.119 1
0.783 0.129 1
0.704 0.12 1
0.776 0.08 1
0.784 0.148 1
0.761 0.129 1
0.699 0.102 1
0.788 0.119 1
0.74 0.081 1
0.765 0.062 1
0.705 0.079 1
0.774 0.056 1
0.745 0.094 1
0.714 0.097 1
0.783 0.127 1
0.77 0.119 1
0.754 0.148 1
0.746 0.131 1
0.694 0.111 1
0.703 0.064 1
0.763 0.11 1
0.704 0.12 1
0.759 0.083 1
0.786 0.133 1
0.771 0.13 1
0.75 0.135 1
0.727 0.128 1
0.763 0.118 1
0.692 0.135 1
0.704 0.13 1
0.76 0.131 1
0.779 0.091 1
0.732 0.06 1
0.697 0.073 1
0.757 0.133 1
0.751 0.08 1
0.746 0.138 1
0.748 0.104 1
0.71 0.096 1
0.751 0.125 1
0.703 0.073 1
0.7 0.082 1
0.765 0.1 1
0.714 0.145 1
0.762 0.092 1
0.791 0.133 1
0.698 0.075 1
0.731 0.098 1
0.704 0.141 1
0.773 0.073 1
0.723 0.097 1
0.734 0.089 1
0.709 0.134 1
0.71 0.052 1
0.781 0.147 1
0.78 0.06 1
0.762 0.149 1
0.784 0.145 1
0.754 0.084 1
0.699 0.136 1
0.754 0.132 1
0.758 0.143 1
0.724 0.064 1
0.766 0.092 1
0.751 0.125 1
0.716 0.058 1
0.732 0.105 1
0.791 0.073 1
0.777 0.057 1
0.789 0.122 1
0.723 0.096 1
0.698 0.073 1
0.726 0.142 1
0.743 0.143 1
0.757 0.067 1
0.748 0.059 1
0.729 0.082 1
0.699 0.126 1
0.769 0.082 1
0.729 0.079 1
0.783 0.112 1
0.735 0.14 1
0.738 0.08 1
0.782 0.126 1
0.766 0.151 1
0.714 0.123 1
0.773 0.105 1
0.771 0.116 1
0.707 0.082 1
0.749 0.062 1
0.724 0.054 1
0.739 0.147 1
0.652 0.053 1
0.729 0.133 1
0.725 0.076 1
0.722 0.046 1
0.695 0.077 1
0.64 0.124 1
0.71 0.126 1
0.738 0.125 1
0.701 0.054 1
0.639 0.072 1
0.659 0.083 1
0.655 0.075 1
0.735 0.076 1
0.641 0.113 1
0.685 0.074 1
0.661 0.097 1
0.669 0.083 1
0.72 0.09 1
0.657 0.087 1
0.673 0.055 1
0.705 0.134 1
0.731 0.125 1
0.699 0.051 1
0.685 0.069 1
0.718 0.045 1
0.705 0.059 1
0.655 0.054 1
0.663 0.058 1
0.641 0.14 1
0.726 0.046 1
0.703 0.049 1
0.669 0.085 1
0.732 0.056 1
0.671 0.053 1
0.708 0.133 1
0.662 0.122 1
0.712 0.054 1
0.674 0.051 1
0.718 0.078 1
0.666 0.084 1
0.641 0.135 1
0.683 0.127 1
0.705 0.071 1
0.7 0.076 1
0.73 0.126 1
0.684 0.103 1
0.689 0.087 1
0.724 0.116 1
0.721 0.068 1
0.684 0.083 1
0.725 0.122 1
0.696 0.045 1
0.724 0.129 1
0.677 0.049 1
0.641 0.102 1
0.73 0.112 1
0.683 0.128 1
0.672 0.132 1
0.69 0.074 1
0.692 0.097 1
0.643 0.125 1
0.699 0.066 1
0.665 0.133 1
0.648 0.101 1
0.665 0.061 1
0.729 0.063 1
0.739 0.045 1
0.641 0.125 1
0.715 0.053 1
0.733 0.063 1
0.729 0.065 1
0.694 0.114 1
0.659 0.102 1
0.659 0.101 1
0.643 0.092 1
0.671 0.07 1
0.698 0.063 1
0.65 0.042 1
0.7 0.116 1
0.692 0.045 1
0.648 0.063 1
0.734 0.133 1
0.67 0.098 1
0.724 0.05 1
0.719 0.085 1
0.682 0.059 1
0.727 0.14 1
0.699 0.11 1
0.713 0.097 1
0.72 0.141 1
0.707 0.121 1
0.688 0.083 1
0.687 0.108 1
0.655 0.114 1
0.719 0.051 1
0.656 0.071 1
0.664 0.103 1
0.715 0.048 1
0.691 0.084 1
0.728 0.114 1
0.633 0.126 1
0.634 0.095 1
0.628 0.064 1
0.605 0.088 1
0.647 0.056 1
0.651 0.077 1
0.623 0.051 1
0.616 0.115 1
0.672 0.139 1
0.647 0.104 1
0.671 0.114 1
0.694 0.06 1
0.651 0.108 1
0.614 0.058 1
0.664 0.076 1
0.609 0.057 1
0.625 0.119 1
0.685 0.096 1
0.647 0.09 1
0.625 0.077 1
0.683 0.134 1
0.673 0.073 1
0.675 0.094 1
0.635 0.113 1
0.604 0.069 1
0.653 0.103 1
0.685 0.132 1
0.599 0.096 1
0.6 0.122 1
0.662 0.053 1
0.633 0.092 1
0.613 0.09 1
0.629 0.044 1
0.68 0.098 1
0.693 0.074 1
0.606 0.093 1
0.598 0.128 1
0.64 0.046 1
0.656 0.121 1
0.633 0.061 1
0.636 0.049 1
0.597 0.045 1
0.673 0.089 1
0.665 0.072 1
0.626 0.122 1
0.675 0.09 1
0.658 0.1 1
0.624 0.05 1
0.63 0.083 1
0.676 0.041 1
0.686 0.087 1
0.666 0.056 1
0.651 0.129 1
0.664 0.133 1
0.627 0.055 1
0.677 0.071 1
0.686 0.107 1
0.622 0.042 1
0.638 0.116 1
0.618 0.056 1
0.638 0.071 1
0.64 0.085 1
0.631 0.059 1
0.608 0.059 1
0.689 0.064 1
0.683 0.062 1
0.601 0.114 1
0.675 0.098 1
0.653 0.13 1
0.661 0.096 1
0.634 0.046 1
0.634 0.117 1
0.64 0.05 1
0.625 0.131 1
0.661 0.129 1
0.643 0.089 1
0.639 0.104 1
0.627 0.069 1
0.606 0.12 1
0.685 0.116 1
0.603 0.058 1
0.681 0.077 1
0.688 0.129 1
0.613 0.114 1
0.623 0.094 1
0.695 0.133 1
0.662 0.089 1
0.654 0.059 1
0.66 0.126 1
0.634 0.125 1
0.693 0.135 1
0.663 0.08 1
0.681 0.095 1
0.682 0.04 1
0.683 0.054 1
0.639 0.135 1
0.614 0.096 1
0.64 0.13 1
0.676 0.089 1
0.618 0.095 1
0.558 0.128 1
0.611 0.05 1
0.6 0.06 1
0.55 0.039 1
0.559 0.099 1
0.622 0.077 1
0.618 0.075 1
0.55 0.108 1
0.604 0.069 1
0.545 0.068 1
0.628 0.104 1
0.57 0.052 1
0.62 0.098 1
0.577 0.068 1
0.632 0.041 1
0.615 0.063 1
0.598 0.107 1
0.589 0.073 1
0.638 0.112 1
0.574 0.087 1
0.611 0.07 1
0.635 0.04 1
0.563 0.124 1
0.563 0.111 1
0.632 0.095 1
0.635 0.069 1
0.545 0.054 1
0.59 0.136 1
0.553 0.038 1
0.545 0.111 1
0.636 0.102 1
0.633 0.046 1
0.57 0.085 1
0.593 0.082 1
0.551 0.112 1
0.626 0.055 1
0.587 0.062 1
0.644 0.048 1
0.612 0.05 1
0.55 0.135 1
0.562 0.136 1
0.6 0.133 1
0.638 0.097 1
0.582 0.086 1
0.573 0.057 1
0.561 0.058 1
0.559 0.134 1
0.64 0.114 1
0.614 0.058 1
0.611 0.088 1
0.55 0.092 1
0.579 0.122 1
0.584 0.085 1
0.613 0.078 1
0.545 0.101 1
0.55 0.111 1
0.638 0.095 1
0.632 0.058 1
0.544 0.105 1
0.602 0.101 1
0.575 0.133 1
0.583 0.065 1
0.571 0.056 1
0.618 0.047 1
0.635 0.102 1
0.59 0.081 1
0.547 0.096 1
0.599 0.084 1
0.614 0.126 1
0.612 0.101 1
0.628 0.063 1
0.625 0.11 1
0.592 0.061 1
0.584 0.074 1
0.605 0.06 1
0.593 0.108 1
0.618 0.039 1
0.552 0.127 1
0.593 0.13 1
0.577 0.108 1
0.564 0.092 1
0.623 0.059 1
0.608 0.12 1
0.583 0.06 1
0.643 0.12 1
0.589 0.095 1
0.573 0.132 1
0.617 0.12 1
0.637 0.084 1
0.582 0.099 1
0.617 0.047 1
0.552 0.1 1
0.556 0.053 1
0.607 0.115 1
0.634 0.123 1
0.6 0.071 1
0.632 0.069 1
0.553 0.125 1
0.59 0.133 1
0.544 0.091 1
0.556 0.047 1
0.511 0.062 1
0.506 0.082 1
0.506 0.082 1
0.566 0.067 1
0.564 0.101 1
0.564 0.04 1
0.522 0.039 1
0.548 0.084 1
0.526 0.078 1
0.545 0.076 1
0.503 0.06 1
0.596 0.12 1
0.56 0.076 1
0.517 0.038 1
0.554 0.066 1
0.509 0.036 1
0.537 0.038 1
0.569 0.068 1
0.596 0.041 1
0.588 0.032 1
0.574 0.084 1
0.546 0.092 1
0.55 0.044 1
0.524 0.051 1
0.603 0.114 1
0.561 0.093 1
0.57 0.072 1
0.567 0.048 1
0.566 0.053 1
0.528 0.07 1
0.602 0.125 1
0.594 0.033 1
0.526 0.128 1
0.581 0.13 1
0.585 0.073 1
0.538 0.096 1
0.592 0.077 1
0.59 0.131 1
0.573 0.112 1
0.523 0.103 1
0.574 0.051 1
0.542 0.068 1
0.508 0.085 1
0.523 0.094 1
0.599 0.124 1
0.573 0.131 1
0.602 0.074 1
0.508 0.112 1
0.527 0.079 1
0.505 0.064 1
0.519 0.045 1
0.586 0.09 1
0.579 0.124 1
0.566 0.061 1
0.519 0.117 1
0.535 0.099 1
0.518 0.109 1
0.6 0.074 1
0.544 0.083 1
0.603 0.097 1
0.54 0.08 1
0.539 0.086 1
0.569 0.081 1
0.524 0.076 1
0.514 0.074 1
0.599 0.066 1
0.516 0.131 1
0.599 0.107 1
0.547 0.039 1
0.523 0.107 1
0.574 0.073 1
0.515 0.123 1
0.601 0.097 1
0.589 0.066 1
0.545 0.132 1
0.517 0.093 1
0.566 0.111 1
0.603 0.094 1
0.595 0.043 1
0.592 0.097 1
0.542 0.043 1
0.567 0.102 1
0.575 0.105 1
0.584 0.122 1
0.583 0.105 1
0.512 0.075 1
0.546 0.034 1
0.581 0.09 1
0.595 0.113 1
0.537 0.068 1
0.535 0.06 1
0.563 0.042 1
0.572 0.048 1
0.578 0.038 1
0.569 0.083 1
0.517 0.055 1
0.52 0.111 1
0.518 0.099 1
0.555 0.08 1
0.455 0.049 1
0.426 0.106 1
0.433 0.073 1
0.425 0.082 1
0.421 0.105 1
0.468 0.052 1
0.426 0.07 1
0.514 0.052 1
0.471 0.127 1
0.507 0.135 1
0.478 0.083 1
0.489 0.058 1
0.501 0.091 1
0.455 0.106 1
0.448 0.134 1
0.45 0.087 1
0.422 0.125 1
0.483 0.044 1
0.46 0.127 1
0.513 0.046 1
0.463 0.101 1
0.417 0.042 1
0.42 0.037 1
0.495 0.125 1
0.467 0.115 1
0.436 0.063 1
0.511 0.104 1
0.466 0.118 1
0.454 0.102 1
0.484 0.123 1
0.437 0.089 1
0.446 0.126 1
0.428 0.116 1
0.43 0.129 1
0.486 0.108 1
0.475 0.068 1
0.5 0.121 1
0.498 0.063 1
0.489 0.107 1
0.503 0.094 1
0.443 0.133 1
0.435 0.131 1
0.446 0.11 1
0.438 0.095 1
0.501 0.06 1
0.481 0.042 1
0.468 0.074 1
0.49 0.066 1
0.425 0.055 1
0.477 0.061 1
0.497 0.059 1
0.512 0.074 1
0.417 0.112 1
0.448 0.041 1
0.422 0.1 1
0.495 0.047 1
0.444 0.134 1
0.432 0.127 1
0.504 0.098 1
0.475 0.035 1
0.512 0.114 1
0.416 0.127 1
0.43 0.056 1
0.443 0.071 1
0.474 0.073 1
0.461 0.042 1
0.418 0.075 1
0.464 0.053 1
0.512 0.053 1
0.505 0.075 1
0.42 0.092 1
0.478 0.059 1
0.485 0.086 1
0.494 0.081 1
0.456 0.051 1
0.439 0.122 1
0.428 0.106 1
0.459 0.086 1
0.457 0.037 1
0.495 0.099 1
0.453 0.107 1
0.447 0.081 1
0.467 0.125 1
0.496 0.104 1
0.443 0.049 1
0.509 0.134 1
0.506 0.116 1
0.425 0.083 1
0.417 0.07 1
0.475 0.105 1
0.503 0.123 1
0.483 0.119 1
0.494 0.126 1
0.51 0.118 1
0.475 0.109 1
0.432 0.046 1
0.482 0.099 1
0.486 0.078 1
0.486 0.125 1
0.439 0.047 1
0.408 0.155 1
0.371 0.124 1
0.414 0.067 1
0.445 0.12 1
0.422 0.084 1
0.436 0.071 1
0.398 0.104 1
0.41 0.103 1
0.391 0.072 1
0.444 0.074 1
0.356 0.079 1
0.365 0.121 1
0.367 0.115 1
0.379 0.152 1
0.392 0.131 1
0.408 0.137 1
0.368 0.128 1
0.432 0.061 1
0.35 0.142 1
0.432 0.11 1
0.403 0.093 1
0.409 0.072 1
0.382 0.145 1
0.372 0.13 1
0.37 0.14 1
0.36 0.15 1
0.389 0.104 1
0.425 0.127 1
0.398 0.087 1
0.381 0.146 1
0.411 0.127 1
0.421 0.146 1
0.375 0.14 1
0.42 0.155 1
0.439 0.156 1
0.355 0.095 1
0.355 0.09 1
0.379 0.088 1
0.396 0.061 1
0.388 0.074 1
0.373 0.077 1
0.369 0.142 1
0.447 0.113 1
0.448 0.088 1
0.398 0.079 1
0.352 0.146 1
0.36 0.068 1
0.445 0.105 1
0.426 0.102 1
0.416 0.095 1
0.408 0.157 1
0.379 0.094 1
0.431 0.06 1
0.358 0.128 1
0.382 0.101 1
0.449 0.142 1
0.417 0.066 1
0.447 0.1 1
0.394 0.136 1
0.384 0.141 1
0.39 0.061 1
0.41 0.153 1
0.368 0.122 1
0.437 0.143 1
0.372 0.151 1
0.424 0.137 1
0.421 0.159 1
0.367 0.077 1
0.439 0.13 1
0.432 0.065 1
0.381 0.146 1
0.424 0.136 1
0.351 0.15 1
0.402 0.069 1
0.434 0.077 1
0.426 0.094 1
0.378 0.138 1
0.423 0.127 1
0.353 0.075 1
0.44 0.158 1
0.433 0.099 1
0.419 0.133 1
0.349 0.149 1
0.372 0.106 1
0.392 0.062 1
0.42 0.11 1
0.406 0.121 1
0.419 0.081 1
0.448 0.158 1
0.365 0.128 1
0.449 0.098 1
0.398 0.155 1
0.368 0.153 1
0.41 0.143 1
0.357 0.074 1
0.41 0.095 1
0.393 0.096 1
0.433 0.109 1
0.366 0.08 1
0.403 0.077 1
0.339 0.118 1
0.308 0.166 1
0.338 0.133 1
0.341 0.085 1
0.367 0.134 1
0.321 0.098 1
0.365 0.162 1
0.357 0.131 1
0.334 0.173 1
0.316 0.093 1
0.32 0.132 1
0.341 0.135 1
0.376 0.12 1
0.338 0.109 1
0.337 0.117 1
0.305 0.098 1
0.396 0.144 1
0.327 0.175 1
0.356 0.133 1
0.386 0.105 1
0.378 0.165 1
0.355 0.131 1
0.365 0.181 1
0.358 0.16 1
0.313 0.172 1
0.37 0.128 1
0.368 0.09 1
0.346 0.1 1
0.33 0.093 1
0.392 0.12 1
0.327 0.101 1
0.345 0.137 1
0.348 0.131 1
0.397 0.153 1
0.38 0.099 1
0.361 0.145 1
0.398 0.124 1
0.359 0.096 1
0.312 0.086 1
0.33 0.139 1
0.343 0.107 1
0.319 0.14 1
0.336 0.142 1
0.323 0.169 1
0.37 0.091 1
0.396 0.104 1
0.328 0.137 1
0.361 0.167 1
0.361 0.122 1
0.359 0.148 1
0.313 0.171 1
0.323 0.18 1
0.37 0.103 1
0.391 0.168 1
0.302 0.125 1
0.347 0.142 1
0.314 0.152 1
0.35 0.153 1
0.394 0.123 1
0.345 0.172 1
0.391 0.122 1
0.379 0.161 1
0.37 0.109 1
0.307 0.126 1
0.371 0.148 1
0.301 0.164 1
0.355 0.117 1
0.349 0.108 1
0.321 0.091 1
0.354 0.169 1
0.376 0.169 1
0.325 0.139 1
0.395 0.09 1
0.388 0.13 1
0.308 0.128 1
0.395 0.129 1
0.35 0.121 1
0.327 0.166 1
0.349 0.143 1
0.348 0.147 1
0.322 0.174 1
0.384 0.142 1
0.305 0.167 1
0.316 0.162 1
0.373 0.128 1
0.303 0.165 1
0.357 0.18 1
0.353 0.096 1
0.336 0.159 1
0.324 0.176 1
0.377 0.122 1
0.397 0.099 1
0.337 0.178 1
0.308 0.116 1
0.352 0.083 1
0.373 0.102 1
0.343 0.096 1
0.395 0.136 1
0.352 0.109 1
0.331 0.174 1
0.331 0.203 1
0.294 0.162 1
0.282 0.178 1
0.294 0.166 1
0.347 0.206 1
0.354 0.201 1
0.348 0.157 1
0.341 0.166 1
0.279 0.131 1
0.343 0.193 1
0.307 0.128 1
0.304 0.148 1
0.36 0.201 1
0.343 0.144 1
0.292 0.2 1
0.34 0.15 1
0.325 0.132 1
0.335 0.144 1
0.279 0.146 1
0.35 0.131 1
0.277 0.131 1
0.264 0.176 1
0.332 0.164 1
0.316 0.2 1
0.277 0.13 1
0.295 0.172 1
0.288 0.141 1
0.316 0.162 1
0.262 0.118 1
0.322 0.131 1
0.358 0.127 1
0.306 0.169 1
0.352 0.181 1
0.288 0.175 1
0.347 0.147 1
0.351 0.139 1
0.289 0.201 1
0.359 0.122 1
0.262 0.146 1
0.298 0.143 1
0.349 0.146 1
0.341 0.186 1
0.3 0.124 1
0.362 0.198 1
0.334 0.208 1
0.312 0.13 1
0.273 0.172 1
0.307 0.133 1
0.293 0.197 1
0.344 0.129 1
0.294 0.209 1
0.289 0.177 1
0.298 0.171 1
0.355 0.207 1
0.314 0.148 1
0.333 0.12 1
0.338 0.208 1
0.285 0.175 1
0.345 0.115 1
0.289 0.164 1
0.296 0.157 1
0.292 0.162 1
0.316 0.198 1
0.337 0.142 1
0.315 0.147 1
0.291 0.153 1
0.347 0.194 1
0.309 0.114 1
0.278 0.191 1
0.362 0.157 1
0.299 0.142 1
0.36 0.129 1
0.331 0.171 1
0.314 0.16 1
0.279 0.153 1
0.324 0.197 1
0.359 0.168 1
0.362 0.115 1
0.33 0.202 1
0.281 0.159 1
0.291 0.136 1
0.335 0.2 1
0.284 0.132 1
0.339 0.176 1
0.269 0.139 1
0.333 0.18 1
0.32 0.145 1
0.29 0.14 1
0.286 0.121 1
0.307 0.12 1
0.294 0.208 1
0.27 0.149 1
0.305 0.119 1
0.284 0.192 1
0.32 0.139 1
0.31 0.147 1
0.342 0.207 1
0.284 0.128 1
0.334 0.193 1
0.328 0.148 1
0.271 0.203 1
0.276 0.183 1
0.264 0.203 1
0.248 0.174 1
0.269 0.219 1
0.259 0.178 1
0.267 0.241 1
0.268 0.245 1
0.253 0.211 1
0.287 0.191 1
0.316 0.235 1
0.328 0.252 1
0.316 0.187 1
0.263 0.258 1
0.303 0.171 1
0.279 0.223 1
0.282 0.198 1
0.32 0.248 1
0.267 0.195 1
0.241 0.235 1
0.307 0.21 1
0.286 0.196 1
0.321 0.258 1
0.277 0.249 1
0.265 0.176 1
0.271 0.266 1
0.302 0.193 1
0.279 0.215 1
0.235 0.2 1
0.297 0.253 1
0.301 0.177 1
0.33 0.223 1
0.284 0.176 1
0.327 0.212 1
0.314 0.186 1
0.236 0.247 1
0.269 0.202 1
0.265 0.263 1
0.252 0.171 1
0.287 0.255 1
0.316 0.216 1
0.246 0.221 1
0.253 0.254 1
0.326 0.232 1
0.267 0.246 1
0.331 0.193 1
0.308 0.222 1
0.329 0.183 1
0.253 0.248 1
0.292 0.268 1
0.24 0.186 1
0.253 0.191 1
0.243 0.185 1
0.233 0.22 1
0.289 0.204 1
0.304 0.245 1
0.243 0.243 1
0.259 0.246 1
0.239 0.257 1
0.317 0.173 1
0.28 0.194 1
0.321 0.199 1
0.331 0.241 1
0.278 0.176 1
0.28 0.204 1
0.232 0.25 1
0.33 0.248 1
0.244 0.212 1
0.241 0.21 1
0.262 0.266 1
0.242 0.203 1
0.308 0.168 1
0.253 0.209 1
0.309 0.217 1
0.264 0.22 1
0.311 0.206 1
0.277 0.17 1
0.318 0.246 1
0.238 0.18 1
0.277 0.214 1
0.247 0.258 1
0.272 0.224 1
0.287 0.176 1
0.301 0.244 1
0.264 0.24 1
0.276 0.241 1
0.284 0.253 1
0.262 0.257 1
0.307 0.247 1
0.298 0.194 1
0.236 0.169 1
0.271 0.264 1
0.249 0.209 1
0.291 0.227 1
0.33 0.239 1
0.307 0.196 1
0.314 0.242 1
0.301 0.256 1
0.294 0.215 1
0.249 0.231 1
0.24 0.295 1
0.224 0.29 1
0.24 0.233 1
0.281 0.294 1
0.304 0.308 1
0.282 0.224 1
0.276 0.297 1
0.263 0.307 1
0.312 0.304 1
0.268 0.319 1
0.306 0.273 1
0.263 0.241 1
0.232 0.254 1
0.311 0.28 1
0.277 0.261 1
0.216 0.256 1
0.278 0.243 1
0.266 0.308 1
0.264 0.32 1
0.296 0.318 1
0.236 0.224 1
0.303 0.238 1
0.302 0.279 1
0.22 0.222 1
0.287 0.254 1
0.296 0.232 1
0.228 0.302 1
0.251 0.285 1
0.249 0.255 1
0.285 0.267 1
0.242 0.264 1
0.232 0.263 1
0.28 0.266 1
0.272 0.314 1
0.219 0.271 1
0.247 0.294 1
0.277 0.235 1
0.315 0.278 1
0.226 0.243 1
0.291 0.222 1
0.224 0.257 1
0.254 0.303 1
0.264 0.318 1
0.299 0.273 1
0.254 0.233 1
0.293 0.226 1
0.284 0.242 1
0.228 0.302 1
0.302 0.279 1
0.26 0.23 1
0.247 0.292 1
0.26 0.248 1
0.301 0.232 1
0.263 0.291 1
0.303 0.312 1
0.216 0.239 1
0.265 0.236 1
0.308 0.251 1
0.22 0.308 1
0.285 0.245 1
0.276 0.274 1
0.302 0.25 1
0.267 0.289 1
0.286 0.236 1
0.261 0.236 1
0.284 0.275 1
0.284 0.32 1
0.276 0.322 1
0.283 0.318 1
0.248 0.285 1
0.228 0.302 1
0.284 0.298 1
0.294 0.314 1
0.263 0.307 1
0.312 0.267 1
0.256 0.274 1
0.23 0.294 1
0.26 0.285 1
0.236 0.312 1
0.275 0.309 1
0.313 0.301 1
0.31 0.228 1
0.286 0.296 1
0.256 0.261 1
0.224 0.222 1
0.282 0.28 1
0.311 0.295 1
0.23 0.294 1
0.224 0.299 1
0.242 0.228 1
0.309 0.258 1
0.222 0.312 1
0.301 0.227 1
0.237 0.241 1
0.274 0.255 1
0.237 0.267 1
0.231 0.244 1
0.287 0.308 1
0.3 0.24 1
0.216 0.245 1
0.212 0.345 1
0.258 0.353 1
0.277 0.364 1
0.234 0.35 1
0.248 0.358 1
0.296 0.37 1
0.294 0.306 1
0.229 0.368 1
0.264 0.344 1
0.261 0.303 1
0.224 0.315 1
0.255 0.305 1
0.277 0.296 1
0.264 0.355 1
0.273 0.285 1
0.252 0.339 1
0.277 0.36 1
0.25 0.342 1
0.299 0.294 1
0.206 0.345 1
0.208 0.287 1
0.276 0.318 1
0.207 0.347 1
0.219 0.347 1
0.273 0.353 1
0.232 0.359 1
0.249 0.352 1
0.218 0.338 1
0.265 0.344 1
0.237 0.275 1
0.291 0.361 1
0.252 0.28 1
0.271 0.274 1
0.24 0.272 1
0.212 0.276 1
0.282 0.328 1
0.248 0.339 1
0.271 0.323 1
0.247 0.284 1
0.264 0.332 1
0.255 0.35 1
0.222 0.366 1
0.227 0.348 1
0.254 0.284 1
0.242 0.331 1
0.29 0.355 1
0.295 0.339 1
0.245 0.28 1
0.206 0.365 1
0.29 0.308 1
0.263 0.295 1
0.289 0.317 1
0.226 0.318 1
0.28 0.29 1
0.215 0.345 1
0.242 0.301 1
0.218 0.299 1
0.244 0.307 1
0.299 0.311 1
0.303 0.32 1
0.245 0.347 1
0.274 0.327 1
0.271 0.357 1
0.244 0.352 1
0.269 0.356 1
0.228 0.311 1
0.26 0.35 1
0.268 0.325 1
0.217 0.299 1
0.25 0.327 1
0.214 0.344 1
0.227 0.341 1
0.292 0.299 1
0.252 0.31 1
0.296 0.31 1
0.226 0.345 1
0.291 0.293 1
0.279 0.344 1
0.282 0.365 1
0.255 0.299 1
0.218 0.352 1
0.274 0.362 1
0.253 0.34 1
0.229 0.336 1
0.219 0.323 1
0.215 0.35 1
0.256 0.344 1
0.219 0.345 1
0.246 0.341 1
0.269 0.289 1
0.219 0.367 1
0.243 0.345 1
0.283 0.335 1
0.287 0.37 1
0.276 0.282 1
0.242 0.36 1
0.286 0.36 1
0.255 0.308 1
0.252 0.314 1
0.294 0.3 1
0.216 0.409 1
0.216 0.342 1
0.275 0.362 1
0.261 0.424 1
0.237 0.388 1
0.298 0.338 1
0.216 0.371 1
0.251 0.356 1
0.237 0.424 1
0.263 0.395 1
0.278 0.337 1
0.237 0.356 1
0.206 0.348 1
0.219 0.412 1
0.282 0.351 1
0.286 0.335 1
0.28 0.385 1
0.251 0.398 1
0.254 0.371 1
0.254 0.394 1
0.29 0.331 1
0.228 0.399 1
0.241 0.376 1
0.246 0.364 1
0.291 0.38 1
0.246 0.419 1
0.22 0.359 1
0.247 0.359 1
0.286 0.414 1
0.275 0.378 1
0.233 0.398 1
0.229 0.364 1
0.286 0.329 1
0.284 0.342 1
0.249 0.363 1
0.224 0.373 1
0.199 0.337 1
0.273 0.352 1
0.256 0.347 1
0.201 0.369 1
0.241 0.376 1
0.224 0.332 1
0.265 0.336 1
0.237 0.334 1
0.247 0.33 1
0.256 0.383 1
0.246 0.356 1
0.254 0.41 1
0.206 0.35 1
0.221 0.371 1
0.271 0.366 1
0.244 0.373 1
0.233 0.365 1
0.258 0.391 1
0.282 0.408 1
0.232 0.339 1
0.23 0.405 1
0.287 0.37 1
0.25 0.327 1
0.293 0.42 1
0.247 0.351 1
0.24 0.371 1
0.242 0.366 1
0.203 0.36 1
0.243 0.403 1
0.226 0.349 1
0.251 0.33 1
0.29 0.377 1
0.294 0.419 1
0.278 0.372 1
0.28 0.364 1
0.209 0.384 1
0.206 0.422 1
0.239 0.415 1
0.24 0.418 1
0.231 0.37 1
0.253 0.42 1
0.225 0.359 1
0.279 0.423 1
0.219 0.34 1
0.284 0.418 1
0.255 0.348 1
0.288 0.383 1
0.297 0.369 1
0.275 0.339 1
0.269 0.352 1
0.241 0.348 1
0.264 0.357 1
0.29 0.333 1
0.275 0.355 1
0.247 0.379 1
0.25 0.352 1
0.264 0.423 1
0.243 0.368 1
0.229 0.396 1
0.226 0.354 1
0.218 0.388 1
0.254 0.372 1
0.259 0.352 1
0.295 0.41 1
0.201 0.484 1
0.253 0.47 1
0.243 0.482 1
0.291 0.43 1
0.243 0.411 1
0.293 0.414 1
0.203 0.503 1
0.245 0.474 1
0.259 0.449 1
0.293 0.49 1
0.237 0.414 1
0.197 0.495 1
0.21 0.481 1
0.229 0.483 1
0.279 0.405 1
0.214 0.451 1
0.231 0.425 1
0.289 0.49 1
0.222 0.435 1
0.254 0.499 1
0.247 0.463 1
0.257 0.476 1
0.283 0.502 1
0.224 0.407 1
0.281 0.477 1
0.291 0.456 1
0.211 0.413 1
0.291 0.476 1
0.212 0.444 1
0.202 0.501 1
0.213 0.483 1
0.242 0.49 1
0.263 0.442 1
0.197 0.461 1
0.28 0.473 1
0.291 0.414 1
0.278 0.412 1
0.214 0.47 1
0.252 0.449 1
0.208 0.43 1
0.211 0.439 1
0.254 0.486 1
0.24 0.486 1
0.197 0.444 1
0.26 0.453 1
0.21 0.468 1
0.242 0.448 1
0.226 0.469 1
0.23 0.459 1
0.199 0.407 1
0.237 0.435 1
0.237 0.405 1
0.262 0.422 1
0.291 0.485 1
0.271 0.422 1
0.248 0.449 1
0.209 0.498 1
0.233 0.501 1
0.282 0.414 1
0.204 0.425 1
0.238 0.492 1
0.222 0.487 1
0.279 0.424 1
0.216 0.418 1
0.296 0.449 1
0.244 0.449 1
0.204 0.439 1
0.209 0.496 1
0.246 0.458 1
0.251 0.473 1
0.253 0.45 1
0.225 0.426 1
0.256 0.504 1
0.259 0.423 1
0.238 0.43 1
0.276 0.479 1
0.201 0.442 1
0.274 0.489 1
0.275 0.503 1
0.277 0.442 1
0.291 0.425 1
0.233 0.452 1
0.261 0.427 1
0.208 0.408 1
0.262 0.412 1
0.273 0.48 1
0.208 0.487 1
0.281 0.408 1
0.275 0.471 1
0.272 0.469 1
0.253 0.467 1
0.224 0.419 1
0.219 0.447 1
0.297 0.454 1
0.211 0.414 1
0.221 0.491 1
0.234 0.465 1
0.214 0.414 1
0.226 0.5 1
0.222 0.437 1
0.257 0.477 1
0.258 0.483 1
0.249 0.524 1
0.243 0.471 1
0.272 0.454 1
0.281 0.474 1
0.242 0.527 1
0.272 0.445 1
0.224 0.499 1
0.211 0.521 1
0.27 0.493 1
0.272 0.468 1
0.252 0.449 1
0.244 0.447 1
0.275 0.543 1
0.272 0.5 1
0.27 0.543 1
0.278 0.473 1
0.242 0.456 1
0.201 0.519 1
0.242 0.47 1
0.265 0.512 1
0.292 0.456 1
0.283 0.509 1
0.284 0.478 1
0.214 0.5 1
0.276 0.471 1
0.275 0.505 1
0.258 0.491 1
0.216 0.496 1
0.268 0.495 1
0.249 0.524 1
0.241 0.449 1
0.289 0.501 1
0.232 0.491 1
0.237 0.494 1
0.279 0.532 1
0.266 0.531 1
0.288 0.524 1
0.274 0.457 1
0.221 0.485 1
0.27 0.535 1
0.267 0.449 1
0.274 0.503 1
0.244 0.495 1
0.257 0.492 1
0.229 0.458 1
0.246 0.484 1
0.239 0.509 1
0.199 0.487 1
0.24 0.517 1
0.236 0.521 1
0.27 0.465 1
0.229 0.45 1
0.26 0.476 1
0.266 0.486 1
0.245 0.454 1
0.239 0.495 1
0.212 0.52 1
0.244 0.487 1
0.295 0.468 1
0.256 0.518 1
0.196 0.533 1
0.263 0.515 1
0.206 0.518 1
0.236 0.499 1
0.2 0.514 1
0.242 0.519 1
0.286 0.524 1
0.203 0.532 1
0.253 0.491 1
0.256 0.45 1
0.276 0.478 1
0.201 0.465 1
0.246 0.508 1
0.246 0.466 1
0.247 0.525 1
0.227 0.521 1
0.293 0.531 1
0.291 0.469 1
0.23 0.52 1
0.266 0.499 1
0.227 0.51 1
0.209 0.445 1
0.256 0.457 1
0.289 0.457 1
0.268 0.479 1
0.242 0.477 1
0.246 0.521 1
0.273 0.47 1
0.217 0.477 1
0.212 0.476 1
0.289 0.456 1
0.239 0.492 1
0.28 0.454 1
0.234 0.457 1
0.229 0.493 1
0.285 0.473 1
0.241 0.445 1
0.288 0.532 1
