0.568 0.872 0
0.59 0.867 0
0.564 0.869 0
0.627 0.821 0
0.592 0.858 0
0.559 0.793 0
0.566 0.819 0
0.579 0.878 0
0.641 0.851 0
0.651 0.812 0
0.638 0.785 0
0.605 0.823 0
0.566 0.806 0
0.652 0.819 0
0.653 0.81 0
0.651 0.802 0
0.608 0.851 0
0.613 0.802 0
0.63 0.787 0
0.61 0.797 0
0.626 0.796 0
0.601 0.785 0
0.588 0.859 0
0.618 0.814 0
0.605 0.786 0
0.565 0.785 0
0.647 0.855 0
0.586 0.803 0
0.616 0.79 0
0.608 0.872 0
0.565 0.839 0
0.648 0.85 0
0.614 0.797 0
0.607 0.799 0
0.594 0.804 0
0.585 0.788 0
0.58 0.844 0
0.597 0.875 0
0.565 0.858 0
0.566 0.803 0
0.611 0.881 0
0.622 0.802 0
0.569 0.794 0
0.622 0.882 0
0.634 0.867 0
0.628 0.827 0
0.564 0.803 0
0.558 0.802 0
0.588 0.806 0
0.569 0.845 0
0.567 0.875 0
0.628 0.88 0
0.598 0.784 0
0.563 0.843 0
0.598 0.834 0
0.611 0.873 0
0.623 0.86 0
0.601 0.822 0
0.577 0.822 0
0.594 0.856 0
0.584 0.853 0
0.624 0.851 0
0.62 0.8 0
0.577 0.841 0
0.563 0.849 0
0.629 0.864 0
0.656 0.879 0
0.602 0.846 0
0.607 0.83 0
0.571 0.869 0
0.557 0.854 0
0.621 0.814 0
0.603 0.829 0
0.596 0.875 0
0.651 0.848 0
0.656 0.791 0
0.628 0.881 0
0.599 0.837 0
0.636 0.861 0
0.642 0.848 0
0.631 0.786 0
0.6 0.79 0
0.557 0.798 0
0.571 0.858 0
0.586 0.853 0
0.569 0.787 0
0.641 0.801 0
0.627 0.862 0
0.649 0.809 0
0.587 0.814 0
0.613 0.856 0
0.636 0.807 0
0.601 0.803 0
0.62 0.799 0
0.646 0.81 0
0.59 0.852 0
0.617 0.848 0
0.642 0.855 0
0.6 0.846 0
0.6 0.791 0
0.576 0.84 0
0.615 0.892 0
0.595 0.852 0
0.616 0.868 0
0.539 0.873 0
0.538 0.902 0
0.583 0.826 0
0.527 0.891 0
0.567 0.826 0
0.518 0.905 0
0.587 0.883 0
0.533 0.887 0
0.565 0.866 0
0.561 0.866 0
0.564 0.846 0
0.525 0.839 0
0.558 0.912 0
0.531 0.85 0
0.58 0.877 0
0.545 0.871 0
0.543 0.881 0
0.575 0.881 0
0.517 0.86 0
0.615 0.889 0
0.522 0.87 0
0.524 0.916 0
0.551 0.86 0
0.569 0.818 0
0.575 0.883 0
0.608 0.864 0
0.565 0.84 0
0.604 0.876 0
0.553 0.851 0
0.517 0.834 0
0.609 0.822 0
0.546 0.895 0
0.604 0.89 0
0.545 0.887 0
0.57 0.845 0
0.583 0.884 0
0.601 0.863 0
0.52 0.912 0
0.581 0.886 0
0.616 0.909 0
0.58 0.857 0
0.581 0.887 0
0.559 0.834 0
0.606 0.892 0
0.534 0.899 0
0.524 0.845 0
0.593 0.875 0
0.582 0.843 0
0.598 0.858 0
0.523 0.824 0
0.541 0.916 0
0.591 0.917 0
0.606 0.895 0
0.571 0.888 0
0.534 0.891 0
0.534 0.903 0
0.58 0.829 0
0.615 0.896 0
0.531 0.886 0
0.579 0.907 0
0.533 0.866 0
0.576 0.888 0
0.522 0.841 0
0.575 0.887 0
0.542 0.824 0
0.549 0.866 0
0.593 0.911 0
0.586 0.873 0
0.589 0.904 0
0.567 0.858 0
0.548 0.911 0
0.57 0.83 0
0.537 0.9 0
0.551 0.899 0
0.602 0.901 0
0.571 0.819 0
0.57 0.882 0
0.544 0.888 0
0.562 0.842 0
0.611 0.902 0
0.614 0.852 0
0.524 0.887 0
0.612 0.84 0
0.525 0.875 0
0.544 0.908 0
0.553 0.865 0
0.56 0.87 0
0.527 0.872 0
0.571 0.906 0
0.614 0.907 0
0.586 0.844 0
0.541 0.817 0
0.527 0.874 0
0.572 0.843 0
0.588 0.867 0
0.556 0.864 0
0.464 0.83 0
0.467 0.885 0
0.455 0.841 0
0.496 0.857 0
0.53 0.901 0
0.474 0.851 0
0.513 0.821 0
0.448 0.815 0
0.533 0.897 0
0.437 0.816 0
0.515 0.825 0
0.501 0.853 0
0.527 0.894 0
0.517 0.816 0
0.483 0.863 0
0.53 0.889 0
0.48 0.826 0
0.457 0.83 0
0.49 0.875 0
0.503 0.81 0
0.532 0.887 0
0.459 0.859 0
0.514 0.855 0
0.461 0.832 0
0.443 0.909 0
0.51 0.853 0
0.498 0.862 0
0.502 0.843 0
0.453 0.83 0
0.454 0.895 0
0.532 0.863 0
0.433 0.872 0
0.527 0.836 0
0.495 0.841 0
0.443 0.9 0
0.524 0.828 0
0.499 0.872 0
0.501 0.859 0
0.487 0.829 0
0.506 0.857 0
0.475 0.888 0
0.433 0.852 0
0.501 0.899 0
0.51 0.858 0
0.511 0.846 0
0.453 0.909 0
0.5 0.857 0
0.508 0.859 0
0.463 0.813 0
0.509 0.895 0
0.483 0.88 0
0.501 0.85 0
0.455 0.862 0
0.465 0.897 0
0.514 0.882 0
0.51 0.856 0
0.505 0.901 0
0.467 0.81 0
0.462 0.823 0
0.513 0.827 0
0.508 0.895 0
0.483 0.904 0
0.436 0.863 0
0.472 0.812 0
0.443 0.882 0
0.486 0.835 0
0.533 0.814 0
0.51 0.827 0
0.455 0.888 0
0.515 0.889 0
0.468 0.884 0
0.484 0.816 0
0.529 0.87 0
0.477 0.86 0
0.454 0.91 0
0.455 0.837 0
0.505 0.814 0
0.454 0.837 0
0.456 0.829 0
0.479 0.863 0
0.506 0.825 0
0.504 0.905 0
0.509 0.833 0
0.436 0.858 0
0.498 0.901 0
0.433 0.877 0
0.521 0.877 0
0.488 0.854 0
0.48 0.814 0
0.446 0.857 0
0.53 0.855 0
0.436 0.822 0
0.507 0.848 0
0.519 0.829 0
0.463 0.826 0
0.454 0.841 0
0.478 0.818 0
0.493 0.816 0
0.469 0.827 0
0.495 0.846 0
0.428 0.804 0
0.454 0.888 0
0.479 0.796 0
0.436 0.828 0
0.39 0.869 0
0.448 0.861 0
0.4 0.814 0
0.456 0.796 0
0.473 0.861 0
0.47 0.832 0
0.438 0.864 0
0.482 0.814 0
0.445 0.822 0
0.44 0.81 0
0.404 0.803 0
0.468 0.84 0
0.484 0.801 0
0.407 0.869 0
0.465 0.855 0
0.484 0.809 0
0.435 0.862 0
0.422 0.836 0
0.4 0.789 0
0.409 0.864 0
0.412 0.816 0
0.411 0.837 0
0.476 0.824 0
0.431 0.876 0
0.398 0.836 0
0.422 0.885 0
0.447 0.839 0
0.454 0.844 0
0.457 0.79 0
0.403 0.87 0
0.452 0.879 0
0.459 0.823 0
0.424 0.841 0
0.458 0.789 0
0.434 0.887 0
0.48 0.79 0
0.454 0.857 0
0.484 0.852 0
0.452 0.882 0
0.441 0.866 0
0.44 0.8 0
0.416 0.792 0
0.406 0.851 0
0.454 0.853 0
0.437 0.796 0
0.431 0.793 0
0.444 0.811 0
0.45 0.872 0
0.459 0.863 0
0.454 0.797 0
0.412 0.839 0
0.43 0.801 0
0.472 0.801 0
0.478 0.87 0
0.4 0.868 0
0.478 0.852 0
0.465 0.858 0
0.442 0.88 0
0.41 0.806 0
0.457 0.819 0
0.482 0.807 0
0.443 0.815 0
0.48 0.795 0
0.443 0.832 0
0.424 0.795 0
0.43 0.831 0
0.436 0.824 0
0.434 0.803 0
0.457 0.872 0
0.428 0.841 0
0.433 0.831 0
0.412 0.802 0
0.406 0.877 0
0.418 0.842 0
0.471 0.827 0
0.409 0.792 0
0.465 0.811 0
0.444 0.843 0
0.388 0.859 0
0.417 0.885 0
0.389 0.857 0
0.413 0.871 0
0.472 0.805 0
0.44 0.868 0
0.48 0.851 0
0.414 0.833 0
0.477 0.797 0
0.483 0.826 0
0.385 0.811 0
0.429 0.865 0
0.423 0.799 0
0.43 0.879 0
0.4 0.868 0
0.471 0.889 0
0.444 0.794 0
0.388 0.886 0
0.372 0.764 0
0.409 0.796 0
0.38 0.792 0
0.424 0.829 0
0.364 0.832 0
0.341 0.775 0
0.431 0.755 0
0.356 0.811 0
0.37 0.805 0
0.341 0.748 0
0.343 0.832 0
0.43 0.756 0
0.396 0.775 0
0.36 0.821 0
0.358 0.804 0
0.339 0.809 0
0.344 0.815 0
0.433 0.794 0
0.383 0.835 0
0.393 0.772 0
0.337 0.793 0
0.377 0.815 0
0.392 0.78 0
0.431 0.788 0
0.4 0.766 0
0.408 0.836 0
0.43 0.775 0
0.423 0.761 0
0.338 0.779 0
0.34 0.746 0
0.43 0.794 0
0.341 0.765 0
0.348 0.784 0
0.366 0.827 0
0.4 0.823 0
0.377 0.766 0
0.36 0.778 0
0.423 0.793 0
0.388 0.745 0
0.339 0.769 0
0.397 0.785 0
0.395 0.825 0
0.352 0.751 0
0.365 0.807 0
0.341 0.758 0
0.433 0.814 0
0.36 0.831 0
0.426 0.795 0
0.378 0.812 0
0.385 0.755 0
0.387 0.784 0
0.346 0.835 0
0.422 0.832 0
0.385 0.811 0
0.355 0.837 0
0.365 0.832 0
0.423 0.793 0
0.43 0.807 0
0.398 0.793 0
0.402 0.737 0
0.379 0.771 0
0.411 0.791 0
0.352 0.806 0
0.433 0.748 0
0.363 0.78 0
0.434 0.824 0
0.379 0.747 0
0.395 0.8 0
0.429 0.779 0
0.417 0.796 0
0.344 0.737 0
0.427 0.788 0
0.381 0.785 0
0.342 0.829 0
0.399 0.752 0
0.388 0.81 0
0.347 0.809 0
0.429 0.774 0
0.408 0.771 0
0.403 0.762 0
0.43 0.761 0
0.427 0.755 0
0.408 0.772 0
0.353 0.797 0
0.351 0.789 0
0.423 0.772 0
0.424 0.824 0
0.396 0.746 0
0.411 0.833 0
0.35 0.761 0
0.363 0.762 0
0.391 0.801 0
0.381 0.783 0
0.383 0.802 0
0.419 0.819 0
0.365 0.784 0
0.393 0.787 0
0.388 0.781 0
0.43 0.749 0
0.339 0.82 0
0.408 0.788 0
0.323 0.774 0
0.368 0.762 0
0.394 0.763 0
0.4 0.746 0
0.397 0.718 0
0.399 0.764 0
0.319 0.796 0
0.337 0.759 0
0.343 0.763 0
0.368 0.71 0
0.343 0.712 0
0.373 0.752 0
0.353 0.708 0
0.365 0.71 0
0.41 0.737 0
0.352 0.734 0
0.399 0.744 0
0.323 0.786 0
0.353 0.752 0
0.321 0.763 0
0.357 0.74 0
0.376 0.765 0
0.378 0.797 0
0.375 0.767 0
0.342 0.715 0
0.394 0.787 0
0.387 0.734 0
0.331 0.737 0
0.316 0.785 0
0.337 0.76 0
0.397 0.781 0
0.336 0.698 0
0.398 0.731 0
0.397 0.754 0
0.375 0.698 0
0.398 0.775 0
0.338 0.792 0
0.352 0.707 0
0.387 0.781 0
0.32 0.732 0
0.375 0.77 0
0.339 0.702 0
0.359 0.702 0
0.372 0.762 0
0.321 0.776 0
0.35 0.783 0
0.348 0.788 0
0.395 0.781 0
0.318 0.729 0
0.33 0.758 0
0.373 0.738 0
0.38 0.737 0
0.333 0.731 0
0.384 0.729 0
0.333 0.792 0
0.383 0.699 0
0.414 0.701 0
0.332 0.712 0
0.338 0.722 0
0.404 0.73 0
0.393 0.727 0
0.414 0.773 0
0.33 0.73 0
0.359 0.713 0
0.362 0.781 0
0.349 0.787 0
0.389 0.724 0
0.358 0.701 0
0.324 0.791 0
0.373 0.754 0
0.378 0.718 0
0.384 0.762 0
0.332 0.777 0
0.347 0.725 0
0.377 0.77 0
0.352 0.704 0
0.402 0.725 0
0.347 0.743 0
0.32 0.788 0
0.341 0.798 0
0.407 0.699 0
0.41 0.781 0
0.354 0.75 0
0.327 0.745 0
0.338 0.789 0
0.346 0.711 0
0.368 0.72 0
0.402 0.743 0
0.366 0.722 0
0.372 0.786 0
0.361 0.734 0
0.345 0.785 0
0.414 0.777 0
0.356 0.704 0
0.341 0.743 0
0.385 0.761 0
0.334 0.729 0
0.357 0.778 0
0.385 0.773 0
0.296 0.685 0
0.378 0.732 0
0.376 0.708 0
0.327 0.678 0
0.333 0.71 0
0.311 0.646 0
0.344 0.708 0
0.348 0.678 0
0.374 0.69 0
0.382 0.707 0
0.373 0.674 0
0.298 0.726 0
0.31 0.646 0
0.368 0.715 0
0.35 0.653 0
0.3 0.735 0
0.391 0.676 0
0.348 0.718 0
0.311 0.678 0
0.315 0.699 0
0.306 0.65 0
0.34 0.696 0
0.378 0.682 0
0.362 0.731 0
0.373 0.685 0
0.388 0.691 0
0.388 0.646 0
0.36 0.709 0
0.335 0.646 0
0.327 0.694 0
0.363 0.676 0
0.385 0.66 0
0.357 0.734 0
0.308 0.681 0
0.36 0.657 0
0.327 0.646 0
0.301 0.676 0
0.392 0.646 0
0.369 0.718 0
0.314 0.692 0
0.353 0.727 0
0.376 0.637 0
0.37 0.676 0
0.303 0.724 0
0.374 0.683 0
0.375 0.699 0
0.353 0.637 0
0.383 0.734 0
0.325 0.707 0
0.311 0.698 0
0.324 0.663 0
0.31 0.695 0
0.32 0.676 0
0.338 0.714 0
0.365 0.712 0
0.365 0.702 0
0.31 0.693 0
0.374 0.675 0
0.339 0.682 0
0.343 0.726 0
0.329 0.655 0
0.326 0.669 0
0.367 0.698 0
0.382 0.722 0
0.394 0.708 0
0.354 0.662 0
0.32 0.693 0
0.37 0.733 0
0.365 0.673 0
0.369 0.694 0
0.302 0.72 0
0.383 0.656 0
0.355 0.735 0
0.394 0.719 0
0.304 0.734 0
0.3 0.688 0
0.387 0.709 0
0.389 0.705 0
0.383 0.642 0
0.329 0.677 0
0.369 0.641 0
0.308 0.683 0
0.393 0.679 0
0.385 0.635 0
0.394 0.691 0
0.393 0.683 0
0.362 0.719 0
0.318 0.695 0
0.319 0.64 0
0.335 0.717 0
0.367 0.638 0
0.297 0.662 0
0.371 0.688 0
0.319 0.697 0
0.382 0.657 0
0.329 0.68 0
0.326 0.728 0
0.389 0.722 0
0.358 0.673 0
0.375 0.689 0
0.365 0.674 0
0.333 0.604 0
0.341 0.655 0
0.369 0.586 0
0.381 0.636 0
0.334 0.615 0
0.392 0.643 0
0.409 0.635 0
0.375 0.676 0
0.35 0.591 0
0.392 0.629 0
0.394 0.606 0
0.399 0.619 0
0.379 0.62 0
0.318 0.587 0
0.408 0.634 0
0.405 0.607 0
0.33 0.643 0
0.374 0.615 0
0.319 0.624 0
0.407 0.659 0
0.349 0.661 0
0.388 0.643 0
0.371 0.593 0
0.355 0.668 0
0.344 0.674 0
0.409 0.65 0
0.321 0.599 0
0.36 0.613 0
0.353 0.635 0
0.414 0.613 0
0.392 0.653 0
0.318 0.61 0
0.365 0.602 0
0.358 0.63 0
0.354 0.642 0
0.32 0.638 0
0.374 0.585 0
0.334 0.604 0
0.36 0.656 0
0.408 0.669 0
0.339 0.677 0
0.387 0.657 0
0.353 0.621 0
0.411 0.678 0
0.35 0.628 0
0.413 0.6 0
0.341 0.674 0
0.363 0.605 0
0.334 0.64 0
0.321 0.598 0
0.388 0.676 0
0.385 0.591 0
0.348 0.648 0
0.395 0.618 0
0.337 0.593 0
0.417 0.61 0
0.367 0.623 0
0.404 0.601 0
0.406 0.595 0
0.321 0.594 0
0.381 0.638 0
0.373 0.676 0
0.365 0.679 0
0.359 0.645 0
0.369 0.664 0
0.324 0.604 0
0.408 0.677 0
0.364 0.601 0
0.349 0.652 0
0.366 0.613 0
0.403 0.579 0
0.416 0.597 0
0.415 0.617 0
0.379 0.666 0
0.371 0.677 0
0.395 0.589 0
0.368 0.658 0
0.399 0.659 0
0.351 0.668 0
0.329 0.59 0
0.41 0.613 0
0.353 0.669 0
0.417 0.583 0
0.374 0.584 0
0.383 0.593 0
0.413 0.606 0
0.4 0.585 0
0.318 0.583 0
0.398 0.671 0
0.318 0.624 0
0.373 0.607 0
0.331 0.595 0
0.399 0.628 0
0.357 0.671 0
0.404 0.619 0
0.353 0.613 0
0.327 0.65 0
0.356 0.599 0
0.339 0.598 0
0.374 0.528 0
0.439 0.602 0
0.384 0.591 0
0.42 0.552 0
0.452 0.528 0
0.407 0.554 0
0.414 0.545 0
0.454 0.528 0
0.404 0.53 0
0.415 0.536 0
0.37 0.503 0
0.398 0.544 0
0.401 0.586 0
0.419 0.537 0
0.446 0.536 0
0.413 0.551 0
0.446 0.594 0
0.388 0.536 0
0.418 0.543 0
0.418 0.506 0
0.411 0.603 0
0.459 0.588 0
0.439 0.601 0
0.364 0.58 0
0.452 0.535 0
0.423 0.58 0
0.407 0.509 0
0.428 0.529 0
0.398 0.595 0
0.381 0.573 0
0.407 0.528 0
0.381 0.572 0
0.368 0.549 0
0.408 0.562 0
0.365 0.581 0
0.428 0.548 0
0.45 0.578 0
0.439 0.57 0
0.393 0.534 0
0.439 0.599 0
0.436 0.55 0
0.393 0.524 0
0.443 0.526 0
0.451 0.522 0
0.462 0.511 0
0.4 0.542 0
0.438 0.591 0
0.387 0.541 0
0.403 0.589 0
0.459 0.55 0
0.394 0.527 0
0.384 0.53 0
0.417 0.513 0
0.445 0.579 0
0.388 0.543 0
0.365 0.556 0
0.407 0.559 0
0.459 0.578 0
0.376 0.552 0
0.439 0.508 0
0.402 0.548 0
0.399 0.528 0
0.432 0.583 0
0.379 0.556 0
0.454 0.54 0
0.455 0.555 0
0.364 0.592 0
0.402 0.594 0
0.41 0.592 0
0.462 0.533 0
0.42 0.511 0
0.42 0.599 0
0.395 0.574 0
0.422 0.522 0
0.462 0.531 0
0.458 0.597 0
0.431 0.548 0
0.385 0.593 0
0.419 0.576 0
0.413 0.594 0
0.382 0.505 0
0.368 0.597 0
0.432 0.589 0
0.421 0.602 0
0.39 0.527 0
0.442 0.603 0
0.395 0.576 0
0.384 0.538 0
0.415 0.539 0
0.403 0.567 0
0.435 0.565 0
0.446 0.594 0
0.381 0.587 0
0.366 0.527 0
0.376 0.513 0
0.416 0.548 0
0.394 0.559 0
0.453 0.575 0
0.444 0.569 0
0.444 0.555 0
0.496 0.511 0
0.468 0.476 0
0.5 0.44 0
0.501 0.442 0
0.445 0.474 0
0.453 0.493 0
0.512 0.483 0
0.528 0.521 0
0.515 0.509 0
0.485 0.458 0
0.457 0.452 0
0.462 0.487 0
0.448 0.513 0
0.51 0.514 0
0.449 0.512 0
0.479 0.493 0
0.512 0.44 0
0.501 0.461 0
0.529 0.488 0
0.454 0.442 0
0.496 0.518 0
0.445 0.442 0
0.455 0.441 0
0.52 0.463 0
0.468 0.465 0
0.434 0.488 0
0.528 0.474 0
0.484 0.474 0
0.532 0.525 0
0.517 0.477 0
0.508 0.437 0
0.519 0.475 0
0.476 0.469 0
0.504 0.439 0
0.436 0.487 0
0.514 0.475 0
0.468 0.532 0
0.443 0.461 0
0.436 0.433 0
0.513 0.506 0
0.477 0.483 0
0.499 0.491 0
0.475 0.495 0
0.464 0.445 0
0.47 0.456 0
0.455 0.463 0
0.462 0.528 0
0.448 0.505 0
0.476 0.444 0
0.486 0.453 0
0.503 0.453 0
0.476 0.493 0
0.446 0.497 0
0.469 0.436 0
0.488 0.439 0
0.482 0.515 0
0.482 0.475 0
0.517 0.532 0
0.448 0.449 0
0.486 0.523 0
0.483 0.527 0
0.468 0.514 0
0.446 0.458 0
0.453 0.463 0
0.514 0.503 0
0.505 0.465 0
0.471 0.529 0
0.471 0.512 0
0.49 0.509 0
0.458 0.491 0
0.474 0.505 0
0.433 0.506 0
0.472 0.479 0
0.482 0.471 0
0.522 0.47 0
0.515 0.512 0
0.455 0.505 0
0.521 0.525 0
0.459 0.529 0
0.533 0.438 0
0.491 0.442 0
0.466 0.484 0
0.464 0.505 0
0.456 0.432 0
0.484 0.495 0
0.512 0.452 0
0.512 0.498 0
0.501 0.468 0
0.471 0.435 0
0.502 0.5 0
0.445 0.435 0
0.504 0.44 0
0.505 0.444 0
0.441 0.494 0
0.446 0.438 0
0.52 0.498 0
0.503 0.511 0
0.439 0.441 0
0.531 0.503 0
0.463 0.532 0
0.574 0.376 0
0.578 0.419 0
0.567 0.367 0
0.562 0.433 0
0.583 0.388 0
0.618 0.395 0
0.583 0.41 0
0.562 0.361 0
0.558 0.435 0
0.574 0.387 0
0.589 0.415 0
0.593 0.445 0
0.564 0.399 0
0.522 0.393 0
0.536 0.366 0
0.602 0.368 0
0.546 0.403 0
0.581 0.356 0
0.56 0.423 0
0.561 0.377 0
0.526 0.423 0
0.607 0.423 0
0.578 0.414 0
0.543 0.38 0
0.55 0.363 0
0.586 0.365 0
0.603 0.432 0
0.595 0.368 0
0.577 0.422 0
0.581 0.361 0
0.574 0.438 0
0.603 0.447 0
0.521 0.389 0
0.566 0.366 0
0.557 0.402 0
0.562 0.449 0
0.52 0.435 0
0.561 0.42 0
0.538 0.428 0
0.537 0.392 0
0.53 0.411 0
0.565 0.442 0
0.532 0.422 0
0.552 0.387 0
0.549 0.418 0
0.609 0.388 0
0.542 0.443 0
0.528 0.428 0
0.525 0.445 0
0.595 0.358 0
0.599 0.379 0
0.567 0.452 0
0.61 0.428 0
0.601 0.426 0
0.541 0.36 0
0.543 0.415 0
0.559 0.414 0
0.529 0.36 0
0.521 0.452 0
0.617 0.447 0
0.549 0.428 0
0.598 0.385 0
0.589 0.455 0
0.54 0.451 0
0.535 0.361 0
0.573 0.398 0
0.614 0.44 0
0.53 0.422 0
0.546 0.419 0
0.562 0.441 0
0.589 0.418 0
0.576 0.363 0
0.555 0.389 0
0.597 0.443 0
0.596 0.452 0
0.566 0.422 0
0.523 0.359 0
0.557 0.401 0
0.555 0.427 0
0.521 0.363 0
0.598 0.442 0
0.563 0.406 0
0.526 0.385 0
0.566 0.406 0
0.583 0.356 0
0.616 0.371 0
0.61 0.431 0
0.614 0.421 0
0.527 0.379 0
0.568 0.365 0
0.55 0.389 0
0.546 0.378 0
0.618 0.401 0
0.582 0.415 0
0.612 0.365 0
0.581 0.432 0
0.606 0.379 0
0.579 0.443 0
0.549 0.432 0
0.61 0.391 0
0.642 0.3 0
0.624 0.328 0
0.603 0.36 0
0.609 0.332 0
0.61 0.314 0
0.636 0.367 0
0.577 0.369 0
0.581 0.316 0
0.63 0.316 0
0.622 0.356 0
0.672 0.361 0
0.577 0.293 0
0.662 0.296 0
0.65 0.37 0
0.624 0.357 0
0.624 0.287 0
0.585 0.337 0
0.586 0.345 0
0.672 0.31 0
0.61 0.323 0
0.593 0.344 0
0.629 0.353 0
0.638 0.287 0
0.672 0.294 0
0.579 0.293 0
0.666 0.35 0
0.598 0.322 0
0.593 0.354 0
0.621 0.286 0
0.614 0.303 0
0.584 0.29 0
0.58 0.355 0
0.613 0.361 0
0.59 0.272 0
0.625 0.318 0
0.638 0.302 0
0.639 0.326 0
0.591 0.332 0
0.604 0.293 0
0.6 0.367 0
0.662 0.345 0
0.627 0.359 0
0.612 0.312 0
0.589 0.37 0
0.63 0.332 0
0.655 0.28 0
0.632 0.367 0
0.664 0.362 0
0.607 0.298 0
0.589 0.319 0
0.622 0.297 0
0.674 0.312 0
0.588 0.306 0
0.652 0.342 0
0.589 0.291 0
0.617 0.343 0
0.596 0.344 0
0.612 0.321 0
0.585 0.364 0
0.672 0.366 0
0.618 0.271 0
0.648 0.348 0
0.593 0.314 0
0.67 0.308 0
0.604 0.277 0
0.6 0.371 0
0.614 0.288 0
0.579 0.336 0
0.626 0.278 0
0.661 0.326 0
0.674 0.355 0
0.628 0.368 0
0.579 0.36 0
0.669 0.336 0
0.578 0.316 0
0.653 0.346 0
0.67 0.296 0
0.599 0.313 0
0.674 0.332 0
0.601 0.29 0
0.668 0.34 0
0.636 0.317 0
0.661 0.352 0
0.605 0.351 0
0.586 0.312 0
0.65 0.332 0
0.644 0.347 0
0.599 0.295 0
0.643 0.329 0
0.595 0.343 0
0.582 0.324 0
0.662 0.34 0
0.613 0.312 0
0.65 0.336 0
0.649 0.368 0
0.592 0.295 0
0.586 0.322 0
0.614 0.358 0
0.607 0.324 0
0.675 0.293 0
0.639 0.298 0
0.639 0.281 0
0.637 0.229 0
0.602 0.282 0
0.662 0.299 0
0.653 0.251 0
0.673 0.291 0
0.679 0.223 0
0.643 0.252 0
0.689 0.289 0
0.623 0.275 0
0.678 0.224 0
0.679 0.248 0
0.645 0.208 0
0.689 0.281 0
0.697 0.295 0
0.612 0.258 0
0.633 0.217 0
0.659 0.252 0
0.617 0.302 0
0.613 0.236 0
0.61 0.27 0
0.609 0.244 0
0.683 0.271 0
0.659 0.272 0
0.65 0.279 0
0.616 0.222 0
0.604 0.213 0
0.605 0.287 0
0.691 0.246 0
0.669 0.21 0
0.673 0.248 0
0.63 0.239 0
0.615 0.209 0
0.688 0.256 0
0.699 0.245 0
0.633 0.301 0
0.651 0.302 0
0.679 0.251 0
0.652 0.233 0
0.662 0.296 0
0.625 0.234 0
0.613 0.242 0
0.676 0.242 0
0.64 0.26 0
0.645 0.263 0
0.679 0.302 0
0.649 0.242 0
0.67 0.278 0
0.605 0.294 0
0.6 0.3 0
0.616 0.288 0
0.651 0.261 0
0.614 0.296 0
0.637 0.278 0
0.652 0.252 0
0.62 0.289 0
0.644 0.203 0
0.698 0.25 0
0.619 0.204 0
0.667 0.262 0
0.687 0.262 0
0.607 0.241 0
0.642 0.256 0
0.64 0.3 0
0.689 0.249 0
0.677 0.212 0
0.668 0.223 0
0.655 0.247 0
0.681 0.266 0
0.618 0.218 0
0.616 0.277 0
0.662 0.224 0
0.658 0.225 0
0.6 0.253 0
0.68 0.231 0
0.64 0.237 0
0.677 0.278 0
0.607 0.244 0
0.615 0.23 0
0.642 0.3 0
0.661 0.246 0
0.671 0.279 0
0.654 0.296 0
0.63 0.211 0
0.669 0.228 0
0.647 0.276 0
0.607 0.25 0
0.637 0.259 0
0.692 0.222 0
0.634 0.281 0
0.637 0.209 0
0.648 0.264 0
0.637 0.264 0
0.602 0.225 0
0.674 0.233 0
0.612 0.279 0
0.689 0.281 0
0.671 0.237 0
0.62 0.289 0
0.642 0.14 0
0.659 0.159 0
0.692 0.205 0
0.691 0.147 0
0.683 0.167 0
0.665 0.176 0
0.628 0.228 0
0.697 0.197 0
0.632 0.15 0
0.622 0.186 0
0.624 0.188 0
0.615 0.218 0
0.645 0.164 0
0.674 0.168 0
0.641 0.17 0
0.606 0.204 0
0.699 0.198 0
0.609 0.174 0
0.663 0.155 0
0.639 0.201 0
0.695 0.18 0
0.654 0.229 0
0.65 0.149 0
0.677 0.162 0
0.647 0.193 0
0.631 0.195 0
0.623 0.17 0
0.599 0.163 0
0.633 0.196 0
0.602 0.186 0
0.652 0.235 0
0.634 0.194 0
0.622 0.203 0
0.638 0.21 0
0.611 0.225 0
0.691 0.156 0
0.64 0.205 0
0.61 0.18 0
0.645 0.157 0
0.607 0.214 0
0.606 0.137 0
0.612 0.229 0
0.637 0.175 0
0.611 0.225 0
0.644 0.145 0
0.675 0.216 0
0.638 0.181 0
0.672 0.234 0
0.634 0.19 0
0.609 0.173 0
0.69 0.145 0
0.602 0.197 0
0.603 0.178 0
0.639 0.151 0
0.657 0.158 0
0.678 0.203 0
0.603 0.198 0
0.626 0.211 0
0.629 0.137 0
0.648 0.163 0
0.62 0.164 0
0.608 0.218 0
0.692 0.166 0
0.669 0.227 0
0.681 0.184 0
0.653 0.213 0
0.699 0.232 0
0.614 0.138 0
0.675 0.174 0
0.694 0.193 0
0.632 0.191 0
0.621 0.191 0
0.696 0.155 0
0.695 0.171 0
0.604 0.137 0
0.615 0.223 0
0.652 0.224 0
0.689 0.156 0
0.604 0.158 0
0.677 0.191 0
0.687 0.159 0
0.611 0.173 0
0.629 0.211 0
0.668 0.225 0
0.626 0.193 0
0.674 0.225 0
0.673 0.215 0
0.639 0.178 0
0.674 0.17 0
0.626 0.21 0
0.659 0.164 0
0.677 0.182 0
0.654 0.152 0
0.657 0.235 0
0.697 0.149 0
0.642 0.137 0
0.675 0.224 0
0.658 0.155 0
0.666 0.188 0
0.605 0.16 0
0.592 0.15 0
0.565 0.146 0
0.592 0.146 0
0.571 0.132 0
0.653 0.089 0
0.615 0.152 0
0.6 0.07 0
0.639 0.148 0
0.566 0.081 0
0.583 0.134 0
0.64 0.128 0
0.586 0.109 0
0.617 0.133 0
0.575 0.083 0
0.597 0.069 0
0.597 0.134 0
0.561 0.101 0
0.555 0.062 0
0.652 0.105 0
0.585 0.062 0
0.647 0.08 0
0.629 0.11 0
0.629 0.14 0
0.602 0.104 0
0.621 0.099 0
0.621 0.145 0
0.627 0.153 0
0.61 0.131 0
0.568 0.159 0
0.568 0.102 0
0.561 0.089 0
0.65 0.149 0
0.61 0.16 0
0.641 0.156 0
0.631 0.138 0
0.642 0.117 0
0.642 0.144 0
0.581 0.081 0
0.645 0.132 0
0.597 0.068 0
0.603 0.067 0
0.567 0.15 0
0.62 0.152 0
0.572 0.07 0
0.598 0.109 0
0.58 0.075 0
0.644 0.1 0
0.555 0.158 0
0.6 0.114 0
0.609 0.084 0
0.634 0.122 0
0.626 0.075 0
0.618 0.16 0
0.644 0.084 0
0.6 0.158 0
0.63 0.153 0
0.565 0.093 0
0.648 0.082 0
0.64 0.143 0
0.629 0.066 0
0.591 0.108 0
0.579 0.062 0
0.583 0.139 0
0.65 0.15 0
0.569 0.133 0
0.654 0.138 0
0.583 0.09 0
0.623 0.081 0
0.647 0.156 0
0.566 0.112 0
0.616 0.115 0
0.605 0.106 0
0.604 0.086 0
0.561 0.14 0
0.655 0.097 0
0.64 0.093 0
0.588 0.106 0
0.556 0.125 0
0.588 0.147 0
0.556 0.131 0
0.594 0.088 0
0.602 0.079 0
0.64 0.096 0
0.58 0.08 0
0.597 0.154 0
0.618 0.067 0
0.556 0.082 0
0.613 0.154 0
0.614 0.143 0
0.613 0.08 0
0.618 0.089 0
0.605 0.069 0
0.591 0.065 0
0.624 0.145 0
0.603 0.119 0
0.571 0.126 0
0.621 0.154 0
0.638 0.092 0
0.582 0.125 0
0.597 0.138 0
0.539 0.06 0
0.483 0.049 0
0.537 0.039 0
0.549 0.137 0
0.562 0.096 0
0.562 0.12 0
0.485 0.123 0
0.525 0.134 0
0.523 0.056 0
0.53 0.056 0
0.55 0.082 0
0.544 0.126 0
0.516 0.08 0
0.485 0.105 0
0.502 0.109 0
0.528 0.116 0
0.518 0.058 0
0.568 0.052 0
0.539 0.098 0
0.544 0.084 0
0.494 0.111 0
0.481 0.041 0
0.487 0.061 0
0.495 0.101 0
0.528 0.079 0
0.542 0.064 0
0.565 0.094 0
0.484 0.131 0
0.485 0.104 0
0.491 0.111 0
0.539 0.061 0
0.486 0.095 0
0.523 0.105 0
0.51 0.08 0
0.476 0.04 0
0.514 0.123 0
0.559 0.12 0
0.559 0.046 0
0.516 0.107 0
0.541 0.09 0
0.553 0.058 0
0.491 0.088 0
0.469 0.102 0
0.536 0.137 0
0.55 0.051 0
0.541 0.08 0
0.541 0.091 0
0.488 0.094 0
0.499 0.053 0
0.55 0.08 0
0.476 0.038 0
0.512 0.112 0
0.529 0.097 0
0.54 0.121 0
0.519 0.068 0
0.526 0.085 0
0.479 0.044 0
0.563 0.042 0
0.565 0.041 0
0.538 0.108 0
0.548 0.042 0
0.475 0.087 0
0.524 0.058 0
0.514 0.132 0
0.542 0.062 0
0.558 0.054 0
0.567 0.111 0
0.558 0.111 0
0.49 0.104 0
0.564 0.065 0
0.485 0.115 0
0.567 0.041 0
0.533 0.083 0
0.468 0.061 0
0.545 0.101 0
0.567 0.049 0
0.531 0.076 0
0.503 0.062 0
0.498 0.089 0
0.562 0.086 0
0.54 0.057 0
0.533 0.118 0
0.478 0.065 0
0.551 0.099 0
0.56 0.072 0
0.552 0.132 0
0.483 0.072 0
0.533 0.097 0
0.535 0.05 0
0.473 0.071 0
0.505 0.109 0
0.551 0.087 0
0.534 0.039 0
0.55 0.049 0
0.479 0.137 0
0.532 0.096 0
0.516 0.044 0
0.512 0.132 0
0.555 0.096 0
0.497 0.037 0
0.397 0.09 0
0.382 0.103 0
0.381 0.103 0
0.411 0.076 0
0.348 0.077 0
0.347 0.091 0
0.35 0.088 0
0.428 0.133 0
0.397 0.101 0
0.434 0.074 0
0.371 0.113 0
0.398 0.091 0
0.402 0.071 0
0.354 0.14 0
0.39 0.137 0
0.416 0.082 0
0.431 0.158 0
0.342 0.124 0
0.413 0.1 0
0.349 0.11 0
0.421 0.103 0
0.366 0.157 0
0.34 0.138 0
0.394 0.118 0
0.409 0.155 0
0.383 0.098 0
0.431 0.078 0
0.383 0.162 0
0.419 0.074 0
0.384 0.078 0
0.35 0.081 0
0.39 0.076 0
0.356 0.142 0
0.395 0.128 0
0.365 0.082 0
0.369 0.163 0
0.389 0.108 0
0.358 0.108 0
0.376 0.125 0
0.432 0.138 0
0.389 0.133 0
0.389 0.114 0
0.39 0.147 0
0.37 0.131 0
0.361 0.162 0
0.423 0.166 0
0.375 0.086 0
0.435 0.134 0
0.412 0.151 0
0.406 0.148 0
0.435 0.144 0
0.343 0.074 0
0.421 0.109 0
0.356 0.087 0
0.374 0.166 0
0.396 0.165 0
0.412 0.082 0
0.431 0.143 0
0.36 0.105 0
0.387 0.145 0
0.39 0.149 0
0.373 0.088 0
0.418 0.077 0
0.34 0.165 0
0.399 0.114 0
0.433 0.114 0
0.364 0.095 0
0.354 0.147 0
0.344 0.144 0
0.357 0.133 0
0.387 0.161 0
0.384 0.117 0
0.4 0.077 0
0.349 0.124 0
0.414 0.108 0
0.342 0.113 0
0.362 0.135 0
0.366 0.162 0
0.363 0.096 0
0.351 0.102 0
0.361 0.111 0
0.385 0.153 0
0.379 0.148 0
0.406 0.139 0
0.369 0.121 0
0.346 0.146 0
0.423 0.094 0
0.338 0.071 0
0.357 0.067 0
0.411 0.165 0
0.383 0.081 0
0.371 0.123 0
0.411 0.123 0
0.336 0.131 0
0.416 0.156 0
0.341 0.082 0
0.391 0.155 0
0.411 0.093 0
0.385 0.146 0
0.375 0.139 0
0.291 0.182 0
0.361 0.165 0
0.285 0.221 0
0.353 0.223 0
0.382 0.215 0
0.369 0.174 0
0.346 0.212 0
0.319 0.156 0
0.315 0.173 0
0.376 0.133 0
0.378 0.206 0
0.286 0.183 0
0.307 0.213 0
0.308 0.198 0
0.333 0.138 0
0.297 0.203 0
0.347 0.189 0
0.298 0.224 0
0.298 0.203 0
0.313 0.185 0
0.317 0.153 0
0.328 0.138 0
0.303 0.225 0
0.346 0.174 0
0.317 0.191 0
0.368 0.184 0
0.377 0.231 0
0.346 0.187 0
0.342 0.21 0
0.349 0.17 0
0.334 0.145 0
0.35 0.207 0
0.296 0.223 0
0.288 0.21 0
0.375 0.142 0
0.356 0.146 0
0.364 0.23 0
0.297 0.175 0
0.32 0.161 0
0.371 0.174 0
0.361 0.182 0
0.303 0.206 0
0.343 0.177 0
0.291 0.139 0
0.34 0.176 0
0.294 0.154 0
0.308 0.15 0
0.309 0.226 0
0.289 0.201 0
0.32 0.16 0
0.373 0.195 0
0.37 0.21 0
0.285 0.195 0
0.362 0.208 0
0.377 0.205 0
0.364 0.141 0
0.308 0.144 0
0.296 0.197 0
0.382 0.212 0
0.348 0.171 0
0.327 0.153 0
0.341 0.171 0
0.363 0.213 0
0.307 0.175 0
0.327 0.134 0
0.381 0.156 0
0.346 0.152 0
0.336 0.18 0
0.284 0.219 0
0.305 0.134 0
0.314 0.201 0
0.323 0.229 0
0.361 0.203 0
0.315 0.213 0
0.332 0.21 0
0.359 0.164 0
0.299 0.174 0
0.374 0.137 0
0.351 0.227 0
0.336 0.197 0
0.356 0.209 0
0.307 0.177 0
0.329 0.229 0
0.318 0.196 0
0.284 0.133 0
0.357 0.168 0
0.322 0.172 0
0.38 0.174 0
0.343 0.182 0
0.359 0.154 0
0.296 0.135 0
0.297 0.181 0
0.325 0.148 0
0.295 0.169 0
0.32 0.207 0
0.297 0.171 0
0.37 0.157 0
0.318 0.137 0
0.333 0.177 0
0.36 0.152 0
0.327 0.246 0
0.377 0.229 0
0.348 0.245 0
0.375 0.262 0
0.35 0.284 0
0.319 0.248 0
0.339 0.217 0
0.337 0.272 0
0.314 0.227 0
0.377 0.253 0
0.399 0.26 0
0.389 0.264 0
0.382 0.284 0
0.383 0.276 0
0.397 0.231 0
0.386 0.238 0
0.385 0.222 0
0.31 0.244 0
0.395 0.247 0
0.382 0.277 0
0.353 0.234 0
0.341 0.218 0
0.397 0.246 0
0.327 0.19 0
0.357 0.22 0
0.351 0.203 0
0.401 0.27 0
0.316 0.232 0
0.372 0.268 0
0.32 0.273 0
0.323 0.199 0
0.329 0.235 0
0.36 0.249 0
0.381 0.228 0
0.397 0.267 0
0.384 0.21 0
0.317 0.274 0
0.388 0.273 0
0.344 0.233 0
0.387 0.266 0
0.396 0.28 0
0.351 0.271 0
0.316 0.228 0
0.337 0.235 0
0.351 0.229 0
0.348 0.21 0
0.351 0.272 0
0.391 0.266 0
0.36 0.213 0
0.363 0.27 0
0.362 0.215 0
0.374 0.234 0
0.333 0.255 0
0.338 0.214 0
0.347 0.21 0
0.359 0.208 0
0.307 0.189 0
0.305 0.257 0
0.344 0.27 0
0.378 0.218 0
0.381 0.196 0
0.363 0.287 0
0.398 0.236 0
0.347 0.274 0
0.341 0.263 0
0.311 0.233 0
0.333 0.199 0
0.345 0.209 0
0.374 0.231 0
0.384 0.246 0
0.315 0.248 0
0.355 0.272 0
0.324 0.239 0
0.371 0.228 0
0.339 0.189 0
0.319 0.274 0
0.353 0.251 0
0.339 0.2 0
0.301 0.227 0
0.336 0.224 0
0.301 0.279 0
0.39 0.224 0
0.376 0.269 0
0.379 0.251 0
0.335 0.264 0
0.331 0.285 0
0.309 0.214 0
0.339 0.204 0
0.309 0.254 0
0.368 0.278 0
0.306 0.283 0
0.322 0.259 0
0.345 0.263 0
0.373 0.224 0
0.334 0.211 0
0.39 0.22 0
0.316 0.256 0
0.393 0.277 0
0.312 0.223 0
0.393 0.264 0
0.35 0.285 0
0.431 0.331 0
0.354 0.275 0
0.396 0.302 0
0.404 0.259 0
0.398 0.314 0
0.37 0.308 0
0.345 0.301 0
0.393 0.302 0
0.37 0.269 0
0.419 0.33 0
0.4 0.294 0
0.425 0.24 0
0.35 0.331 0
0.373 0.26 0
0.422 0.242 0
0.36 0.26 0
0.404 0.314 0
0.341 0.246 0
0.376 0.269 0
0.403 0.297 0
0.405 0.234 0
0.35 0.296 0
0.37 0.237 0
0.354 0.245 0
0.341 0.307 0
0.419 0.273 0
0.375 0.311 0
0.35 0.267 0
0.383 0.326 0
0.402 0.285 0
0.352 0.332 0
0.429 0.233 0
0.365 0.316 0
0.342 0.33 0
0.398 0.317 0
0.428 0.323 0
0.365 0.233 0
0.371 0.24 0
0.424 0.278 0
0.377 0.296 0
0.349 0.31 0
0.341 0.265 0
0.382 0.269 0
0.421 0.258 0
0.42 0.3 0
0.42 0.289 0
0.386 0.277 0
0.352 0.303 0
0.382 0.233 0
0.342 0.264 0
0.375 0.266 0
0.431 0.279 0
0.349 0.309 0
0.375 0.286 0
0.403 0.291 0
0.36 0.281 0
0.427 0.33 0
0.425 0.275 0
0.336 0.253 0
0.375 0.242 0
0.345 0.288 0
0.402 0.316 0
0.41 0.302 0
0.363 0.293 0
0.427 0.24 0
0.349 0.317 0
0.337 0.314 0
0.415 0.259 0
0.38 0.314 0
0.387 0.304 0
0.411 0.269 0
0.418 0.291 0
0.334 0.27 0
0.381 0.244 0
0.408 0.284 0
0.39 0.314 0
0.341 0.239 0
0.374 0.281 0
0.39 0.263 0
0.397 0.248 0
0.386 0.278 0
0.432 0.27 0
0.359 0.281 0
0.352 0.294 0
0.373 0.26 0
0.368 0.319 0
0.372 0.311 0
0.384 0.242 0
0.392 0.297 0
0.406 0.314 0
0.414 0.253 0
0.393 0.333 0
0.334 0.329 0
0.403 0.239 0
0.381 0.323 0
0.411 0.272 0
0.392 0.32 0
0.428 0.257 0
0.358 0.26 0
0.457 0.318 0
0.391 0.341 0
0.436 0.31 0
0.386 0.318 0
0.452 0.365 0
0.391 0.365 0
0.438 0.315 0
0.44 0.34 0
0.43 0.316 0
0.443 0.332 0
0.426 0.316 0
0.461 0.331 0
0.481 0.311 0
0.421 0.338 0
0.388 0.345 0
0.446 0.325 0
0.479 0.321 0
0.456 0.353 0
0.394 0.382 0
0.413 0.36 0
0.48 0.389 0
0.443 0.357 0
0.405 0.303 0
0.395 0.307 0
0.413 0.388 0
0.392 0.319 0
0.456 0.306 0
0.435 0.391 0
0.441 0.382 0
0.436 0.305 0
0.432 0.395 0
0.422 0.326 0
0.391 0.351 0
0.466 0.334 0
0.405 0.371 0
0.396 0.354 0
0.415 0.394 0
0.48 0.388 0
0.441 0.328 0
0.405 0.319 0
0.472 0.352 0
0.397 0.338 0
0.436 0.347 0
0.413 0.391 0
0.461 0.368 0
0.465 0.364 0
0.434 0.364 0
0.455 0.342 0
0.453 0.333 0
0.427 0.311 0
0.458 0.322 0
0.481 0.343 0
0.468 0.34 0
0.45 0.341 0
0.43 0.361 0
0.387 0.387 0
0.449 0.387 0
0.469 0.385 0
0.434 0.309 0
0.475 0.301 0
0.432 0.376 0
0.419 0.353 0
0.401 0.361 0
0.464 0.387 0
0.407 0.363 0
0.426 0.311 0
0.482 0.387 0
0.401 0.313 0
0.387 0.343 0
0.422 0.383 0
0.473 0.363 0
0.467 0.383 0
0.464 0.388 0
0.451 0.384 0
0.466 0.39 0
0.479 0.343 0
0.415 0.31 0
0.403 0.361 0
0.406 0.299 0
0.413 0.35 0
0.458 0.34 0
0.412 0.329 0
0.468 0.316 0
0.433 0.343 0
0.453 0.384 0
0.438 0.319 0
0.467 0.375 0
0.416 0.377 0
0.424 0.371 0
0.411 0.309 0
0.468 0.359 0
0.458 0.328 0
0.418 0.309 0
0.445 0.297 0
0.421 0.367 0
0.402 0.304 0
0.438 0.331 0
0.447 0.367 0
0.46 0.397 0
0.462 0.367 0
0.435 0.357 0
0.461 0.393 0
0.45 0.426 0
0.471 0.408 0
0.469 0.426 0
0.502 0.368 0
0.423 0.433 0
0.514 0.427 0
0.498 0.362 0
0.472 0.374 0
0.51 0.348 0
0.516 0.348 0
0.426 0.437 0
0.427 0.432 0
0.46 0.399 0
0.508 0.393 0
0.428 0.382 0
0.462 0.39 0
0.516 0.416 0
0.5 0.384 0
0.458 0.365 0
0.481 0.373 0
0.463 0.383 0
0.456 0.398 0
0.485 0.366 0
0.463 0.379 0
0.513 0.43 0
0.487 0.393 0
0.452 0.4 0
0.43 0.408 0
0.445 0.419 0
0.52 0.39 0
0.44 0.348 0
0.446 0.37 0
0.444 0.384 0
0.478 0.379 0
0.495 0.375 0
0.479 0.362 0
0.509 0.365 0
0.521 0.397 0
0.488 0.411 0
0.454 0.369 0
0.428 0.392 0
0.513 0.401 0
0.431 0.348 0
0.424 0.41 0
0.453 0.397 0
0.442 0.36 0
0.434 0.421 0
0.43 0.345 0
0.519 0.362 0
0.505 0.425 0
0.471 0.349 0
0.464 0.375 0
0.499 0.398 0
0.489 0.397 0
0.461 0.438 0
0.509 0.424 0
0.44 0.382 0
0.482 0.425 0
0.51 0.398 0
0.434 0.373 0
0.443 0.356 0
0.425 0.409 0
0.522 0.368 0
0.51 0.344 0
0.513 0.375 0
0.5 0.414 0
0.469 0.403 0
0.431 0.404 0
0.517 0.354 0
0.495 0.432 0
0.511 0.404 0
0.494 0.407 0
0.436 0.434 0
0.439 0.415 0
0.464 0.357 0
0.469 0.346 0
0.515 0.377 0
0.469 0.377 0
0.509 0.431 0
0.518 0.393 0
0.457 0.399 0
0.445 0.421 0
0.501 0.374 0
0.503 0.436 0
0.424 0.438 0
0.452 0.35 0
0.45 0.359 0
0.475 0.424 0
0.45 0.363 0
0.462 0.384 0
0.438 0.408 0
0.512 0.374 0
0.463 0.413 0
0.472 0.346 0
0.433 0.435 0
0.461 0.437 0
0.435 0.403 0
0.455 0.423 0
0.56 0.433 0
0.561 0.432 0
0.566 0.383 0
0.558 0.384 0
0.479 0.446 0
0.558 0.421 0
0.48 0.427 0
0.561 0.389 0
0.565 0.397 0
0.563 0.419 0
0.495 0.442 0
0.526 0.395 0
0.523 0.392 0
0.555 0.41 0
0.493 0.376 0
0.499 0.419 0
0.484 0.375 0
0.571 0.421 0
0.505 0.437 0
0.57 0.381 0
0.511 0.398 0
0.483 0.44 0
0.503 0.387 0
0.509 0.377 0
0.541 0.463 0
0.538 0.411 0
0.495 0.41 0
0.531 0.39 0
0.478 0.436 0
0.499 0.391 0
0.54 0.447 0
0.526 0.413 0
0.492 0.461 0
0.532 0.469 0
0.485 0.433 0
0.557 0.383 0
0.541 0.4 0
0.479 0.458 0
0.524 0.427 0
0.557 0.426 0
0.501 0.384 0
0.533 0.471 0
0.508 0.388 0
0.545 0.435 0
0.554 0.398 0
0.505 0.458 0
0.525 0.437 0
0.491 0.408 0
0.478 0.464 0
0.49 0.387 0
0.487 0.377 0
0.512 0.404 0
0.493 0.397 0
0.501 0.397 0
0.513 0.38 0
0.508 0.401 0
0.5 0.39 0
0.563 0.399 0
0.487 0.374 0
0.508 0.423 0
0.512 0.413 0
0.529 0.375 0
0.524 0.431 0
0.517 0.373 0
0.548 0.384 0
0.483 0.372 0
0.492 0.449 0
0.498 0.378 0
0.498 0.408 0
0.503 0.463 0
0.534 0.464 0
0.495 0.411 0
0.544 0.378 0
0.487 0.445 0
0.518 0.428 0
0.571 0.459 0
0.537 0.463 0
0.529 0.461 0
0.545 0.459 0
0.477 0.413 0
0.551 0.389 0
0.496 0.425 0
0.534 0.377 0
0.566 0.443 0
0.506 0.448 0
0.535 0.411 0
0.531 0.47 0
0.562 0.415 0
0.502 0.428 0
0.552 0.377 0
0.481 0.449 0
0.523 0.427 0
0.555 0.378 0
0.559 0.44 0
0.57 0.399 0
0.537 0.404 0
0.498 0.469 0
0.56 0.46 0
0.479 0.391 0
0.567 0.381 0
0.592 0.506 0
0.6 0.53 0
0.663 0.502 0
0.613 0.534 0
0.581 0.47 0
0.656 0.548 0
0.632 0.535 0
0.641 0.548 0
0.626 0.498 0
0.579 0.516 0
0.645 0.455 0
0.63 0.534 0
0.657 0.541 0
0.614 0.452 0
0.591 0.452 0
0.574 0.53 0
0.607 0.455 0
0.614 0.489 0
0.657 0.477 0
0.652 0.549 0
0.617 0.524 0
0.595 0.47 0
0.633 0.489 0
0.655 0.492 0
0.617 0.538 0
0.607 0.488 0
0.577 0.505 0
0.614 0.515 0
0.574 0.473 0
0.657 0.457 0
0.647 0.532 0
0.584 0.541 0
0.621 0.476 0
0.595 0.5 0
0.627 0.499 0
0.604 0.536 0
0.584 0.47 0
0.656 0.451 0
0.618 0.467 0
0.607 0.516 0
0.659 0.491 0
0.649 0.514 0
0.654 0.503 0
0.663 0.547 0
0.643 0.471 0
0.655 0.455 0
0.649 0.537 0
0.577 0.508 0
0.651 0.526 0
0.652 0.515 0
0.609 0.465 0
0.634 0.475 0
0.647 0.47 0
0.576 0.467 0
0.633 0.541 0
0.59 0.496 0
0.657 0.51 0
0.619 0.497 0
0.594 0.505 0
0.599 0.5 0
0.648 0.497 0
0.589 0.52 0
0.613 0.475 0
0.599 0.473 0
0.603 0.517 0
0.597 0.51 0
0.588 0.46 0
0.636 0.517 0
0.646 0.497 0
0.65 0.543 0
0.666 0.528 0
0.6 0.515 0
0.625 0.539 0
0.594 0.454 0
0.62 0.487 0
0.637 0.526 0
0.619 0.488 0
0.635 0.517 0
0.589 0.541 0
0.629 0.528 0
0.636 0.531 0
0.572 0.463 0
0.646 0.47 0
0.58 0.491 0
0.616 0.518 0
0.642 0.456 0
0.606 0.534 0
0.575 0.493 0
0.627 0.486 0
0.668 0.543 0
0.669 0.506 0
0.669 0.523 0
0.586 0.495 0
0.606 0.472 0
0.577 0.5 0
0.623 0.523 0
0.607 0.501 0
0.635 0.483 0
0.643 0.475 0
0.658 0.461 0
0.727 0.659 0
0.683 0.566 0
0.64 0.664 0
0.706 0.589 0
0.629 0.6 0
0.715 0.651 0
0.712 0.582 0
0.657 0.658 0
0.677 0.635 0
0.686 0.615 0
0.708 0.61 0
0.693 0.599 0
0.721 0.597 0
0.667 0.64 0
0.652 0.599 0
0.66 0.629 0
0.669 0.589 0
0.664 0.648 0
0.723 0.629 0
0.678 0.659 0
0.64 0.637 0
0.69 0.626 0
0.646 0.6 0
0.672 0.595 0
0.692 0.575 0
0.728 0.622 0
0.714 0.57 0
0.631 0.6 0
0.689 0.634 0
0.658 0.641 0
0.66 0.654 0
0.688 0.605 0
0.714 0.576 0
0.684 0.586 0
0.674 0.615 0
0.724 0.649 0
0.679 0.607 0
0.721 0.612 0
0.646 0.605 0
0.691 0.616 0
0.677 0.632 0
0.651 0.573 0
0.663 0.574 0
0.653 0.59 0
0.69 0.603 0
0.729 0.658 0
0.673 0.578 0
0.724 0.614 0
0.673 0.651 0
0.695 0.648 0
0.718 0.574 0
0.704 0.581 0
0.715 0.575 0
0.641 0.58 0
0.658 0.607 0
0.673 0.583 0
0.729 0.613 0
0.711 0.658 0
0.682 0.62 0
0.656 0.636 0
0.716 0.595 0
0.68 0.665 0
0.694 0.657 0
0.629 0.588 0
0.71 0.625 0
0.666 0.662 0
0.681 0.608 0
0.694 0.615 0
0.66 0.639 0
0.648 0.664 0
0.692 0.624 0
0.708 0.604 0
0.673 0.582 0
0.63 0.654 0
0.672 0.609 0
0.7 0.589 0
0.713 0.635 0
0.657 0.59 0
0.705 0.611 0
0.644 0.646 0
0.679 0.634 0
0.698 0.652 0
0.67 0.615 0
0.711 0.597 0
0.707 0.646 0
0.705 0.635 0
0.704 0.584 0
0.648 0.607 0
0.692 0.662 0
0.685 0.602 0
0.692 0.645 0
0.676 0.612 0
0.661 0.633 0
0.642 0.639 0
0.716 0.635 0
0.648 0.587 0
0.652 0.611 0
0.681 0.659 0
0.688 0.654 0
0.726 0.581 0
0.724 0.71 0
0.675 0.664 0
0.696 0.7 0
0.649 0.634 0
0.656 0.723 0
0.687 0.644 0
0.688 0.66 0
0.675 0.645 0
0.733 0.711 0
0.647 0.682 0
0.743 0.706 0
0.694 0.663 0
0.72 0.726 0
0.702 0.648 0
0.662 0.644 0
0.655 0.701 0
0.687 0.647 0
0.672 0.649 0
0.671 0.715 0
0.657 0.679 0
0.67 0.708 0
0.678 0.717 0
0.689 0.715 0
0.744 0.671 0
0.69 0.715 0
0.659 0.705 0
0.712 0.656 0
0.727 0.671 0
0.745 0.692 0
0.706 0.684 0
0.69 0.693 0
0.701 0.64 0
0.736 0.727 0
0.704 0.674 0
0.666 0.701 0
0.701 0.664 0
0.688 0.643 0
0.723 0.648 0
0.739 0.672 0
0.711 0.642 0
0.706 0.692 0
0.684 0.709 0
0.711 0.656 0
0.71 0.667 0
0.659 0.672 0
0.718 0.663 0
0.712 0.683 0
0.727 0.725 0
0.706 0.664 0
0.733 0.652 0
0.648 0.669 0
0.721 0.723 0
0.71 0.666 0
0.707 0.631 0
0.657 0.667 0
0.741 0.705 0
0.735 0.639 0
0.678 0.709 0
0.705 0.69 0
0.659 0.65 0
0.646 0.634 0
0.694 0.636 0
0.657 0.695 0
0.648 0.689 0
0.681 0.64 0
0.646 0.691 0
0.675 0.709 0
0.684 0.658 0
0.696 0.676 0
0.656 0.71 0
0.676 0.692 0
0.676 0.675 0
0.662 0.676 0
0.678 0.724 0
0.671 0.715 0
0.728 0.685 0
0.732 0.669 0
0.725 0.672 0
0.658 0.68 0
0.703 0.713 0
0.676 0.72 0
0.739 0.638 0
0.725 0.634 0
0.683 0.701 0
0.71 0.66 0
0.655 0.669 0
0.671 0.645 0
0.704 0.691 0
0.665 0.657 0
0.7 0.668 0
0.734 0.724 0
0.746 0.701 0
0.699 0.686 0
0.654 0.638 0
0.646 0.642 0
0.729 0.642 0
0.711 0.632 0
0.673 0.668 0
0.653 0.665 0
0.676 0.677 0
0.636 0.797 0
0.653 0.721 0
0.647 0.742 0
0.663 0.711 0
0.699 0.79 0
0.687 0.743 0
0.64 0.782 0
0.638 0.762 0
0.721 0.738 0
0.687 0.782 0
0.712 0.802 0
0.643 0.773 0
0.692 0.711 0
0.638 0.76 0
0.717 0.716 0
0.681 0.775 0
0.67 0.797 0
0.687 0.711 0
0.648 0.79 0
0.727 0.806 0
0.714 0.804 0
0.666 0.803 0
0.638 0.797 0
0.721 0.731 0
0.666 0.794 0
0.708 0.798 0
0.693 0.753 0
0.666 0.736 0
0.673 0.773 0
0.699 0.78 0
0.641 0.728 0
0.71 0.768 0
0.637 0.793 0
0.694 0.741 0
0.634 0.802 0
0.658 0.787 0
0.683 0.749 0
0.68 0.747 0
0.631 0.759 0
0.645 0.778 0
0.632 0.77 0
0.667 0.737 0
0.69 0.732 0
0.643 0.728 0
0.652 0.786 0
0.632 0.795 0
0.726 0.766 0
0.695 0.727 0
0.659 0.719 0
0.669 0.73 0
0.668 0.755 0
0.664 0.73 0
0.665 0.708 0
0.645 0.71 0
0.688 0.734 0
0.707 0.721 0
0.717 0.716 0
0.629 0.72 0
0.634 0.785 0
0.652 0.743 0
0.706 0.748 0
0.718 0.717 0
0.662 0.793 0
0.664 0.772 0
0.658 0.796 0
0.697 0.716 0
0.639 0.782 0
0.689 0.804 0
0.691 0.752 0
0.718 0.766 0
0.629 0.708 0
0.678 0.733 0
0.674 0.744 0
0.708 0.783 0
0.727 0.743 0
0.691 0.775 0
0.722 0.8 0
0.69 0.775 0
0.663 0.784 0
0.708 0.787 0
0.711 0.788 0
0.726 0.798 0
0.671 0.73 0
0.687 0.799 0
0.706 0.715 0
0.677 0.801 0
0.644 0.746 0
0.649 0.784 0
0.681 0.806 0
0.705 0.794 0
0.683 0.755 0
0.658 0.738 0
0.645 0.762 0
0.691 0.722 0
0.685 0.729 0
0.642 0.76 0
0.64 0.77 0
0.678 0.76 0
0.699 0.785 0
0.674 0.737 0
0.654 0.546 0
0.625 0.589 0
0.678 0.522 0
0.684 0.553 0
0.623 0.538 0
0.622 0.512 0
0.624 0.532 0
0.618 0.55 0
0.678 0.557 0
0.703 0.582 0
0.715 0.582 0
0.667 0.514 0
0.687 0.518 0
0.637 0.604 0
0.69 0.513 0
0.656 0.604 0
0.676 0.53 0
0.693 0.577 0
0.695 0.598 0
0.65 0.545 0
0.636 0.533 0
0.64 0.561 0
0.679 0.584 0
0.709 0.572 0
0.713 0.573 0
0.619 0.575 0
0.675 0.53 0
0.699 0.526 0
0.697 0.54 0
0.643 0.521 0
0.691 0.544 0
0.649 0.556 0
0.694 0.54 0
0.708 0.561 0
0.681 0.585 0
0.616 0.6 0
0.628 0.604 0
0.636 0.541 0
0.665 0.567 0
0.635 0.591 0
0.628 0.583 0
0.669 0.514 0
0.668 0.536 0
0.636 0.554 0
0.684 0.587 0
0.654 0.593 0
0.616 0.534 0
0.684 0.574 0
0.709 0.576 0
0.632 0.567 0
0.688 0.527 0
0.687 0.562 0
0.668 0.6 0
0.683 0.594 0
0.626 0.569 0
0.659 0.513 0
0.652 0.55 0
0.697 0.607 0
0.651 0.543 0
0.701 0.539 0
0.649 0.606 0
0.698 0.609 0
0.637 0.562 0
0.7 0.529 0
0.677 0.606 0
0.661 0.521 0
0.698 0.608 0
0.658 0.544 0
0.696 0.6 0
0.633 0.577 0
0.632 0.598 0
0.683 0.571 0
0.679 0.548 0
0.669 0.53 0
0.622 0.522 0
0.642 0.532 0
0.64 0.52 0
0.637 0.537 0
0.656 0.561 0
0.714 0.586 0
0.697 0.579 0
0.716 0.576 0
0.713 0.572 0
0.64 0.604 0
0.661 0.574 0
0.666 0.58 0
0.645 0.537 0
0.651 0.516 0
0.684 0.544 0
0.663 0.515 0
0.632 0.541 0
0.624 0.591 0
0.639 0.59 0
0.666 0.583 0
0.695 0.561 0
0.668 0.528 0
0.68 0.565 0
0.71 0.561 0
0.634 0.577 0
0.67 0.542 0
0.425 0.059 0
0.504 0.1 0
0.438 0.081 0
0.423 0.064 0
0.42 0.143 0
0.492 0.09 0
0.444 0.12 0
0.419 0.083 0
0.485 0.12 0
0.498 0.069 0
0.416 0.067 0
0.475 0.056 0
0.498 0.059 0
0.446 0.05 0
0.494 0.117 0
0.438 0.061 0
0.432 0.081 0
0.411 0.101 0
0.444 0.05 0
0.416 0.136 0
0.475 0.054 0
0.484 0.076 0
0.474 0.079 0
0.502 0.091 0
0.469 0.102 0
0.497 0.11 0
0.436 0.081 0
0.413 0.14 0
0.419 0.107 0
0.449 0.109 0
0.475 0.092 0
0.418 0.144 0
0.408 0.147 0
0.487 0.115 0
0.451 0.136 0
0.498 0.104 0
0.446 0.056 0
0.432 0.099 0
0.446 0.132 0
0.414 0.145 0
0.416 0.141 0
0.473 0.129 0
0.428 0.131 0
0.474 0.061 0
0.464 0.081 0
0.439 0.084 0
0.474 0.129 0
0.408 0.105 0
0.494 0.105 0
0.506 0.071 0
0.409 0.059 0
0.443 0.096 0
0.473 0.09 0
0.459 0.113 0
0.506 0.096 0
0.471 0.05 0
0.449 0.052 0
0.498 0.092 0
0.452 0.052 0
0.445 0.087 0
0.43 0.114 0
0.424 0.104 0
0.431 0.123 0
0.452 0.084 0
0.464 0.086 0
0.427 0.142 0
0.44 0.051 0
0.473 0.074 0
0.425 0.072 0
0.502 0.061 0
0.503 0.054 0
0.494 0.144 0
0.419 0.085 0
0.431 0.126 0
0.461 0.052 0
0.469 0.059 0
0.479 0.129 0
0.435 0.117 0
0.441 0.092 0
0.413 0.137 0
0.455 0.121 0
0.484 0.074 0
0.498 0.137 0
0.455 0.08 0
0.422 0.148 0
0.433 0.082 0
0.496 0.062 0
0.463 0.049 0
0.426 0.066 0
0.458 0.134 0
0.468 0.115 0
0.48 0.109 0
0.476 0.085 0
0.443 0.077 0
0.484 0.102 0
0.489 0.102 0
0.408 0.056 0
0.465 0.112 0
0.488 0.129 0
0.444 0.105 0
0.411 0.408 0
0.448 0.407 0
0.485 0.402 0
0.448 0.444 0
0.457 0.471 0
0.42 0.481 0
0.482 0.406 0
0.476 0.496 0
0.413 0.412 0
0.441 0.458 0
0.457 0.501 0
0.454 0.447 0
0.471 0.425 0
0.446 0.429 0
0.392 0.441 0
0.441 0.435 0
0.41 0.446 0
0.467 0.481 0
0.408 0.49 0
0.428 0.436 0
0.408 0.492 0
0.461 0.462 0
0.42 0.462 0
0.456 0.46 0
0.434 0.487 0
0.447 0.422 0
0.486 0.462 0
0.411 0.423 0
0.44 0.466 0
0.466 0.49 0
0.404 0.462 0
0.407 0.463 0
0.416 0.416 0
0.471 0.498 0
0.483 0.444 0
0.41 0.443 0
0.461 0.456 0
0.395 0.493 0
0.396 0.475 0
0.437 0.428 0
0.443 0.467 0
0.401 0.501 0
0.403 0.418 0
0.483 0.438 0
0.43 0.473 0
0.4 0.487 0
0.458 0.454 0
0.446 0.465 0
0.43 0.487 0
0.437 0.484 0
0.449 0.451 0
0.476 0.444 0
0.391 0.409 0
0.411 0.488 0
0.437 0.494 0
0.409 0.432 0
0.471 0.423 0
0.468 0.419 0
0.472 0.437 0
0.482 0.484 0
0.467 0.42 0
0.442 0.431 0
0.439 0.482 0
0.397 0.479 0
0.428 0.439 0
0.419 0.452 0
0.441 0.415 0
0.426 0.462 0
0.416 0.474 0
0.39 0.452 0
0.45 0.442 0
0.419 0.424 0
0.394 0.403 0
0.405 0.408 0
0.425 0.448 0
0.465 0.454 0
0.464 0.467 0
0.469 0.494 0
0.386 0.469 0
0.451 0.421 0
0.432 0.464 0
0.483 0.42 0
0.477 0.434 0
0.455 0.453 0
0.453 0.426 0
0.445 0.474 0
0.483 0.43 0
0.484 0.487 0
0.426 0.425 0
0.428 0.409 0
0.402 0.486 0
0.445 0.496 0
0.417 0.493 0
0.392 0.479 0
0.431 0.441 0
0.448 0.471 0
0.441 0.421 0
0.481 0.432 0
0.389 0.437 0
0.457 0.433 0
0.36 0.448 0
0.281 0.472 0
0.285 0.457 0
0.309 0.431 0
0.378 0.464 0
0.348 0.508 0
0.291 0.494 0
0.294 0.438 0
0.374 0.437 0
0.33 0.471 0
0.283 0.421 0
0.343 0.472 0
0.359 0.442 0
0.289 0.412 0
0.329 0.494 0
0.374 0.455 0
0.348 0.45 0
0.299 0.419 0
0.324 0.508 0
0.313 0.462 0
0.295 0.466 0
0.332 0.44 0
0.3 0.496 0
0.374 0.454 0
0.379 0.435 0
0.316 0.499 0
0.322 0.43 0
0.336 0.501 0
0.34 0.497 0
0.3 0.508 0
0.33 0.43 0
0.345 0.463 0
0.375 0.424 0
0.345 0.449 0
0.285 0.476 0
0.313 0.499 0
0.353 0.424 0
0.34 0.447 0
0.29 0.464 0
0.358 0.423 0
0.377 0.464 0
0.345 0.424 0
0.327 0.415 0
0.374 0.458 0
0.288 0.414 0
0.315 0.445 0
0.308 0.436 0
0.29 0.419 0
0.305 0.471 0
0.353 0.447 0
0.333 0.452 0
0.337 0.429 0
0.305 0.423 0
0.34 0.443 0
0.354 0.429 0
0.359 0.423 0
0.324 0.445 0
0.378 0.51 0
0.319 0.428 0
0.363 0.447 0
0.341 0.46 0
0.311 0.442 0
0.357 0.459 0
0.338 0.464 0
0.307 0.423 0
0.374 0.425 0
0.311 0.483 0
0.379 0.435 0
0.344 0.481 0
0.281 0.436 0
0.363 0.42 0
0.366 0.411 0
0.316 0.423 0
0.333 0.437 0
0.332 0.426 0
0.309 0.427 0
0.317 0.49 0
0.363 0.449 0
0.292 0.474 0
0.325 0.504 0
0.331 0.423 0
0.376 0.468 0
0.363 0.486 0
0.325 0.42 0
0.354 0.51 0
0.35 0.427 0
0.342 0.506 0
0.344 0.504 0
0.372 0.417 0
0.32 0.474 0
0.326 0.486 0
0.366 0.496 0
0.29 0.424 0
0.368 0.499 0
0.345 0.448 0
0.374 0.42 0
0.285 0.463 0
0.315 0.487 0
0.284 0.505 0
0.356 0.433 0
0.303 0.522 0
0.259 0.495 0
0.223 0.495 0
0.223 0.483 0
0.247 0.516 0
0.254 0.513 0
0.248 0.496 0
0.254 0.52 0
0.275 0.449 0
0.245 0.506 0
0.27 0.481 0
0.268 0.422 0
0.224 0.504 0
0.226 0.48 0
0.259 0.475 0
0.288 0.485 0
0.293 0.513 0
0.3 0.43 0
0.244 0.488 0
0.25 0.441 0
0.286 0.506 0
0.258 0.49 0
0.257 0.502 0
0.236 0.481 0
0.225 0.435 0
0.226 0.428 0
0.315 0.504 0
0.258 0.457 0
0.245 0.486 0
0.306 0.512 0
0.298 0.455 0
0.3 0.447 0
0.289 0.433 0
0.237 0.432 0
0.276 0.444 0
0.286 0.486 0
0.271 0.521 0
0.243 0.485 0
0.306 0.48 0
0.243 0.5 0
0.285 0.442 0
0.286 0.489 0
0.317 0.439 0
0.269 0.487 0
0.277 0.438 0
0.254 0.521 0
0.272 0.45 0
0.248 0.493 0
0.265 0.459 0
0.302 0.462 0
0.31 0.48 0
0.29 0.517 0
0.245 0.424 0
0.304 0.478 0
0.26 0.479 0
0.309 0.472 0
0.239 0.513 0
0.321 0.441 0
0.258 0.485 0
0.254 0.488 0
0.259 0.439 0
0.321 0.484 0
0.232 0.521 0
0.281 0.441 0
0.246 0.452 0
0.273 0.486 0
0.299 0.509 0
0.296 0.503 0
0.269 0.479 0
0.262 0.484 0
0.257 0.47 0
0.234 0.434 0
0.307 0.462 0
0.272 0.442 0
0.31 0.512 0
0.238 0.424 0
0.302 0.427 0
0.321 0.45 0
0.272 0.493 0
0.232 0.444 0
0.29 0.507 0
0.232 0.429 0
0.29 0.451 0
0.247 0.441 0
0.289 0.448 0
0.262 0.52 0
0.292 0.425 0
0.272 0.484 0
0.314 0.499 0
0.258 0.51 0
0.24 0.444 0
0.266 0.441 0
0.257 0.512 0
0.234 0.442 0
0.282 0.506 0
0.316 0.49 0
0.307 0.447 0
0.244 0.508 0
0.238 0.448 0
0.309 0.484 0
0.199 0.523 0
0.194 0.502 0
0.23 0.54 0
0.229 0.483 0
0.192 0.545 0
0.233 0.501 0
0.235 0.531 0
0.156 0.498 0
0.179 0.486 0
0.201 0.545 0
0.16 0.473 0
0.239 0.485 0
0.183 0.461 0
0.217 0.543 0
0.241 0.516 0
0.23 0.489 0
0.239 0.488 0
0.204 0.447 0
0.201 0.469 0
0.223 0.506 0
0.206 0.512 0
0.235 0.506 0
0.249 0.536 0
0.197 0.535 0
0.151 0.503 0
0.237 0.485 0
0.236 0.495 0
0.218 0.466 0
0.207 0.447 0
0.162 0.509 0
0.189 0.539 0
0.198 0.546 0
0.188 0.5 0
0.249 0.479 0
0.244 0.502 0
0.246 0.457 0
0.165 0.533 0
0.251 0.523 0
0.172 0.532 0
0.217 0.511 0
0.188 0.547 0
0.193 0.464 0
0.241 0.526 0
0.159 0.516 0
0.245 0.487 0
0.219 0.475 0
0.218 0.473 0
0.236 0.484 0
0.248 0.54 0
0.16 0.479 0
0.205 0.539 0
0.17 0.456 0
0.197 0.457 0
0.231 0.516 0
0.177 0.471 0
0.228 0.477 0
0.159 0.498 0
0.207 0.453 0
0.162 0.513 0
0.225 0.477 0
0.219 0.503 0
0.177 0.46 0
0.179 0.498 0
0.171 0.463 0
0.235 0.473 0
0.218 0.547 0
0.244 0.526 0
0.24 0.448 0
0.189 0.451 0
0.244 0.537 0
0.248 0.502 0
0.198 0.461 0
0.189 0.484 0
0.209 0.495 0
0.248 0.48 0
0.184 0.448 0
0.163 0.535 0
0.236 0.478 0
0.209 0.483 0
0.239 0.488 0
0.185 0.456 0
0.248 0.535 0
0.209 0.476 0
0.248 0.463 0
0.173 0.47 0
0.152 0.463 0
0.206 0.541 0
0.232 0.477 0
0.207 0.492 0
0.185 0.451 0
0.182 0.532 0
0.188 0.527 0
0.173 0.497 0
0.177 0.462 0
0.187 0.514 0
0.236 0.471 0
0.242 0.531 0
0.156 0.484 0
0.16 0.536 0
0.171 0.481 0
0.144 0.566 0
0.154 0.53 0
0.158 0.584 0
0.214 0.534 0
0.21 0.582 0
0.162 0.589 0
0.156 0.521 0
0.152 0.561 0
0.205 0.516 0
0.159 0.517 0
0.14 0.505 0
0.181 0.532 0
0.212 0.511 0
0.159 0.564 0
0.192 0.532 0
0.168 0.557 0
0.135 0.579 0
0.166 0.573 0
0.215 0.514 0
0.135 0.516 0
0.19 0.585 0
0.151 0.582 0
0.205 0.574 0
0.145 0.585 0
0.162 0.6 0
0.207 0.574 0
0.152 0.601 0
0.133 0.571 0
0.193 0.567 0
0.185 0.566 0
0.155 0.509 0
0.129 0.56 0
0.203 0.536 0
0.219 0.596 0
0.174 0.555 0
0.171 0.514 0
0.214 0.55 0
0.18 0.536 0
0.217 0.522 0
0.132 0.53 0
0.166 0.572 0
0.131 0.543 0
0.133 0.592 0
0.203 0.58 0
0.133 0.52 0
0.173 0.511 0
0.154 0.584 0
0.161 0.579 0
0.173 0.586 0
0.138 0.559 0
0.223 0.551 0
0.132 0.59 0
0.169 0.587 0
0.132 0.509 0
0.171 0.592 0
0.161 0.554 0
0.156 0.521 0
0.171 0.598 0
0.135 0.548 0
0.22 0.598 0
0.202 0.56 0
0.194 0.605 0
0.204 0.569 0
0.159 0.588 0
0.16 0.525 0
0.228 0.511 0
0.14 0.6 0
0.193 0.524 0
0.213 0.508 0
0.14 0.546 0
0.173 0.54 0
0.138 0.603 0
0.185 0.554 0
0.217 0.581 0
0.168 0.534 0
0.18 0.602 0
0.2 0.529 0
0.171 0.563 0
0.213 0.584 0
0.17 0.505 0
0.2 0.535 0
0.155 0.589 0
0.177 0.562 0
0.187 0.539 0
0.151 0.511 0
0.174 0.604 0
0.204 0.51 0
0.213 0.599 0
0.197 0.589 0
0.213 0.552 0
0.129 0.559 0
0.221 0.505 0
0.132 0.557 0
0.195 0.59 0
0.195 0.514 0
0.158 0.563 0
0.206 0.576 0
0.221 0.547 0
0.194 0.592 0
0.13 0.556 0
0.146 0.622 0
0.081 0.586 0
0.118 0.651 0
0.111 0.617 0
0.103 0.595 0
0.143 0.6 0
0.075 0.581 0
0.083 0.579 0
0.132 0.623 0
0.076 0.572 0
0.101 0.656 0
0.148 0.581 0
0.134 0.621 0
0.12 0.661 0
0.087 0.622 0
0.172 0.658 0
0.134 0.65 0
0.128 0.621 0
0.103 0.62 0
0.123 0.578 0
0.148 0.575 0
0.083 0.626 0
0.083 0.572 0
0.132 0.606 0
0.171 0.58 0
0.101 0.629 0
0.13 0.579 0
0.131 0.617 0
0.112 0.635 0
0.151 0.624 0
0.109 0.639 0
0.124 0.58 0
0.097 0.597 0
0.091 0.615 0
0.098 0.631 0
0.154 0.639 0
0.098 0.624 0
0.128 0.648 0
0.086 0.602 0
0.135 0.622 0
0.152 0.577 0
0.09 0.578 0
0.131 0.579 0
0.167 0.621 0
0.095 0.564 0
0.159 0.621 0
0.172 0.638 0
0.097 0.594 0
0.125 0.593 0
0.082 0.634 0
0.107 0.577 0
0.141 0.654 0
0.117 0.663 0
0.129 0.606 0
0.134 0.603 0
0.152 0.614 0
0.088 0.629 0
0.135 0.588 0
0.114 0.63 0
0.108 0.597 0
0.077 0.623 0
0.133 0.597 0
0.151 0.576 0
0.127 0.572 0
0.103 0.657 0
0.172 0.582 0
0.108 0.611 0
0.145 0.581 0
0.136 0.593 0
0.101 0.605 0
0.097 0.648 0
0.17 0.621 0
0.157 0.606 0
0.081 0.593 0
0.104 0.662 0
0.076 0.664 0
0.096 0.565 0
0.138 0.662 0
0.126 0.659 0
0.132 0.613 0
0.087 0.633 0
0.141 0.609 0
0.142 0.652 0
0.143 0.613 0
0.125 0.645 0
0.082 0.575 0
0.128 0.646 0
0.124 0.651 0
0.17 0.597 0
0.147 0.647 0
0.128 0.57 0
0.158 0.641 0
0.077 0.652 0
0.092 0.649 0
0.082 0.605 0
0.146 0.62 0
0.086 0.617 0
0.144 0.596 0
0.141 0.624 0
0.1 0.649 0
0.111 0.593 0
0.073 0.598 0
0.046 0.632 0
0.054 0.623 0
0.024 0.661 0
0.043 0.623 0
0.058 0.595 0
0.073 0.598 0
0.074 0.567 0
0.109 0.569 0
0.036 0.661 0
0.116 0.638 0
0.057 0.625 0
0.041 0.638 0
0.049 0.632 0
0.11 0.609 0
0.045 0.582 0
0.061 0.598 0
0.095 0.631 0
0.075 0.624 0
0.024 0.606 0
0.084 0.609 0
0.113 0.647 0
0.104 0.646 0
0.06 0.583 0
0.111 0.62 0
0.085 0.65 0
0.09 0.637 0
0.027 0.618 0
0.064 0.583 0
0.101 0.581 0
0.109 0.588 0
0.034 0.609 0
0.12 0.594 0
0.119 0.597 0
0.086 0.58 0
0.1 0.584 0
0.058 0.66 0
0.098 0.576 0
0.047 0.625 0
0.092 0.57 0
0.095 0.633 0
0.1 0.651 0
0.078 0.594 0
0.04 0.61 0
0.056 0.66 0
0.024 0.567 0
0.032 0.62 0
0.111 0.574 0
0.037 0.653 0
0.105 0.621 0
0.104 0.655 0
0.045 0.633 0
0.101 0.598 0
0.094 0.612 0
0.093 0.592 0
0.078 0.566 0
0.059 0.646 0
0.032 0.659 0
0.024 0.616 0
0.03 0.61 0
0.089 0.589 0
0.067 0.588 0
0.092 0.581 0
0.113 0.579 0
0.083 0.632 0
0.099 0.585 0
0.06 0.616 0
0.029 0.573 0
0.104 0.661 0
0.042 0.65 0
0.066 0.655 0
0.031 0.571 0
0.118 0.641 0
0.114 0.644 0
0.097 0.596 0
0.097 0.566 0
0.047 0.666 0
0.074 0.654 0
0.091 0.613 0
0.024 0.664 0
0.068 0.629 0
0.091 0.598 0
0.034 0.603 0
0.104 0.632 0
0.123 0.652 0
0.12 0.652 0
0.104 0.639 0
0.104 0.622 0
0.051 0.651 0
0.057 0.612 0
0.075 0.575 0
0.062 0.664 0
0.123 0.656 0
0.098 0.566 0
0.059 0.61 0
0.024 0.644 0
0.103 0.653 0
0.116 0.663 0
0.092 0.66 0
0.063 0.59 0
0.001 0.606 0
0.073 0.513 0
0.079 0.52 0
0.077 0.562 0
0.098 0.568 0
0.089 0.531 0
0.043 0.556 0
0.017 0.601 0
0.055 0.514 0
0.072 0.592 0
0.004 0.544 0
0.01 0.549 0
0.094 0.537 0
0.061 0.513 0
0.091 0.582 0
0.048 0.522 0
0.053 0.611 0
0.081 0.61 0
0.099 0.515 0
0.061 0.612 0
0.087 0.53 0
0.085 0.59 0
0.03 0.578 0
0.098 0.588 0
0.003 0.519 0
0.074 0.513 0
0.052 0.522 0
0.072 0.532 0
0.033 0.586 0
0.002 0.532 0
0.051 0.583 0
0.099 0.572 0
0.027 0.572 0
0.074 0.543 0
0.001 0.537 0
0.058 0.569 0
0.017 0.586 0
0.054 0.598 0
0.045 0.543 0
0.094 0.559 0
0.049 0.578 0
0.091 0.573 0
0.03 0.608 0
0.015 0.576 0
0.005 0.54 0
0.042 0.557 0
0.099 0.545 0
0.044 0.594 0
0.075 0.544 0
0.008 0.562 0
0.023 0.603 0
0.052 0.523 0
0.08 0.564 0
0.085 0.53 0
0.01 0.527 0
0.005 0.595 0
0.066 0.581 0
0.097 0.578 0
0.076 0.514 0
0.027 0.518 0
0.086 0.587 0
0.031 0.601 0
0.041 0.54 0
0.05 0.549 0
0.016 0.597 0
0.081 0.611 0
0.017 0.528 0
0.042 0.61 0
0.021 0.53 0
0.075 0.59 0
0.021 0.59 0
0.046 0.591 0
0.0 0.61 0
0.072 0.549 0
0.018 0.519 0
0.04 0.532 0
0.082 0.534 0
0.072 0.536 0
0.036 0.589 0
0.094 0.605 0
0.011 0.55 0
0.029 0.585 0
0.045 0.558 0
0.084 0.597 0
0.003 0.519 0
0.067 0.524 0
0.066 0.608 0
0.006 0.525 0
0.001 0.517 0
0.093 0.599 0
0.005 0.609 0
0.015 0.612 0
0.003 0.561 0
0.077 0.534 0
0.034 0.558 0
0.037 0.604 0
0.054 0.565 0
0.047 0.59 0
0.075 0.528 0
0.017 0.492 0
0.068 0.508 0
0.004 0.5 0
0.083 0.512 0
0.008 0.505 0
0.074 0.471 0
0.026 0.44 0
0.026 0.478 0
0.08 0.474 0
0.027 0.47 0
0.041 0.493 0
0.005 0.437 0
0.069 0.443 0
0.013 0.447 0
0.051 0.5 0
0.014 0.466 0
0.059 0.48 0
0.033 0.502 0
0.011 0.442 0
0.018 0.456 0
0.077 0.51 0
0.059 0.521 0
0.065 0.483 0
0.054 0.449 0
0.019 0.449 0
0.025 0.522 0
0.007 0.508 0
0.02 0.45 0
0.056 0.473 0
0.07 0.512 0
0.066 0.438 0
0.071 0.532 0
0.015 0.463 0
0.041 0.463 0
0.041 0.532 0
0.009 0.472 0
0.071 0.511 0
0.079 0.437 0
0.014 0.518 0
0.007 0.51 0
0.023 0.52 0
0.066 0.456 0
0.003 0.516 0
0.019 0.506 0
0.073 0.524 0
0.07 0.5 0
0.045 0.465 0
0.054 0.466 0
0.035 0.46 0
0.014 0.507 0
0.018 0.482 0
0.08 0.437 0
0.067 0.458 0
0.018 0.457 0
0.065 0.471 0
0.049 0.49 0
0.026 0.494 0
0.031 0.46 0
0.017 0.525 0
0.017 0.491 0
0.048 0.47 0
0.05 0.482 0
0.075 0.51 0
0.05 0.528 0
0.069 0.537 0
0.048 0.476 0
0.033 0.497 0
0.064 0.472 0
0.035 0.488 0
0.035 0.463 0
0.059 0.523 0
0.0 0.51 0
0.034 0.462 0
0.044 0.464 0
0.084 0.509 0
0.045 0.457 0
0.071 0.514 0
0.054 0.44 0
0.022 0.447 0
0.042 0.483 0
0.059 0.533 0
0.005 0.505 0
0.02 0.475 0
0.051 0.466 0
0.054 0.531 0
0.03 0.437 0
0.06 0.475 0
0.066 0.523 0
0.072 0.515 0
0.083 0.456 0
0.05 0.523 0
0.081 0.449 0
0.065 0.454 0
0.069 0.471 0
0.079 0.511 0
0.003 0.451 0
0.066 0.501 0
0.069 0.437 0
0.023 0.499 0
0.04 0.476 0
0.059 0.406 0
0.002 0.362 0
0.054 0.417 0
0.069 0.426 0
0.051 0.427 0
0.046 0.374 0
0.055 0.356 0
0.025 0.365 0
0.078 0.38 0
0.081 0.422 0
0.01 0.439 0
0.089 0.425 0
0.061 0.432 0
0.026 0.401 0
0.09 0.399 0
0.032 0.352 0
0.06 0.427 0
0.058 0.413 0
0.039 0.374 0
0.037 0.391 0
0.052 0.421 0
0.067 0.377 0
0.039 0.411 0
0.025 0.376 0
0.072 0.452 0
0.033 0.372 0
0.073 0.394 0
0.075 0.372 0
0.054 0.38 0
0.064 0.405 0
0.066 0.36 0
0.055 0.452 0
0.082 0.423 0
0.009 0.393 0
0.072 0.419 0
0.036 0.383 0
0.029 0.435 0
0.093 0.374 0
0.0 0.417 0
0.052 0.409 0
0.004 0.434 0
0.045 0.425 0
0.081 0.378 0
0.008 0.432 0
0.032 0.441 0
0.054 0.395 0
0.084 0.424 0
0.005 0.403 0
0.04 0.423 0
0.054 0.407 0
0.041 0.424 0
0.073 0.392 0
0.031 0.435 0
0.05 0.402 0
0.074 0.372 0
0.073 0.357 0
0.051 0.398 0
0.046 0.452 0
0.078 0.428 0
0.056 0.445 0
0.006 0.444 0
0.074 0.436 0
0.002 0.366 0
0.006 0.389 0
0.017 0.387 0
0.076 0.38 0
0.067 0.367 0
0.032 0.411 0
0.042 0.43 0
0.007 0.405 0
0.004 0.369 0
0.016 0.445 0
0.02 0.433 0
0.006 0.355 0
0.057 0.391 0
0.035 0.426 0
0.05 0.452 0
0.04 0.434 0
0.038 0.379 0
0.056 0.422 0
0.029 0.387 0
0.034 0.358 0
0.087 0.437 0
0.003 0.417 0
0.084 0.413 0
0.076 0.405 0
0.078 0.411 0
0.056 0.396 0
0.011 0.397 0
0.073 0.45 0
0.083 0.354 0
0.011 0.419 0
0.004 0.42 0
0.077 0.411 0
0.002 0.446 0
0.079 0.452 0
0.018 0.384 0
0.063 0.372 0
0.055 0.394 0
0.056 0.391 0
0.099 0.315 0
0.094 0.32 0
0.121 0.376 0
0.139 0.334 0
0.057 0.378 0
0.077 0.355 0
0.053 0.392 0
0.142 0.332 0
0.08 0.375 0
0.114 0.361 0
0.134 0.347 0
0.076 0.333 0
0.133 0.315 0
0.078 0.396 0
0.086 0.332 0
0.106 0.336 0
0.066 0.404 0
0.049 0.367 0
0.09 0.357 0
0.055 0.321 0
0.126 0.349 0
0.097 0.335 0
0.098 0.366 0
0.077 0.369 0
0.066 0.353 0
0.085 0.372 0
0.117 0.398 0
0.084 0.332 0
0.136 0.319 0
0.051 0.309 0
0.117 0.388 0
0.129 0.348 0
0.099 0.344 0
0.093 0.375 0
0.072 0.365 0
0.13 0.388 0
0.053 0.312 0
0.105 0.357 0
0.117 0.371 0
0.123 0.318 0
0.119 0.328 0
0.146 0.336 0
0.061 0.402 0
0.06 0.402 0
0.136 0.308 0
0.068 0.352 0
0.144 0.365 0
0.12 0.384 0
0.136 0.336 0
0.062 0.405 0
0.051 0.305 0
0.077 0.358 0
0.09 0.319 0
0.141 0.317 0
0.141 0.325 0
0.079 0.399 0
0.086 0.403 0
0.068 0.34 0
0.125 0.324 0
0.112 0.311 0
0.063 0.374 0
0.046 0.327 0
0.092 0.34 0
0.069 0.313 0
0.118 0.392 0
0.103 0.355 0
0.11 0.392 0
0.108 0.397 0
0.067 0.401 0
0.105 0.372 0
0.064 0.343 0
0.065 0.4 0
0.076 0.332 0
0.124 0.358 0
0.109 0.358 0
0.051 0.366 0
0.077 0.307 0
0.132 0.351 0
0.143 0.394 0
0.128 0.362 0
0.083 0.32 0
0.098 0.361 0
0.128 0.373 0
0.082 0.344 0
0.105 0.35 0
0.116 0.375 0
0.124 0.315 0
0.074 0.35 0
0.08 0.397 0
0.068 0.386 0
0.111 0.325 0
0.077 0.36 0
0.08 0.35 0
0.12 0.375 0
0.063 0.311 0
0.111 0.31 0
0.06 0.395 0
0.07 0.349 0
0.146 0.324 0
0.095 0.388 0
0.169 0.436 0
0.126 0.398 0
0.154 0.452 0
0.12 0.399 0
0.19 0.386 0
0.122 0.427 0
0.114 0.437 0
0.124 0.409 0
0.165 0.431 0
0.207 0.425 0
0.191 0.427 0
0.141 0.382 0
0.145 0.382 0
0.125 0.423 0
0.195 0.411 0
0.168 0.46 0
0.152 0.442 0
0.157 0.375 0
0.201 0.393 0
0.205 0.398 0
0.19 0.372 0
0.197 0.426 0
0.181 0.407 0
0.198 0.382 0
0.142 0.408 0
0.142 0.369 0
0.151 0.442 0
0.135 0.437 0
0.137 0.461 0
0.153 0.438 0
0.164 0.425 0
0.153 0.406 0
0.113 0.385 0
0.176 0.444 0
0.169 0.397 0
0.124 0.44 0
0.198 0.463 0
0.173 0.389 0
0.161 0.431 0
0.134 0.418 0
0.201 0.412 0
0.123 0.426 0
0.192 0.431 0
0.191 0.387 0
0.17 0.395 0
0.114 0.417 0
0.154 0.365 0
0.137 0.439 0
0.126 0.373 0
0.184 0.446 0
0.139 0.427 0
0.201 0.372 0
0.192 0.374 0
0.164 0.426 0
0.161 0.424 0
0.179 0.377 0
0.147 0.396 0
0.174 0.429 0
0.122 0.371 0
0.19 0.453 0
0.188 0.432 0
0.113 0.456 0
0.175 0.364 0
0.153 0.424 0
0.136 0.451 0
0.124 0.459 0
0.176 0.46 0
0.118 0.419 0
0.168 0.421 0
0.131 0.4 0
0.182 0.45 0
0.112 0.367 0
0.122 0.459 0
0.159 0.419 0
0.134 0.436 0
0.16 0.392 0
0.13 0.384 0
0.195 0.376 0
0.206 0.458 0
0.207 0.415 0
0.17 0.391 0
0.138 0.391 0
0.117 0.463 0
0.133 0.409 0
0.138 0.427 0
0.163 0.372 0
0.171 0.367 0
0.135 0.39 0
0.139 0.457 0
0.142 0.425 0
0.129 0.367 0
0.16 0.425 0
0.203 0.437 0
0.111 0.403 0
0.182 0.392 0
0.203 0.376 0
0.129 0.449 0
0.2 0.429 0
0.145 0.382 0
0.147 0.425 0
0.174 0.447 0
0.171 0.493 0
0.211 0.424 0
0.126 0.437 0
0.134 0.427 0
0.173 0.472 0
0.149 0.507 0
0.208 0.438 0
0.141 0.423 0
0.156 0.462 0
0.204 0.501 0
0.208 0.452 0
0.178 0.511 0
0.201 0.511 0
0.173 0.451 0
0.194 0.421 0
0.159 0.425 0
0.195 0.463 0
0.17 0.432 0
0.159 0.467 0
0.188 0.479 0
0.136 0.423 0
0.143 0.42 0
0.17 0.471 0
0.211 0.428 0
0.197 0.442 0
0.173 0.47 0
0.127 0.479 0
0.199 0.447 0
0.141 0.46 0
0.141 0.421 0
0.154 0.479 0
0.131 0.419 0
0.165 0.506 0
0.12 0.423 0
0.146 0.464 0
0.132 0.505 0
0.139 0.473 0
0.208 0.492 0
0.162 0.47 0
0.206 0.512 0
0.193 0.425 0
0.12 0.492 0
0.123 0.423 0
0.119 0.452 0
0.192 0.446 0
0.186 0.483 0
0.151 0.514 0
0.182 0.49 0
0.17 0.433 0
0.175 0.499 0
0.19 0.506 0
0.176 0.478 0
0.193 0.453 0
0.192 0.483 0
0.18 0.519 0
0.166 0.447 0
0.191 0.514 0
0.169 0.473 0
0.197 0.467 0
0.173 0.459 0
0.185 0.485 0
0.154 0.435 0
0.133 0.444 0
0.128 0.515 0
0.191 0.446 0
0.188 0.519 0
0.198 0.516 0
0.202 0.459 0
0.155 0.516 0
0.189 0.509 0
0.189 0.517 0
0.18 0.508 0
0.16 0.44 0
0.123 0.477 0
0.208 0.425 0
0.154 0.503 0
0.124 0.496 0
0.214 0.474 0
0.16 0.478 0
0.17 0.451 0
0.137 0.423 0
0.206 0.465 0
0.125 0.422 0
0.207 0.443 0
0.198 0.513 0
0.151 0.477 0
0.13 0.423 0
0.125 0.499 0
0.183 0.492 0
0.213 0.512 0
0.196 0.473 0
0.161 0.518 0
0.159 0.514 0
0.15 0.497 0
0.162 0.446 0
0.182 0.448 0
0.184 0.429 0
0.146 0.493 0
0.166 0.509 0
0.666 0.405 0
0.595 0.407 0
0.586 0.398 0
0.593 0.423 0
0.606 0.425 0
0.606 0.408 0
0.611 0.461 0
0.581 0.39 0
0.636 0.429 0
0.567 0.438 0
0.659 0.46 0
0.66 0.471 0
0.63 0.396 0
0.616 0.448 0
0.576 0.442 0
0.628 0.411 0
0.635 0.448 0
0.655 0.421 0
0.635 0.431 0
0.596 0.462 0
0.644 0.407 0
0.612 0.391 0
0.643 0.413 0
0.66 0.451 0
0.635 0.434 0
0.57 0.446 0
0.648 0.446 0
0.638 0.436 0
0.624 0.439 0
0.664 0.387 0
0.645 0.476 0
0.6 0.478 0
0.616 0.445 0
0.615 0.415 0
0.64 0.471 0
0.598 0.401 0
0.665 0.391 0
0.648 0.458 0
0.567 0.448 0
0.643 0.482 0
0.619 0.41 0
0.578 0.388 0
0.588 0.427 0
0.652 0.466 0
0.658 0.42 0
0.633 0.411 0
0.612 0.413 0
0.649 0.418 0
0.642 0.405 0
0.661 0.414 0
0.666 0.425 0
0.614 0.414 0
0.619 0.412 0
0.622 0.449 0
0.649 0.396 0
0.577 0.452 0
0.63 0.427 0
0.648 0.395 0
0.62 0.415 0
0.628 0.405 0
0.587 0.406 0
0.639 0.387 0
0.607 0.477 0
0.572 0.394 0
0.645 0.457 0
0.65 0.428 0
0.624 0.445 0
0.627 0.479 0
0.57 0.459 0
0.574 0.476 0
0.666 0.483 0
0.581 0.447 0
0.595 0.393 0
0.591 0.409 0
0.598 0.412 0
0.584 0.452 0
0.607 0.484 0
0.607 0.403 0
0.647 0.434 0
0.636 0.386 0
0.612 0.454 0
0.578 0.466 0
0.644 0.419 0
0.636 0.434 0
0.611 0.48 0
0.573 0.402 0
0.646 0.388 0
0.582 0.43 0
0.66 0.473 0
0.634 0.426 0
0.63 0.422 0
0.614 0.424 0
0.61 0.4 0
0.589 0.433 0
0.642 0.469 0
0.613 0.422 0
0.58 0.442 0
0.572 0.404 0
0.639 0.441 0
0.604 0.456 0
0.748 0.468 0
0.735 0.44 0
0.691 0.473 0
0.742 0.452 0
0.735 0.426 0
0.708 0.423 0
0.74 0.377 0
0.701 0.391 0
0.748 0.419 0
0.728 0.405 0
0.724 0.434 0
0.747 0.448 0
0.705 0.467 0
0.696 0.426 0
0.756 0.422 0
0.767 0.423 0
0.706 0.393 0
0.737 0.467 0
0.731 0.421 0
0.708 0.439 0
0.683 0.437 0
0.748 0.473 0
0.683 0.477 0
0.7 0.459 0
0.706 0.42 0
0.768 0.438 0
0.758 0.467 0
0.717 0.446 0
0.741 0.408 0
0.732 0.448 0
0.76 0.446 0
0.759 0.464 0
0.678 0.447 0
0.704 0.448 0
0.723 0.428 0
0.682 0.439 0
0.735 0.399 0
0.756 0.416 0
0.68 0.45 0
0.769 0.459 0
0.765 0.412 0
0.714 0.392 0
0.71 0.393 0
0.709 0.439 0
0.719 0.382 0
0.706 0.453 0
0.682 0.428 0
0.758 0.446 0
0.747 0.405 0
0.736 0.471 0
0.715 0.411 0
0.761 0.473 0
0.747 0.463 0
0.716 0.454 0
0.693 0.432 0
0.698 0.38 0
0.775 0.43 0
0.772 0.46 0
0.727 0.409 0
0.742 0.443 0
0.751 0.444 0
0.678 0.409 0
0.738 0.468 0
0.757 0.427 0
0.685 0.422 0
0.71 0.462 0
0.714 0.427 0
0.726 0.427 0
0.714 0.462 0
0.692 0.397 0
0.74 0.395 0
0.768 0.392 0
0.773 0.454 0
0.767 0.474 0
0.771 0.44 0
0.7 0.448 0
0.687 0.385 0
0.74 0.437 0
0.709 0.46 0
0.7 0.434 0
0.756 0.468 0
0.697 0.414 0
0.679 0.465 0
0.693 0.409 0
0.741 0.406 0
0.728 0.418 0
0.696 0.436 0
0.696 0.393 0
0.757 0.46 0
0.733 0.392 0
0.699 0.465 0
0.705 0.381 0
0.676 0.45 0
0.68 0.417 0
0.716 0.452 0
0.712 0.423 0
0.703 0.422 0
0.743 0.403 0
0.708 0.381 0
0.746 0.427 0
0.778 0.419 0
0.754 0.452 0
0.767 0.386 0
0.772 0.451 0
0.823 0.438 0
0.772 0.458 0
0.808 0.41 0
0.802 0.415 0
0.813 0.401 0
0.778 0.397 0
0.743 0.38 0
0.735 0.401 0
0.784 0.43 0
0.783 0.434 0
0.786 0.4 0
0.781 0.425 0
0.766 0.403 0
0.775 0.395 0
0.749 0.456 0
0.801 0.464 0
0.806 0.378 0
0.759 0.476 0
0.807 0.452 0
0.783 0.441 0
0.727 0.404 0
0.789 0.403 0
0.792 0.414 0
0.758 0.395 0
0.74 0.455 0
0.781 0.421 0
0.753 0.387 0
0.821 0.387 0
0.765 0.391 0
0.756 0.41 0
0.753 0.463 0
0.736 0.387 0
0.776 0.457 0
0.727 0.389 0
0.757 0.399 0
0.771 0.469 0
0.786 0.428 0
0.737 0.417 0
0.732 0.468 0
0.786 0.44 0
0.816 0.462 0
0.746 0.451 0
0.736 0.432 0
0.73 0.397 0
0.786 0.465 0
0.769 0.458 0
0.813 0.426 0
0.805 0.381 0
0.739 0.416 0
0.732 0.407 0
0.724 0.411 0
0.772 0.456 0
0.805 0.428 0
0.786 0.409 0
0.81 0.42 0
0.814 0.472 0
0.794 0.405 0
0.766 0.39 0
0.742 0.46 0
0.753 0.396 0
0.806 0.427 0
0.762 0.459 0
0.736 0.383 0
0.764 0.421 0
0.732 0.449 0
0.824 0.405 0
0.807 0.398 0
0.764 0.386 0
0.738 0.467 0
0.782 0.456 0
0.766 0.452 0
0.787 0.401 0
0.774 0.441 0
0.763 0.46 0
0.805 0.431 0
0.771 0.38 0
0.744 0.445 0
0.793 0.379 0
0.779 0.455 0
0.793 0.39 0
0.798 0.449 0
0.823 0.416 0
0.748 0.412 0
0.753 0.402 0
0.78 0.435 0
0.73 0.462 0
0.731 0.43 0
0.745 0.383 0
0.736 0.442 0
0.79 0.432 0
0.775 0.447 0
0.772 0.387 0
0.774 0.395 0
0.738 0.406 0
0.813 0.401 0
0.76 0.474 0
0.811 0.453 0
0.859 0.479 0
0.782 0.384 0
0.791 0.453 0
0.782 0.427 0
0.872 0.402 0
0.857 0.381 0
0.779 0.426 0
0.849 0.45 0
0.789 0.385 0
0.822 0.449 0
0.802 0.407 0
0.832 0.468 0
0.845 0.432 0
0.836 0.418 0
0.784 0.471 0
0.811 0.434 0
0.853 0.416 0
0.866 0.455 0
0.812 0.392 0
0.827 0.399 0
0.863 0.423 0
0.873 0.391 0
0.845 0.457 0
0.798 0.382 0
0.855 0.415 0
0.852 0.47 0
0.8 0.428 0
0.826 0.449 0
0.852 0.463 0
0.821 0.419 0
0.814 0.476 0
0.843 0.48 0
0.838 0.399 0
0.825 0.447 0
0.825 0.385 0
0.843 0.432 0
0.801 0.436 0
0.78 0.415 0
0.842 0.404 0
0.864 0.388 0
0.842 0.417 0
0.862 0.421 0
0.792 0.446 0
0.816 0.399 0
0.803 0.449 0
0.864 0.38 0
0.837 0.399 0
0.842 0.427 0
0.836 0.426 0
0.858 0.473 0
0.869 0.463 0
0.855 0.435 0
0.824 0.473 0
0.869 0.464 0
0.784 0.42 0
0.781 0.404 0
0.788 0.42 0
0.864 0.445 0
0.82 0.402 0
0.805 0.404 0
0.814 0.389 0
0.854 0.427 0
0.858 0.436 0
0.846 0.44 0
0.85 0.469 0
0.812 0.395 0
0.851 0.431 0
0.835 0.427 0
0.851 0.457 0
0.79 0.389 0
0.786 0.429 0
0.819 0.428 0
0.791 0.449 0
0.829 0.445 0
0.801 0.391 0
0.858 0.404 0
0.816 0.391 0
0.844 0.418 0
0.794 0.48 0
0.825 0.448 0
0.78 0.435 0
0.84 0.458 0
0.808 0.404 0
0.856 0.477 0
0.804 0.423 0
0.867 0.407 0
0.797 0.422 0
0.843 0.42 0
0.779 0.446 0
0.828 0.476 0
0.79 0.477 0
0.788 0.389 0
0.847 0.415 0
0.856 0.48 0
0.865 0.439 0
0.816 0.413 0
0.846 0.44 0
0.831 0.397 0
0.867 0.472 0
0.854 0.484 0
0.842 0.428 0
0.837 0.499 0
0.883 0.436 0
0.877 0.503 0
0.818 0.466 0
0.9 0.469 0
0.896 0.522 0
0.85 0.44 0
0.862 0.516 0
0.903 0.495 0
0.857 0.469 0
0.869 0.528 0
0.826 0.499 0
0.826 0.437 0
0.825 0.475 0
0.879 0.481 0
0.854 0.495 0
0.864 0.437 0
0.841 0.435 0
0.877 0.513 0
0.822 0.454 0
0.886 0.493 0
0.871 0.467 0
0.842 0.468 0
0.892 0.507 0
0.826 0.472 0
0.9 0.519 0
0.843 0.47 0
0.857 0.511 0
0.846 0.474 0
0.883 0.488 0
0.834 0.507 0
0.878 0.517 0
0.905 0.443 0
0.889 0.517 0
0.847 0.454 0
0.899 0.445 0
0.816 0.435 0
0.816 0.515 0
0.855 0.514 0
0.838 0.449 0
0.887 0.44 0
0.826 0.505 0
0.849 0.514 0
0.848 0.433 0
0.879 0.461 0
0.843 0.466 0
0.814 0.455 0
0.871 0.461 0
0.825 0.509 0
0.884 0.439 0
0.889 0.454 0
0.827 0.528 0
0.85 0.457 0
0.901 0.484 0
0.844 0.509 0
0.843 0.498 0
0.84 0.522 0
0.898 0.431 0
0.819 0.514 0
0.861 0.467 0
0.819 0.434 0
0.905 0.485 0
0.897 0.469 0
0.912 0.51 0
0.897 0.481 0
0.883 0.444 0
0.82 0.443 0
0.817 0.488 0
0.855 0.525 0
0.908 0.429 0
0.871 0.462 0
0.863 0.47 0
0.88 0.523 0
0.88 0.514 0
0.882 0.493 0
0.889 0.453 0
0.818 0.449 0
0.833 0.495 0
0.831 0.52 0
0.891 0.51 0
0.909 0.448 0
0.836 0.446 0
0.842 0.521 0
0.899 0.491 0
0.908 0.477 0
0.824 0.502 0
0.823 0.428 0
0.878 0.474 0
0.893 0.443 0
0.91 0.472 0
0.83 0.462 0
0.909 0.442 0
0.869 0.487 0
0.872 0.459 0
0.867 0.428 0
0.831 0.483 0
0.865 0.472 0
0.873 0.466 0
0.944 0.515 0
0.944 0.485 0
0.919 0.508 0
0.861 0.547 0
0.865 0.549 0
0.88 0.482 0
0.921 0.559 0
0.931 0.486 0
0.885 0.517 0
0.855 0.548 0
0.911 0.516 0
0.942 0.541 0
0.88 0.481 0
0.943 0.524 0
0.875 0.55 0
0.856 0.548 0
0.888 0.491 0
0.889 0.523 0
0.876 0.531 0
0.857 0.531 0
0.913 0.561 0
0.926 0.522 0
0.855 0.505 0
0.865 0.494 0
0.87 0.521 0
0.934 0.541 0
0.893 0.577 0
0.933 0.487 0
0.894 0.557 0
0.892 0.579 0
0.873 0.573 0
0.87 0.489 0
0.922 0.488 0
0.865 0.556 0
0.897 0.54 0
0.895 0.501 0
0.871 0.486 0
0.936 0.519 0
0.868 0.499 0
0.94 0.553 0
0.938 0.581 0
0.874 0.551 0
0.88 0.538 0
0.858 0.483 0
0.885 0.516 0
0.945 0.502 0
0.879 0.58 0
0.885 0.567 0
0.906 0.581 0
0.922 0.519 0
0.939 0.573 0
0.951 0.56 0
0.937 0.567 0
0.863 0.55 0
0.861 0.498 0
0.934 0.581 0
0.889 0.531 0
0.881 0.492 0
0.909 0.534 0
0.857 0.507 0
0.856 0.557 0
0.892 0.537 0
0.933 0.487 0
0.91 0.511 0
0.886 0.504 0
0.857 0.575 0
0.856 0.531 0
0.904 0.506 0
0.894 0.53 0
0.925 0.549 0
0.914 0.524 0
0.858 0.497 0
0.893 0.54 0
0.864 0.557 0
0.913 0.541 0
0.897 0.527 0
0.937 0.572 0
0.923 0.513 0
0.94 0.524 0
0.859 0.544 0
0.922 0.487 0
0.869 0.489 0
0.946 0.574 0
0.951 0.564 0
0.875 0.529 0
0.909 0.574 0
0.907 0.525 0
0.884 0.564 0
0.917 0.561 0
0.891 0.491 0
0.893 0.485 0
0.95 0.566 0
0.955 0.528 0
0.935 0.533 0
0.906 0.526 0
0.901 0.503 0
0.925 0.521 0
0.922 0.542 0
0.945 0.564 0
0.913 0.507 0
0.999 0.486 0
0.991 0.533 0
0.922 0.541 0
0.921 0.499 0
0.928 0.508 0
0.921 0.507 0
0.947 0.555 0
0.921 0.535 0
0.965 0.531 0
0.983 0.502 0
0.909 0.505 0
0.941 0.485 0
0.974 0.464 0
0.956 0.549 0
0.991 0.551 0
0.981 0.559 0
0.905 0.547 0
0.963 0.486 0
0.938 0.473 0
0.97 0.556 0
0.96 0.495 0
0.981 0.553 0
0.949 0.525 0
0.935 0.482 0
0.95 0.555 0
0.971 0.513 0
0.961 0.475 0
0.926 0.475 0
0.943 0.502 0
0.909 0.562 0
0.967 0.51 0
0.978 0.498 0
0.97 0.491 0
0.932 0.473 0
0.913 0.564 0
0.957 0.491 0
0.938 0.512 0
0.941 0.52 0
0.988 0.472 0
0.913 0.504 0
0.973 0.505 0
0.904 0.556 0
0.937 0.555 0
0.995 0.471 0
0.927 0.553 0
0.991 0.479 0
0.978 0.53 0
0.967 0.539 0
0.993 0.47 0
0.987 0.551 0
0.967 0.493 0
0.993 0.561 0
0.986 0.495 0
0.981 0.511 0
0.957 0.543 0
0.995 0.528 0
0.953 0.562 0
0.948 0.474 0
0.935 0.562 0
0.949 0.509 0
0.975 0.564 0
0.956 0.513 0
0.998 0.481 0
0.93 0.475 0
0.957 0.543 0
0.918 0.561 0
0.924 0.484 0
0.977 0.548 0
0.977 0.497 0
0.944 0.493 0
0.93 0.538 0
0.907 0.506 0
0.939 0.555 0
0.915 0.549 0
0.936 0.493 0
0.907 0.507 0
0.925 0.485 0
0.956 0.528 0
0.955 0.482 0
0.904 0.531 0
0.993 0.465 0
0.986 0.555 0
0.968 0.564 0
0.906 0.526 0
0.979 0.489 0
0.975 0.477 0
0.948 0.529 0
0.915 0.556 0
0.934 0.558 0
0.928 0.507 0
0.952 0.511 0
0.95 0.495 0
0.983 0.468 0
0.987 0.537 0
0.938 0.537 0
0.969 0.471 0
0.941 0.503 0
0.907 0.533 0
0.907 0.473 0
0.938 0.532 0
0.931 0.409 0
0.972 0.481 0
0.967 0.404 0
0.963 0.416 0
0.962 0.423 0
0.966 0.5 0
0.967 0.425 0
0.973 0.471 0
0.937 0.457 0
0.961 0.414 0
0.928 0.432 0
0.936 0.481 0
0.99 0.498 0
0.963 0.49 0
0.966 0.404 0
0.944 0.404 0
0.926 0.42 0
0.944 0.429 0
0.968 0.444 0
0.939 0.454 0
0.991 0.456 0
0.935 0.446 0
0.955 0.474 0
0.928 0.433 0
0.994 0.463 0
0.927 0.436 0
0.993 0.494 0
0.936 0.481 0
0.994 0.503 0
0.984 0.445 0
0.927 0.459 0
0.928 0.437 0
0.997 0.422 0
0.991 0.418 0
0.928 0.408 0
0.934 0.415 0
0.963 0.41 0
0.928 0.476 0
0.983 0.406 0
0.931 0.445 0
0.955 0.468 0
0.952 0.487 0
0.958 0.488 0
0.996 0.452 0
0.973 0.453 0
0.94 0.424 0
0.994 0.406 0
0.937 0.418 0
0.964 0.453 0
0.975 0.479 0
0.999 0.482 0
0.975 0.438 0
0.99 0.469 0
0.986 0.465 0
0.956 0.408 0
0.997 0.457 0
0.952 0.423 0
0.931 0.495 0
0.996 0.479 0
0.978 0.434 0
0.947 0.417 0
0.948 0.403 0
0.975 0.487 0
0.931 0.43 0
0.961 0.44 0
0.97 0.493 0
0.997 0.493 0
0.978 0.438 0
0.93 0.456 0
0.994 0.409 0
0.946 0.501 0
0.937 0.45 0
0.993 0.459 0
0.927 0.406 0
0.939 0.483 0
0.964 0.412 0
0.968 0.482 0
0.944 0.422 0
0.976 0.405 0
0.934 0.493 0
0.965 0.409 0
0.97 0.484 0
0.968 0.473 0
0.973 0.475 0
0.981 0.444 0
0.932 0.474 0
0.993 0.428 0
0.986 0.469 0
0.962 0.476 0
0.966 0.465 0
0.98 0.457 0
0.951 0.476 0
0.985 0.479 0
0.977 0.41 0
0.938 0.413 0
0.951 0.411 0
0.968 0.496 0
0.927 0.477 0
0.983 0.501 0
0.945 0.434 0
0.966 0.358 0
0.944 0.389 0
0.936 0.395 0
0.946 0.363 0
0.929 0.413 0
0.982 0.407 0
0.984 0.384 0
0.939 0.37 0
0.928 0.389 0
0.925 0.417 0
0.935 0.421 0
0.967 0.402 0
0.958 0.389 0
0.985 0.343 0
0.966 0.393 0
0.966 0.372 0
0.958 0.335 0
0.96 0.362 0
0.932 0.382 0
0.984 0.327 0
0.968 0.338 0
0.924 0.376 0
0.932 0.399 0
0.95 0.407 0
0.993 0.376 0
0.932 0.342 0
0.92 0.406 0
0.925 0.406 0
0.977 0.367 0
0.944 0.398 0
0.933 0.394 0
0.947 0.36 0
0.983 0.382 0
0.972 0.413 0
0.985 0.345 0
0.958 0.392 0
0.932 0.382 0
0.949 0.356 0
0.919 0.334 0
0.935 0.34 0
0.995 0.34 0
0.991 0.389 0
0.971 0.391 0
0.918 0.358 0
0.94 0.411 0
0.967 0.367 0
0.991 0.419 0
0.966 0.385 0
0.956 0.329 0
0.954 0.345 0
0.932 0.366 0
0.932 0.398 0
0.929 0.362 0
0.919 0.374 0
0.936 0.425 0
0.951 0.389 0
0.931 0.329 0
0.963 0.35 0
0.992 0.326 0
0.946 0.417 0
0.97 0.394 0
0.984 0.354 0
0.933 0.394 0
0.987 0.425 0
0.973 0.417 0
0.996 0.404 0
0.981 0.423 0
0.972 0.373 0
0.979 0.393 0
0.991 0.397 0
0.963 0.425 0
0.94 0.372 0
0.98 0.369 0
0.978 0.411 0
0.991 0.419 0
0.936 0.409 0
0.999 0.387 0
0.939 0.356 0
0.981 0.413 0
0.971 0.339 0
0.959 0.404 0
0.931 0.343 0
0.934 0.343 0
0.948 0.385 0
0.968 0.417 0
0.998 0.335 0
0.958 0.402 0
0.998 0.327 0
0.984 0.337 0
0.999 0.339 0
0.985 0.41 0
0.944 0.413 0
0.963 0.368 0
0.982 0.392 0
0.939 0.355 0
0.96 0.405 0
0.993 0.425 0
0.952 0.362 0
0.946 0.389 0
0.969 0.342 0
0.942 0.3 0
0.91 0.309 0
0.925 0.283 0
0.903 0.369 0
0.963 0.296 0
0.893 0.294 0
0.968 0.354 0
0.905 0.329 0
0.906 0.33 0
0.882 0.318 0
0.909 0.366 0
0.92 0.374 0
0.888 0.371 0
0.973 0.378 0
0.917 0.344 0
0.904 0.329 0
0.974 0.311 0
0.956 0.352 0
0.897 0.315 0
0.955 0.304 0
0.933 0.374 0
0.936 0.344 0
0.924 0.371 0
0.901 0.285 0
0.952 0.342 0
0.943 0.301 0
0.898 0.354 0
0.922 0.349 0
0.897 0.333 0
0.96 0.287 0
0.885 0.353 0
0.888 0.378 0
0.89 0.301 0
0.965 0.29 0
0.918 0.284 0
0.876 0.343 0
0.897 0.338 0
0.886 0.363 0
0.875 0.306 0
0.91 0.28 0
0.93 0.307 0
0.938 0.379 0
0.917 0.358 0
0.877 0.37 0
0.959 0.309 0
0.951 0.342 0
0.963 0.348 0
0.939 0.355 0
0.961 0.283 0
0.969 0.344 0
0.905 0.347 0
0.947 0.324 0
0.886 0.312 0
0.915 0.325 0
0.947 0.279 0
0.898 0.327 0
0.945 0.311 0
0.938 0.321 0
0.969 0.361 0
0.911 0.364 0
0.958 0.358 0
0.963 0.355 0
0.97 0.36 0
0.957 0.375 0
0.883 0.355 0
0.923 0.326 0
0.931 0.358 0
0.929 0.318 0
0.887 0.363 0
0.938 0.341 0
0.94 0.284 0
0.884 0.303 0
0.885 0.358 0
0.971 0.292 0
0.892 0.291 0
0.89 0.356 0
0.89 0.295 0
0.875 0.307 0
0.937 0.379 0
0.935 0.322 0
0.916 0.336 0
0.888 0.296 0
0.927 0.354 0
0.927 0.29 0
0.959 0.294 0
0.915 0.365 0
0.884 0.338 0
0.952 0.291 0
0.969 0.325 0
0.941 0.337 0
0.933 0.335 0
0.945 0.287 0
0.933 0.346 0
0.958 0.283 0
0.971 0.346 0
0.951 0.338 0
0.95 0.325 0
0.918 0.362 0
0.896 0.335 0
0.949 0.308 0
0.842 0.369 0
0.899 0.354 0
0.822 0.403 0
0.886 0.428 0
0.863 0.388 0
0.848 0.391 0
0.843 0.439 0
0.905 0.409 0
0.881 0.431 0
0.891 0.44 0
0.819 0.351 0
0.884 0.381 0
0.814 0.396 0
0.833 0.389 0
0.893 0.427 0
0.901 0.412 0
0.812 0.431 0
0.827 0.391 0
0.87 0.4 0
0.853 0.356 0
0.877 0.382 0
0.813 0.38 0
0.894 0.354 0
0.828 0.374 0
0.86 0.368 0
0.901 0.391 0
0.853 0.443 0
0.906 0.383 0
0.906 0.366 0
0.866 0.382 0
0.811 0.43 0
0.827 0.394 0
0.876 0.41 0
0.847 0.416 0
0.903 0.367 0
0.868 0.415 0
0.865 0.378 0
0.852 0.357 0
0.826 0.379 0
0.874 0.417 0
0.844 0.38 0
0.853 0.447 0
0.896 0.432 0
0.849 0.406 0
0.808 0.43 0
0.82 0.361 0
0.838 0.393 0
0.889 0.446 0
0.878 0.355 0
0.837 0.445 0
0.844 0.373 0
0.858 0.366 0
0.809 0.357 0
0.906 0.431 0
0.819 0.437 0
0.83 0.378 0
0.817 0.358 0
0.876 0.423 0
0.866 0.426 0
0.865 0.392 0
0.902 0.439 0
0.896 0.4 0
0.86 0.393 0
0.881 0.42 0
0.874 0.437 0
0.868 0.434 0
0.834 0.449 0
0.858 0.415 0
0.885 0.426 0
0.816 0.362 0
0.834 0.356 0
0.83 0.383 0
0.859 0.431 0
0.838 0.406 0
0.84 0.374 0
0.904 0.373 0
0.88 0.364 0
0.875 0.392 0
0.865 0.4 0
0.9 0.374 0
0.898 0.402 0
0.825 0.445 0
0.84 0.442 0
0.869 0.355 0
0.889 0.375 0
0.883 0.359 0
0.812 0.379 0
0.845 0.39 0
0.86 0.357 0
0.877 0.387 0
0.857 0.431 0
0.827 0.442 0
0.872 0.356 0
0.878 0.395 0
0.895 0.395 0
0.879 0.37 0
0.841 0.349 0
0.906 0.438 0
0.837 0.367 0
0.814 0.389 0
0.897 0.439 0
0.894 0.38 0
0.932 0.358 0
0.932 0.383 0
0.898 0.418 0
0.887 0.425 0
0.846 0.433 0
0.876 0.381 0
0.876 0.406 0
0.876 0.37 0
0.894 0.373 0
0.868 0.407 0
0.843 0.452 0
0.912 0.425 0
0.892 0.433 0
0.855 0.424 0
0.872 0.395 0
0.893 0.394 0
0.865 0.368 0
0.914 0.452 0
0.894 0.422 0
0.878 0.418 0
0.875 0.399 0
0.909 0.431 0
0.876 0.424 0
0.899 0.399 0
0.902 0.369 0
0.897 0.358 0
0.887 0.392 0
0.93 0.403 0
0.928 0.36 0
0.846 0.392 0
0.901 0.449 0
0.909 0.365 0
0.903 0.364 0
0.861 0.367 0
0.874 0.425 0
0.858 0.44 0
0.871 0.366 0
0.885 0.366 0
0.846 0.402 0
0.934 0.447 0
0.908 0.452 0
0.886 0.45 0
0.938 0.458 0
0.874 0.407 0
0.846 0.39 0
0.848 0.412 0
0.933 0.404 0
0.891 0.398 0
0.929 0.454 0
0.916 0.421 0
0.888 0.454 0
0.899 0.372 0
0.919 0.452 0
0.908 0.436 0
0.858 0.37 0
0.871 0.39 0
0.855 0.364 0
0.839 0.371 0
0.856 0.41 0
0.927 0.445 0
0.847 0.449 0
0.875 0.427 0
0.847 0.421 0
0.921 0.456 0
0.85 0.435 0
0.903 0.384 0
0.875 0.382 0
0.878 0.432 0
0.87 0.412 0
0.889 0.439 0
0.846 0.445 0
0.839 0.414 0
0.896 0.362 0
0.843 0.385 0
0.9 0.454 0
0.864 0.435 0
0.909 0.418 0
0.864 0.364 0
0.891 0.388 0
0.876 0.407 0
0.937 0.413 0
0.861 0.432 0
0.898 0.381 0
0.911 0.383 0
0.869 0.378 0
0.868 0.358 0
0.926 0.452 0
0.868 0.37 0
0.894 0.453 0
0.894 0.388 0
0.873 0.443 0
0.917 0.36 0
0.894 0.391 0
0.852 0.448 0
0.937 0.412 0
0.915 0.367 0
0.874 0.363 0
0.889 0.417 0
