0.063 0.954 0
0.031 0.976 0
0.093 0.983 0
0.071 0.971 0
0.083 0.956 0
0.045 0.999 0
0.066 0.933 0
0.02 0.943 0
0.082 0.953 0
0.036 0.992 0
0.046 0.96 0
0.023 0.958 0
0.082 0.955 0
0.088 0.933 0
0.09 0.948 0
0.088 0.999 0
0.06 0.985 0
0.036 0.981 0
0.037 0.985 0
0.006 0.981 0
0.041 0.95 0
0.017 0.95 0
0.021 0.988 0
0.042 0.933 0
0.091 0.949 0
0.069 0.99 0
0.029 0.981 0
0.06 0.972 0
0.06 0.94 0
0.041 0.951 0
0.08 0.944 0
0.037 0.989 0
0.075 0.976 0
0.082 0.946 0
0.046 0.946 0
0.025 0.97 0
0.025 0.932 0
0.066 0.956 0
0.023 0.934 0
0.024 0.969 0
0.013 0.967 0
0.086 0.951 0
0.02 0.981 0
0.077 0.939 0
0.036 0.941 0
0.038 0.937 0
0.011 0.966 0
0.026 1.0 0
0.014 0.996 0
0.026 0.995 0
0.082 0.974 0
0.006 0.948 0
0.006 0.953 0
0.024 0.942 0
0.063 0.954 0
0.073 0.934 0
0.061 0.958 0
0.038 0.957 0
0.073 0.983 0
0.057 0.962 0
0.057 0.963 0
0.051 0.942 0
0.094 0.935 0
0.089 0.942 0
0.003 0.997 0
0.025 0.965 0
0.061 0.998 0
0.054 0.948 0
0.018 0.984 0
0.003 0.939 0
0.048 0.94 0
0.092 0.946 0
0.095 0.942 0
0.004 0.934 0
0.07 0.947 0
0.02 0.97 0
0.083 0.969 0
0.058 0.955 0
0.083 0.961 0
0.044 0.953 0
0.084 0.959 0
0.038 0.995 0
0.013 0.957 0
0.016 0.961 0
0.088 0.945 0
0.051 0.991 0
0.092 0.948 0
0.002 0.932 0
0.037 0.936 0
0.044 0.968 0
0.035 0.966 0
0.0 0.949 0
0.087 0.936 0
0.047 0.985 0
0.008 0.975 0
0.01 0.962 0
0.073 0.933 0
0.055 0.999 0
0.064 0.98 0
0.072 0.958 0
0.091 0.995 0
0.073 0.984 0
0.097 0.948 0
0.052 0.959 0
0.007 0.937 0
0.07 0.978 0
0.072 0.965 0
0.071 0.942 0
0.051 0.937 0
0.09 0.964 0
0.014 0.965 0
0.004 0.961 0
0.012 0.967 0
0.082 1.0 0
0.04 0.972 0
0.097 0.963 0
0.079 0.973 0
0.097 0.974 0
0.044 0.965 0
0.033 0.955 0
0.011 0.972 0
0.048 0.929 0
0.047 0.938 0
0.075 0.987 0
0.086 0.97 0
0.038 0.99 0
0.097 0.934 0
0.072 0.921 0
0.081 0.947 0
0.027 0.959 0
0.036 0.975 0
0.08 0.943 0
0.06 0.996 0
0.023 0.96 0
0.054 0.979 0
0.096 0.932 0
0.026 0.958 0
0.028 0.941 0
0.056 0.985 0
0.055 0.99 0
0.097 0.935 0
0.002 0.982 0
0.0 0.927 0
0.073 0.955 0
0.071 0.941 0
0.063 0.975 0
0.092 0.965 0
0.081 0.98 0
0.062 0.992 0
0.043 0.942 0
0.034 0.928 0
0.007 0.94 0
0.023 0.948 0
0.06 0.948 0
0.071 0.947 0
0.06 0.967 0
0.016 0.92 0
0.066 0.994 0
0.019 0.962 0
0.083 0.966 0
0.02 0.999 0
0.075 0.956 0
0.051 0.92 0
0.024 0.999 0
0.089 0.994 0
0.04 0.929 0
0.025 0.924 0
0.058 0.978 0
0.013 0.931 0
0.078 0.956 0
0.015 0.928 0
0.028 0.925 0
0.077 1.0 0
0.089 0.98 0
0.084 0.944 0
0.071 0.996 0
0.028 0.994 0
0.09 0.952 0
0.013 0.977 0
0.0 0.964 0
0.032 0.973 0
0.092 0.977 0
0.071 0.987 0
0.067 0.928 0
0.022 0.981 0
0.037 0.933 0
0.085 0.926 0
0.018 0.939 0
0.063 0.928 0
0.069 0.979 0
0.014 0.94 0
0.081 0.931 0
0.033 0.977 0
0.012 0.992 0
0.099 0.965 0
0.046 0.923 0
0.08 0.979 0
0.089 0.942 0
0.018 0.932 0
0.014 0.993 0
0.081 0.881 0
0.099 0.882 0
0.102 0.939 0
0.033 0.924 0
0.027 0.971 0
0.09 0.885 0
0.078 0.916 0
0.037 0.885 0
0.036 0.946 0
0.04 0.926 0
0.056 0.936 0
0.075 0.916 0
0.071 0.903 0
0.038 0.975 0
0.116 0.903 0
0.044 0.901 0
0.09 0.954 0
0.068 0.911 0
0.097 0.944 0
0.052 0.883 0
0.056 0.939 0
0.031 0.921 0
0.103 0.943 0
0.076 0.941 0
0.046 0.911 0
0.066 0.972 0
0.056 0.925 0
0.052 0.952 0
0.102 0.948 0
0.08 0.906 0
0.096 0.946 0
0.121 0.905 0
0.032 0.95 0
0.084 0.913 0
0.104 0.907 0
0.087 0.895 0
0.095 0.947 0
0.021 0.947 0
0.103 0.899 0
0.064 0.923 0
0.045 0.885 0
0.064 0.941 0
0.029 0.969 0
0.07 0.913 0
0.022 0.914 0
0.069 0.882 0
0.094 0.914 0
0.097 0.891 0
0.056 0.904 0
0.064 0.903 0
0.049 0.911 0
0.045 0.944 0
0.085 0.91 0
0.057 0.933 0
0.117 0.924 0
0.088 0.953 0
0.092 0.941 0
0.079 0.932 0
0.116 0.881 0
0.03 0.879 0
0.047 0.965 0
0.043 0.958 0
0.062 0.95 0
0.076 0.899 0
0.032 0.95 0
0.032 0.936 0
0.034 0.947 0
0.109 0.934 0
0.025 0.887 0
0.029 0.974 0
0.092 0.971 0
0.119 0.904 0
0.11 0.891 0
0.106 0.976 0
0.081 0.926 0
0.056 0.88 0
0.027 0.943 0
0.108 0.956 0
0.074 0.934 0
0.091 0.88 0
0.074 0.905 0
0.027 0.887 0
0.066 0.877 0
0.097 0.904 0
0.077 0.96 0
0.101 0.921 0
0.079 0.931 0
0.023 0.918 0
0.034 0.878 0
0.116 0.956 0
0.083 0.926 0
0.054 0.974 0
0.046 0.956 0
0.034 0.905 0
0.09 0.884 0
0.121 0.879 0
0.106 0.945 0
0.076 0.971 0
0.095 0.934 0
0.048 0.903 0
0.086 0.832 0
0.158 0.891 0
0.078 0.891 0
0.084 0.842 0
0.102 0.846 0
0.137 0.901 0
0.167 0.843 0
0.13 0.888 0
0.133 0.867 0
0.094 0.838 0
0.095 0.837 0
0.164 0.871 0
0.133 0.831 0
0.1 0.873 0
0.117 0.863 0
0.128 0.915 0
0.082 0.822 0
0.082 0.856 0
0.133 0.908 0
0.155 0.875 0
0.134 0.901 0
0.088 0.859 0
0.103 0.857 0
0.102 0.887 0
0.118 0.86 0
0.157 0.909 0
0.121 0.902 0
0.088 0.862 0
0.089 0.852 0
0.115 0.914 0
0.162 0.864 0
0.072 0.89 0
0.071 0.914 0
0.103 0.842 0
0.123 0.906 0
0.091 0.867 0
0.092 0.859 0
0.109 0.865 0
0.124 0.818 0
0.131 0.828 0
0.155 0.867 0
0.125 0.872 0
0.132 0.894 0
0.107 0.832 0
0.092 0.822 0
0.139 0.85 0
0.12 0.84 0
0.111 0.866 0
0.128 0.821 0
0.128 0.886 0
0.084 0.888 0
0.128 0.833 0
0.121 0.839 0
0.156 0.836 0
0.132 0.855 0
0.144 0.877 0
0.086 0.836 0
0.101 0.826 0
0.15 0.91 0
0.069 0.834 0
0.141 0.91 0
0.107 0.889 0
0.138 0.848 0
0.166 0.908 0
0.102 0.914 0
0.12 0.908 0
0.082 0.917 0
0.113 0.854 0
0.099 0.886 0
0.144 0.862 0
0.146 0.827 0
0.126 0.855 0
0.118 0.887 0
0.117 0.886 0
0.084 0.888 0
0.078 0.887 0
0.069 0.909 0
0.086 0.846 0
0.096 0.828 0
0.109 0.852 0
0.094 0.818 0
0.149 0.841 0
0.142 0.849 0
0.128 0.829 0
0.082 0.908 0
0.153 0.913 0
0.163 0.826 0
0.076 0.818 0
0.133 0.849 0
0.128 0.85 0
0.134 0.892 0
0.094 0.86 0
0.114 0.887 0
0.097 0.862 0
0.136 0.905 0
0.124 0.879 0
0.134 0.827 0
0.132 0.868 0
0.152 0.887 0
0.09 0.903 0
0.101 0.856 0
0.153 0.847 0
0.154 0.859 0
0.119 0.789 0
0.134 0.841 0
0.176 0.798 0
0.149 0.828 0
0.142 0.832 0
0.166 0.809 0
0.172 0.862 0
0.117 0.867 0
0.187 0.827 0
0.162 0.789 0
0.187 0.781 0
0.168 0.857 0
0.172 0.858 0
0.157 0.801 0
0.161 0.859 0
0.158 0.839 0
0.145 0.787 0
0.147 0.78 0
0.161 0.783 0
0.162 0.868 0
0.129 0.823 0
0.171 0.839 0
0.108 0.832 0
0.123 0.836 0
0.165 0.818 0
0.137 0.866 0
0.104 0.868 0
0.171 0.799 0
0.162 0.86 0
0.113 0.865 0
0.127 0.783 0
0.149 0.822 0
0.152 0.817 0
0.155 0.782 0
0.143 0.866 0
0.145 0.779 0
0.156 0.838 0
0.146 0.786 0
0.185 0.871 0
0.103 0.826 0
0.189 0.83 0
0.118 0.784 0
0.111 0.839 0
0.147 0.782 0
0.18 0.772 0
0.133 0.794 0
0.18 0.835 0
0.175 0.847 0
0.136 0.775 0
0.119 0.852 0
0.188 0.797 0
0.189 0.841 0
0.149 0.778 0
0.158 0.789 0
0.186 0.82 0
0.176 0.803 0
0.142 0.814 0
0.121 0.865 0
0.117 0.828 0
0.094 0.792 0
0.175 0.849 0
0.111 0.813 0
0.171 0.844 0
0.095 0.832 0
0.16 0.815 0
0.111 0.835 0
0.103 0.782 0
0.114 0.863 0
0.161 0.863 0
0.117 0.805 0
0.118 0.864 0
0.101 0.816 0
0.148 0.85 0
0.151 0.803 0
0.151 0.801 0
0.189 0.817 0
0.124 0.811 0
0.1 0.791 0
0.18 0.783 0
0.166 0.87 0
0.102 0.86 0
0.148 0.81 0
0.184 0.785 0
0.116 0.777 0
0.168 0.772 0
0.105 0.816 0
0.159 0.776 0
0.14 0.809 0
0.118 0.84 0
0.096 0.785 0
0.151 0.786 0
0.128 0.826 0
0.154 0.824 0
0.175 0.86 0
0.174 0.855 0
0.111 0.804 0
0.173 0.804 0
0.204 0.832 0
0.203 0.776 0
0.139 0.743 0
0.204 0.747 0
0.154 0.797 0
0.151 0.744 0
0.151 0.735 0
0.128 0.734 0
0.193 0.736 0
0.165 0.796 0
0.182 0.771 0
0.124 0.762 0
0.137 0.831 0
0.206 0.817 0
0.116 0.829 0
0.16 0.75 0
0.184 0.803 0
0.154 0.809 0
0.127 0.745 0
0.121 0.795 0
0.123 0.798 0
0.167 0.735 0
0.159 0.828 0
0.196 0.753 0
0.153 0.794 0
0.163 0.765 0
0.148 0.833 0
0.158 0.776 0
0.19 0.762 0
0.14 0.813 0
0.172 0.773 0
0.182 0.82 0
0.193 0.81 0
0.166 0.824 0
0.153 0.807 0
0.125 0.828 0
0.209 0.753 0
0.188 0.828 0
0.152 0.755 0
0.16 0.771 0
0.164 0.734 0
0.2 0.822 0
0.145 0.823 0
0.132 0.772 0
0.194 0.825 0
0.179 0.827 0
0.162 0.757 0
0.187 0.814 0
0.172 0.791 0
0.141 0.756 0
0.152 0.829 0
0.118 0.754 0
0.209 0.809 0
0.155 0.817 0
0.113 0.754 0
0.147 0.776 0
0.177 0.739 0
0.113 0.762 0
0.208 0.819 0
0.16 0.79 0
0.189 0.815 0
0.202 0.789 0
0.162 0.791 0
0.121 0.76 0
0.158 0.834 0
0.153 0.778 0
0.193 0.82 0
0.165 0.826 0
0.181 0.773 0
0.114 0.791 0
0.144 0.826 0
0.166 0.767 0
0.171 0.758 0
0.194 0.782 0
0.126 0.751 0
0.121 0.741 0
0.196 0.803 0
0.139 0.797 0
0.164 0.834 0
0.122 0.811 0
0.147 0.767 0
0.189 0.795 0
0.189 0.813 0
0.178 0.746 0
0.162 0.767 0
0.143 0.812 0
0.185 0.734 0
0.112 0.756 0
0.125 0.831 0
0.174 0.735 0
0.143 0.791 0
0.125 0.826 0
0.155 0.799 0
0.147 0.801 0
0.194 0.775 0
0.166 0.815 0
0.125 0.797 0
0.16 0.799 0
0.138 0.738 0
0.13 0.735 0
0.208 0.699 0
0.174 0.783 0
0.164 0.792 0
0.146 0.766 0
0.152 0.768 0
0.152 0.746 0
0.209 0.7 0
0.171 0.792 0
0.192 0.741 0
0.196 0.722 0
0.19 0.721 0
0.229 0.774 0
0.208 0.787 0
0.145 0.775 0
0.169 0.7 0
0.216 0.777 0
0.157 0.76 0
0.23 0.796 0
0.179 0.723 0
0.165 0.705 0
0.15 0.791 0
0.23 0.699 0
0.213 0.775 0
0.172 0.794 0
0.162 0.753 0
0.215 0.762 0
0.211 0.775 0
0.213 0.782 0
0.221 0.768 0
0.23 0.761 0
0.148 0.723 0
0.195 0.702 0
0.149 0.702 0
0.14 0.726 0
0.194 0.723 0
0.222 0.729 0
0.234 0.707 0
0.145 0.78 0
0.177 0.725 0
0.2 0.765 0
0.137 0.773 0
0.187 0.719 0
0.19 0.704 0
0.174 0.792 0
0.187 0.777 0
0.233 0.726 0
0.158 0.758 0
0.179 0.767 0
0.23 0.788 0
0.205 0.73 0
0.193 0.727 0
0.172 0.753 0
0.192 0.763 0
0.197 0.783 0
0.201 0.723 0
0.181 0.766 0
0.161 0.701 0
0.226 0.756 0
0.184 0.76 0
0.229 0.701 0
0.173 0.764 0
0.17 0.717 0
0.166 0.78 0
0.232 0.785 0
0.2 0.779 0
0.222 0.698 0
0.188 0.767 0
0.201 0.762 0
0.161 0.705 0
0.229 0.789 0
0.218 0.744 0
0.167 0.731 0
0.18 0.757 0
0.183 0.711 0
0.202 0.761 0
0.2 0.749 0
0.179 0.79 0
0.151 0.711 0
0.211 0.775 0
0.237 0.76 0
0.223 0.711 0
0.161 0.733 0
0.218 0.781 0
0.215 0.742 0
0.174 0.714 0
0.14 0.727 0
0.18 0.697 0
0.213 0.736 0
0.224 0.763 0
0.203 0.787 0
0.217 0.739 0
0.207 0.72 0
0.185 0.703 0
0.168 0.746 0
0.201 0.724 0
0.236 0.743 0
0.223 0.727 0
0.157 0.743 0
0.176 0.726 0
0.219 0.76 0
0.23 0.679 0
0.25 0.723 0
0.171 0.745 0
0.246 0.745 0
0.184 0.651 0
0.22 0.725 0
0.217 0.647 0
0.267 0.688 0
0.191 0.666 0
0.264 0.745 0
0.238 0.664 0
0.222 0.727 0
0.174 0.745 0
0.264 0.719 0
0.196 0.653 0
0.259 0.707 0
0.17 0.712 0
0.189 0.67 0
0.184 0.684 0
0.179 0.73 0
0.254 0.71 0
0.177 0.706 0
0.194 0.68 0
0.211 0.719 0
0.169 0.738 0
0.239 0.673 0
0.254 0.661 0
0.172 0.725 0
0.265 0.726 0
0.252 0.719 0
0.209 0.66 0
0.2 0.71 0
0.21 0.651 0
0.246 0.737 0
0.246 0.672 0
0.219 0.734 0
0.193 0.697 0
0.251 0.738 0
0.23 0.664 0
0.239 0.661 0
0.197 0.746 0
0.215 0.673 0
0.179 0.681 0
0.219 0.678 0
0.226 0.729 0
0.217 0.747 0
0.243 0.746 0
0.255 0.723 0
0.239 0.725 0
0.248 0.648 0
0.196 0.709 0
0.219 0.732 0
0.221 0.69 0
0.26 0.65 0
0.178 0.677 0
0.174 0.669 0
0.23 0.745 0
0.175 0.687 0
0.209 0.734 0
0.18 0.695 0
0.228 0.726 0
0.23 0.684 0
0.221 0.691 0
0.199 0.742 0
0.201 0.686 0
0.226 0.648 0
0.234 0.682 0
0.184 0.727 0
0.234 0.666 0
0.267 0.703 0
0.195 0.651 0
0.171 0.737 0
0.241 0.694 0
0.187 0.657 0
0.185 0.668 0
0.194 0.695 0
0.212 0.694 0
0.19 0.652 0
0.184 0.676 0
0.241 0.707 0
0.169 0.728 0
0.233 0.648 0
0.202 0.707 0
0.177 0.692 0
0.172 0.745 0
0.176 0.708 0
0.194 0.663 0
0.168 0.664 0
0.253 0.709 0
0.218 0.712 0
0.201 0.745 0
0.203 0.699 0
0.25 0.662 0
0.188 0.652 0
0.26 0.659 0
0.252 0.731 0
0.237 0.746 0
0.179 0.743 0
0.179 0.698 0
0.252 0.673 0
0.251 0.628 0
0.296 0.65 0
0.239 0.65 0
0.3 0.605 0
0.216 0.644 0
0.265 0.665 0
0.238 0.624 0
0.266 0.633 0
0.211 0.644 0
0.211 0.613 0
0.257 0.645 0
0.267 0.644 0
0.298 0.673 0
0.294 0.632 0
0.211 0.667 0
0.251 0.651 0
0.26 0.67 0
0.248 0.631 0
0.243 0.592 0
0.291 0.592 0
0.243 0.633 0
0.206 0.646 0
0.29 0.671 0
0.221 0.609 0
0.27 0.659 0
0.233 0.685 0
0.248 0.601 0
0.27 0.6 0
0.244 0.674 0
0.247 0.615 0
0.213 0.599 0
0.29 0.629 0
0.263 0.594 0
0.205 0.61 0
0.283 0.682 0
0.302 0.621 0
0.266 0.675 0
0.255 0.597 0
0.236 0.641 0
0.271 0.589 0
0.295 0.676 0
0.22 0.626 0
0.229 0.632 0
0.266 0.686 0
0.27 0.599 0
0.274 0.669 0
0.296 0.6 0
0.21 0.629 0
0.246 0.652 0
0.302 0.635 0
0.301 0.67 0
0.288 0.678 0
0.26 0.59 0
0.251 0.605 0
0.268 0.66 0
0.286 0.661 0
0.204 0.614 0
0.231 0.659 0
0.297 0.66 0
0.243 0.594 0
0.24 0.595 0
0.214 0.668 0
0.238 0.597 0
0.239 0.625 0
0.242 0.657 0
0.296 0.608 0
0.229 0.59 0
0.209 0.592 0
0.295 0.652 0
0.288 0.684 0
0.288 0.604 0
0.205 0.635 0
0.22 0.634 0
0.303 0.611 0
0.264 0.641 0
0.26 0.622 0
0.248 0.624 0
0.218 0.653 0
0.272 0.658 0
0.255 0.686 0
0.287 0.639 0
0.291 0.64 0
0.284 0.665 0
0.265 0.639 0
0.301 0.649 0
0.221 0.615 0
0.235 0.593 0
0.3 0.6 0
0.227 0.667 0
0.3 0.637 0
0.215 0.666 0
0.206 0.681 0
0.245 0.589 0
0.238 0.62 0
0.214 0.632 0
0.289 0.649 0
0.244 0.632 0
0.238 0.601 0
0.293 0.591 0
0.301 0.611 0
0.311 0.595 0
0.339 0.585 0
0.258 0.563 0
0.299 0.631 0
0.333 0.617 0
0.249 0.637 0
0.307 0.615 0
0.34 0.597 0
0.32 0.634 0
0.29 0.568 0
0.252 0.555 0
0.325 0.556 0
0.333 0.587 0
0.268 0.56 0
0.262 0.631 0
0.324 0.573 0
0.317 0.565 0
0.338 0.575 0
0.334 0.603 0
0.264 0.554 0
0.329 0.59 0
0.284 0.617 0
0.271 0.541 0
0.288 0.624 0
0.251 0.543 0
0.303 0.626 0
0.248 0.552 0
0.271 0.58 0
0.33 0.549 0
0.336 0.606 0
0.321 0.575 0
0.337 0.543 0
0.263 0.629 0
0.314 0.553 0
0.263 0.616 0
0.256 0.617 0
0.306 0.549 0
0.323 0.636 0
0.314 0.619 0
0.296 0.567 0
0.311 0.553 0
0.273 0.543 0
0.305 0.545 0
0.31 0.566 0
0.323 0.598 0
0.264 0.573 0
0.3 0.634 0
0.309 0.629 0
0.274 0.552 0
0.295 0.575 0
0.253 0.612 0
0.328 0.582 0
0.288 0.543 0
0.263 0.599 0
0.247 0.61 0
0.288 0.563 0
0.284 0.575 0
0.304 0.54 0
0.246 0.568 0
0.282 0.609 0
0.276 0.6 0
0.303 0.607 0
0.273 0.62 0
0.294 0.617 0
0.26 0.608 0
0.249 0.6 0
0.324 0.539 0
0.323 0.543 0
0.307 0.56 0
0.335 0.566 0
0.304 0.583 0
0.258 0.618 0
0.259 0.6 0
0.267 0.545 0
0.31 0.602 0
0.336 0.547 0
0.328 0.572 0
0.288 0.584 0
0.325 0.599 0
0.274 0.601 0
0.249 0.577 0
0.256 0.569 0
0.289 0.631 0
0.321 0.612 0
0.323 0.554 0
0.329 0.619 0
0.311 0.631 0
0.32 0.542 0
0.254 0.549 0
0.267 0.555 0
0.271 0.631 0
0.253 0.602 0
0.253 0.609 0
0.27 0.638 0
0.304 0.56 0
0.263 0.564 0
0.257 0.589 0
0.252 0.567 0
0.292 0.571 0
0.334 0.562 0
0.374 0.56 0
0.289 0.59 0
0.318 0.546 0
0.326 0.554 0
0.326 0.492 0
0.288 0.559 0
0.319 0.53 0
0.348 0.528 0
0.35 0.555 0
0.285 0.523 0
0.314 0.54 0
0.356 0.527 0
0.377 0.494 0
0.282 0.52 0
0.328 0.499 0
0.343 0.561 0
0.339 0.513 0
0.355 0.549 0
0.349 0.565 0
0.345 0.51 0
0.28 0.563 0
0.323 0.515 0
0.324 0.551 0
0.353 0.491 0
0.285 0.577 0
0.297 0.5 0
0.285 0.564 0
0.365 0.587 0
0.327 0.553 0
0.306 0.531 0
0.346 0.555 0
0.311 0.567 0
0.316 0.508 0
0.283 0.527 0
0.309 0.588 0
0.371 0.531 0
0.308 0.509 0
0.297 0.535 0
0.289 0.506 0
0.377 0.527 0
0.302 0.55 0
0.324 0.519 0
0.378 0.526 0
0.347 0.53 0
0.349 0.589 0
0.298 0.508 0
0.346 0.544 0
0.342 0.548 0
0.336 0.573 0
0.304 0.496 0
0.36 0.571 0
0.29 0.492 0
0.321 0.564 0
0.355 0.559 0
0.33 0.561 0
0.338 0.588 0
0.38 0.53 0
0.323 0.51 0
0.356 0.564 0
0.361 0.52 0
0.344 0.499 0
0.355 0.528 0
0.318 0.492 0
0.363 0.527 0
0.353 0.561 0
0.366 0.512 0
0.342 0.588 0
0.336 0.562 0
0.34 0.587 0
0.375 0.558 0
0.331 0.546 0
0.351 0.527 0
0.368 0.546 0
0.322 0.579 0
0.378 0.492 0
0.351 0.589 0
0.334 0.492 0
0.361 0.571 0
0.318 0.492 0
0.355 0.499 0
0.355 0.559 0
0.363 0.506 0
0.3 0.57 0
0.305 0.504 0
0.321 0.492 0
0.331 0.517 0
0.299 0.526 0
0.377 0.567 0
0.307 0.532 0
0.358 0.55 0
0.289 0.517 0
0.371 0.51 0
0.323 0.532 0
0.289 0.524 0
0.306 0.52 0
0.352 0.523 0
0.341 0.502 0
0.301 0.492 0
0.303 0.544 0
0.371 0.519 0
0.415 0.463 0
0.396 0.45 0
0.42 0.502 0
0.361 0.522 0
0.33 0.449 0
0.346 0.48 0
0.427 0.52 0
0.344 0.499 0
0.328 0.502 0
0.345 0.474 0
0.356 0.515 0
0.388 0.474 0
0.393 0.466 0
0.408 0.493 0
0.379 0.495 0
0.357 0.5 0
0.421 0.485 0
0.327 0.5 0
0.395 0.497 0
0.344 0.514 0
0.42 0.532 0
0.411 0.484 0
0.379 0.472 0
0.385 0.477 0
0.395 0.493 0
0.42 0.447 0
0.42 0.484 0
0.421 0.545 0
0.398 0.546 0
0.34 0.485 0
0.354 0.539 0
0.378 0.496 0
0.391 0.493 0
0.383 0.535 0
0.376 0.513 0
0.398 0.533 0
0.416 0.501 0
0.421 0.506 0
0.361 0.519 0
0.412 0.447 0
0.421 0.509 0
0.391 0.462 0
0.346 0.487 0
0.341 0.446 0
0.372 0.518 0
0.408 0.511 0
0.402 0.498 0
0.334 0.494 0
0.41 0.546 0
0.39 0.497 0
0.36 0.509 0
0.421 0.465 0
0.363 0.495 0
0.361 0.496 0
0.426 0.468 0
0.35 0.455 0
0.353 0.53 0
0.364 0.468 0
0.347 0.447 0
0.399 0.481 0
0.367 0.513 0
0.36 0.539 0
0.41 0.529 0
0.41 0.54 0
0.379 0.448 0
0.351 0.455 0
0.386 0.526 0
0.399 0.449 0
0.394 0.492 0
0.406 0.498 0
0.351 0.526 0
0.384 0.447 0
0.37 0.54 0
0.396 0.538 0
0.393 0.469 0
0.412 0.511 0
0.362 0.493 0
0.334 0.478 0
0.36 0.507 0
0.413 0.502 0
0.363 0.536 0
0.426 0.471 0
0.356 0.451 0
0.375 0.469 0
0.401 0.498 0
0.383 0.494 0
0.41 0.525 0
0.406 0.494 0
0.332 0.539 0
0.369 0.472 0
0.351 0.463 0
0.385 0.512 0
0.404 0.528 0
0.407 0.455 0
0.394 0.496 0
0.406 0.498 0
0.357 0.53 0
0.377 0.493 0
0.357 0.497 0
0.339 0.525 0
0.459 0.441 0
0.447 0.435 0
0.438 0.454 0
0.415 0.385 0
0.446 0.475 0
0.443 0.428 0
0.475 0.408 0
0.444 0.391 0
0.469 0.438 0
0.463 0.397 0
0.442 0.411 0
0.421 0.424 0
0.395 0.417 0
0.418 0.462 0
0.388 0.408 0
0.476 0.435 0
0.485 0.404 0
0.42 0.416 0
0.416 0.443 0
0.46 0.399 0
0.472 0.39 0
0.446 0.451 0
0.451 0.404 0
0.446 0.441 0
0.401 0.466 0
0.465 0.464 0
0.462 0.428 0
0.404 0.473 0
0.408 0.471 0
0.46 0.408 0
0.439 0.479 0
0.464 0.461 0
0.476 0.405 0
0.463 0.441 0
0.413 0.391 0
0.458 0.387 0
0.402 0.44 0
0.413 0.452 0
0.447 0.433 0
0.458 0.41 0
0.393 0.437 0
0.476 0.477 0
0.391 0.428 0
0.395 0.386 0
0.401 0.472 0
0.404 0.411 0
0.406 0.469 0
0.476 0.405 0
0.437 0.446 0
0.466 0.392 0
0.464 0.467 0
0.421 0.426 0
0.482 0.441 0
0.409 0.466 0
0.436 0.417 0
0.406 0.478 0
0.448 0.406 0
0.484 0.468 0
0.432 0.479 0
0.386 0.393 0
0.408 0.395 0
0.426 0.389 0
0.457 0.484 0
0.473 0.405 0
0.461 0.443 0
0.476 0.397 0
0.418 0.408 0
0.485 0.466 0
0.477 0.412 0
0.429 0.441 0
0.481 0.433 0
0.422 0.415 0
0.474 0.475 0
0.391 0.476 0
0.395 0.465 0
0.416 0.407 0
0.461 0.402 0
0.469 0.442 0
0.391 0.387 0
0.427 0.477 0
0.394 0.444 0
0.432 0.432 0
0.43 0.392 0
0.452 0.388 0
0.45 0.478 0
0.474 0.433 0
0.435 0.437 0
0.395 0.419 0
0.41 0.467 0
0.439 0.449 0
0.434 0.43 0
0.434 0.47 0
0.403 0.462 0
0.45 0.478 0
0.465 0.416 0
0.431 0.441 0
0.411 0.431 0
0.432 0.397 0
0.436 0.384 0
0.455 0.421 0
0.458 0.394 0
0.424 0.342 0
0.452 0.392 0
0.516 0.413 0
0.467 0.434 0
0.466 0.343 0
0.429 0.439 0
0.519 0.377 0
0.491 0.424 0
0.457 0.389 0
0.472 0.353 0
0.522 0.413 0
0.477 0.401 0
0.455 0.352 0
0.449 0.364 0
0.465 0.415 0
0.43 0.353 0
0.516 0.404 0
0.442 0.37 0
0.45 0.389 0
0.517 0.418 0
0.489 0.415 0
0.47 0.419 0
0.438 0.353 0
0.461 0.389 0
0.457 0.435 0
0.468 0.402 0
0.432 0.354 0
0.498 0.412 0
0.501 0.422 0
0.513 0.387 0
0.447 0.437 0
0.43 0.371 0
0.496 0.403 0
0.456 0.426 0
0.465 0.427 0
0.444 0.384 0
0.434 0.411 0
0.505 0.377 0
0.47 0.345 0
0.466 0.423 0
0.425 0.346 0
0.518 0.377 0
0.502 0.413 0
0.427 0.428 0
0.44 0.441 0
0.423 0.415 0
0.513 0.357 0
0.442 0.413 0
0.507 0.38 0
0.451 0.345 0
0.496 0.417 0
0.489 0.412 0
0.461 0.409 0
0.447 0.35 0
0.492 0.365 0
0.487 0.439 0
0.461 0.413 0
0.448 0.389 0
0.493 0.393 0
0.428 0.436 0
0.478 0.355 0
0.519 0.408 0
0.514 0.413 0
0.484 0.347 0
0.443 0.386 0
0.434 0.38 0
0.436 0.419 0
0.484 0.428 0
0.501 0.433 0
0.466 0.351 0
0.488 0.438 0
0.432 0.425 0
0.461 0.38 0
0.494 0.344 0
0.428 0.382 0
0.515 0.374 0
0.427 0.36 0
0.455 0.413 0
0.427 0.391 0
0.511 0.346 0
0.47 0.345 0
0.518 0.367 0
0.509 0.367 0
0.426 0.387 0
0.437 0.417 0
0.437 0.388 0
0.514 0.393 0
0.483 0.402 0
0.516 0.419 0
0.509 0.36 0
0.425 0.413 0
0.463 0.364 0
0.478 0.348 0
0.501 0.441 0
0.458 0.345 0
0.466 0.417 0
0.46 0.436 0
0.482 0.424 0
0.424 0.378 0
0.503 0.327 0
0.499 0.325 0
0.566 0.296 0
0.538 0.358 0
0.478 0.3 0
0.54 0.359 0
0.477 0.31 0
0.549 0.31 0
0.533 0.371 0
0.565 0.318 0
0.494 0.322 0
0.514 0.339 0
0.556 0.306 0
0.477 0.31 0
0.507 0.334 0
0.478 0.362 0
0.539 0.325 0
0.478 0.321 0
0.489 0.328 0
0.485 0.332 0
0.506 0.391 0
0.483 0.386 0
0.525 0.395 0
0.511 0.373 0
0.492 0.346 0
0.567 0.367 0
0.543 0.364 0
0.493 0.359 0
0.545 0.31 0
0.475 0.39 0
0.563 0.306 0
0.504 0.36 0
0.555 0.34 0
0.524 0.338 0
0.473 0.385 0
0.505 0.393 0
0.569 0.356 0
0.473 0.298 0
0.563 0.352 0
0.512 0.344 0
0.537 0.349 0
0.49 0.336 0
0.51 0.316 0
0.548 0.329 0
0.489 0.352 0
0.518 0.318 0
0.562 0.375 0
0.568 0.381 0
0.477 0.325 0
0.567 0.312 0
0.497 0.371 0
0.494 0.328 0
0.561 0.362 0
0.527 0.307 0
0.562 0.297 0
0.561 0.303 0
0.495 0.374 0
0.522 0.354 0
0.472 0.332 0
0.527 0.303 0
0.495 0.364 0
0.562 0.393 0
0.52 0.314 0
0.472 0.35 0
0.549 0.341 0
0.565 0.379 0
0.511 0.347 0
0.502 0.389 0
0.479 0.39 0
0.492 0.369 0
0.476 0.381 0
0.563 0.344 0
0.469 0.366 0
0.49 0.321 0
0.556 0.393 0
0.562 0.299 0
0.492 0.381 0
0.536 0.38 0
0.564 0.379 0
0.526 0.391 0
0.547 0.326 0
0.52 0.384 0
0.555 0.391 0
0.532 0.386 0
0.543 0.381 0
0.549 0.298 0
0.472 0.377 0
0.477 0.299 0
0.533 0.333 0
0.508 0.346 0
0.511 0.386 0
0.546 0.333 0
0.547 0.301 0
0.525 0.369 0
0.559 0.383 0
0.475 0.352 0
0.487 0.317 0
0.476 0.378 0
0.482 0.355 0
0.508 0.375 0
0.638 0.255 0
0.569 0.28 0
0.58 0.309 0
0.541 0.271 0
0.562 0.227 0
0.62 0.249 0
0.607 0.23 0
0.594 0.224 0
0.577 0.249 0
0.633 0.297 0
0.596 0.268 0
0.56 0.273 0
0.589 0.275 0
0.633 0.265 0
0.588 0.233 0
0.565 0.234 0
0.617 0.244 0
0.631 0.265 0
0.546 0.255 0
0.586 0.231 0
0.542 0.294 0
0.55 0.309 0
0.567 0.286 0
0.557 0.239 0
0.547 0.255 0
0.547 0.301 0
0.606 0.255 0
0.587 0.253 0
0.617 0.316 0
0.588 0.294 0
0.621 0.323 0
0.612 0.289 0
0.628 0.259 0
0.58 0.31 0
0.613 0.313 0
0.568 0.271 0
0.581 0.307 0
0.573 0.269 0
0.557 0.268 0
0.605 0.32 0
0.606 0.318 0
0.635 0.24 0
0.627 0.293 0
0.573 0.274 0
0.54 0.272 0
0.579 0.254 0
0.631 0.298 0
0.556 0.257 0
0.561 0.25 0
0.623 0.299 0
0.627 0.224 0
0.558 0.299 0
0.551 0.3 0
0.629 0.247 0
0.603 0.308 0
0.559 0.286 0
0.624 0.231 0
0.559 0.251 0
0.618 0.293 0
0.542 0.31 0
0.58 0.317 0
0.539 0.26 0
0.55 0.303 0
0.627 0.229 0
0.572 0.278 0
0.619 0.301 0
0.596 0.229 0
0.6 0.301 0
0.602 0.234 0
0.598 0.304 0
0.598 0.282 0
0.582 0.272 0
0.595 0.321 0
0.612 0.291 0
0.545 0.257 0
0.586 0.298 0
0.574 0.262 0
0.592 0.234 0
0.622 0.288 0
0.583 0.229 0
0.568 0.311 0
0.573 0.316 0
0.55 0.246 0
0.626 0.231 0
0.553 0.241 0
0.636 0.291 0
0.544 0.262 0
0.621 0.255 0
0.626 0.258 0
0.581 0.287 0
0.577 0.279 0
0.603 0.238 0
0.565 0.229 0
0.617 0.318 0
0.586 0.286 0
0.578 0.262 0
0.54 0.273 0
0.571 0.293 0
0.564 0.291 0
0.561 0.284 0
0.597 0.23 0
0.651 0.28 0
0.623 0.282 0
0.652 0.195 0
0.576 0.204 0
0.597 0.28 0
0.668 0.225 0
0.641 0.291 0
0.602 0.197 0
0.661 0.27 0
0.65 0.205 0
0.605 0.233 0
0.595 0.258 0
0.601 0.216 0
0.615 0.247 0
0.617 0.233 0
0.59 0.233 0
0.636 0.264 0
0.67 0.194 0
0.627 0.198 0
0.629 0.281 0
0.593 0.263 0
0.6 0.249 0
0.62 0.193 0
0.67 0.215 0
0.616 0.199 0
0.621 0.24 0
0.615 0.256 0
0.664 0.247 0
0.591 0.229 0
0.583 0.235 0
0.665 0.199 0
0.592 0.192 0
0.612 0.247 0
0.672 0.239 0
0.585 0.262 0
0.63 0.272 0
0.598 0.208 0
0.583 0.256 0
0.581 0.278 0
0.623 0.252 0
0.608 0.225 0
0.581 0.203 0
0.647 0.224 0
0.65 0.259 0
0.67 0.275 0
0.619 0.286 0
0.655 0.237 0
0.602 0.221 0
0.636 0.217 0
0.59 0.196 0
0.622 0.207 0
0.61 0.229 0
0.653 0.231 0
0.659 0.244 0
0.58 0.235 0
0.675 0.239 0
0.675 0.198 0
0.578 0.257 0
0.668 0.237 0
0.611 0.24 0
0.609 0.257 0
0.632 0.291 0
0.657 0.241 0
0.628 0.248 0
0.608 0.281 0
0.664 0.26 0
0.591 0.23 0
0.675 0.224 0
0.662 0.214 0
0.644 0.206 0
0.593 0.241 0
0.613 0.29 0
0.633 0.287 0
0.62 0.205 0
0.659 0.288 0
0.585 0.29 0
0.623 0.209 0
0.628 0.209 0
0.663 0.193 0
0.668 0.264 0
0.594 0.258 0
0.613 0.224 0
0.672 0.264 0
0.584 0.251 0
0.605 0.244 0
0.636 0.216 0
0.607 0.259 0
0.624 0.251 0
0.623 0.224 0
0.614 0.196 0
0.668 0.244 0
0.606 0.238 0
0.64 0.252 0
0.658 0.274 0
0.575 0.226 0
0.668 0.207 0
0.576 0.283 0
0.662 0.206 0
0.61 0.272 0
0.713 0.202 0
0.639 0.217 0
0.667 0.218 0
0.675 0.137 0
0.686 0.224 0
0.682 0.143 0
0.646 0.138 0
0.691 0.177 0
0.68 0.222 0
0.634 0.235 0
0.638 0.143 0
0.648 0.146 0
0.672 0.145 0
0.667 0.222 0
0.657 0.158 0
0.718 0.162 0
0.688 0.21 0
0.697 0.173 0
0.671 0.16 0
0.669 0.181 0
0.638 0.148 0
0.698 0.153 0
0.688 0.186 0
0.717 0.22 0
0.711 0.136 0
0.647 0.189 0
0.691 0.197 0
0.65 0.161 0
0.667 0.165 0
0.697 0.184 0
0.668 0.233 0
0.676 0.214 0
0.65 0.214 0
0.672 0.155 0
0.68 0.182 0
0.683 0.176 0
0.652 0.204 0
0.701 0.212 0
0.649 0.172 0
0.653 0.157 0
0.702 0.136 0
0.645 0.199 0
0.684 0.149 0
0.684 0.138 0
0.658 0.192 0
0.628 0.199 0
0.712 0.194 0
0.644 0.214 0
0.694 0.174 0
0.707 0.156 0
0.638 0.171 0
0.704 0.182 0
0.713 0.204 0
0.663 0.227 0
0.643 0.173 0
0.64 0.148 0
0.651 0.187 0
0.657 0.204 0
0.726 0.171 0
0.63 0.199 0
0.671 0.196 0
0.701 0.18 0
0.641 0.137 0
0.717 0.21 0
0.668 0.232 0
0.68 0.218 0
0.676 0.178 0
0.701 0.188 0
0.689 0.232 0
0.715 0.226 0
0.63 0.19 0
0.711 0.17 0
0.628 0.179 0
0.713 0.173 0
0.643 0.151 0
0.628 0.144 0
0.668 0.205 0
0.675 0.214 0
0.666 0.235 0
0.664 0.218 0
0.672 0.214 0
0.639 0.171 0
0.679 0.194 0
0.676 0.188 0
0.693 0.23 0
0.701 0.183 0
0.69 0.17 0
0.722 0.226 0
0.724 0.156 0
0.667 0.173 0
0.705 0.229 0
0.686 0.147 0
0.644 0.147 0
0.678 0.192 0
0.688 0.235 0
0.703 0.148 0
0.721 0.212 0
0.654 0.157 0
0.648 0.147 0
0.634 0.198 0
0.762 0.142 0
0.72 0.083 0
0.68 0.155 0
0.754 0.149 0
0.759 0.147 0
0.736 0.115 0
0.75 0.166 0
0.74 0.086 0
0.716 0.144 0
0.766 0.141 0
0.743 0.166 0
0.771 0.098 0
0.717 0.18 0
0.756 0.128 0
0.707 0.102 0
0.737 0.114 0
0.746 0.154 0
0.698 0.151 0
0.708 0.121 0
0.774 0.129 0
0.747 0.137 0
0.681 0.163 0
0.765 0.145 0
0.685 0.103 0
0.779 0.095 0
0.731 0.173 0
0.72 0.141 0
0.755 0.164 0
0.725 0.094 0
0.731 0.145 0
0.68 0.168 0
0.689 0.18 0
0.769 0.107 0
0.759 0.106 0
0.774 0.102 0
0.716 0.091 0
0.713 0.116 0
0.682 0.181 0
0.759 0.178 0
0.721 0.155 0
0.708 0.094 0
0.697 0.177 0
0.744 0.081 0
0.704 0.135 0
0.773 0.126 0
0.741 0.169 0
0.702 0.091 0
0.76 0.138 0
0.698 0.145 0
0.749 0.136 0
0.713 0.163 0
0.759 0.109 0
0.768 0.156 0
0.746 0.14 0
0.767 0.1 0
0.759 0.149 0
0.705 0.133 0
0.762 0.154 0
0.774 0.173 0
0.718 0.094 0
0.769 0.141 0
0.739 0.106 0
0.769 0.102 0
0.71 0.123 0
0.765 0.087 0
0.729 0.138 0
0.713 0.116 0
0.699 0.117 0
0.712 0.132 0
0.731 0.175 0
0.705 0.169 0
0.752 0.119 0
0.74 0.134 0
0.702 0.157 0
0.702 0.097 0
0.724 0.171 0
0.753 0.093 0
0.759 0.107 0
0.75 0.091 0
0.771 0.116 0
0.759 0.147 0
0.714 0.145 0
0.683 0.145 0
0.751 0.159 0
0.773 0.097 0
0.74 0.087 0
0.748 0.139 0
0.698 0.133 0
0.717 0.127 0
0.704 0.137 0
0.694 0.111 0
0.769 0.124 0
0.73 0.103 0
0.716 0.102 0
0.751 0.151 0
0.757 0.134 0
0.728 0.145 0
0.686 0.156 0
0.69 0.088 0
0.712 0.094 0
0.801 0.147 0
0.81 0.072 0
0.781 0.073 0
0.738 0.091 0
0.772 0.128 0
0.729 0.157 0
0.767 0.07 0
0.727 0.15 0
0.804 0.121 0
0.762 0.107 0
0.782 0.116 0
0.8 0.131 0
0.813 0.142 0
0.778 0.072 0
0.77 0.067 0
0.729 0.112 0
0.746 0.112 0
0.801 0.079 0
0.793 0.065 0
0.793 0.11 0
0.805 0.133 0
0.738 0.097 0
0.812 0.071 0
0.793 0.067 0
0.789 0.071 0
0.815 0.133 0
0.798 0.153 0
0.747 0.089 0
0.806 0.085 0
0.739 0.072 0
0.786 0.141 0
0.799 0.123 0
0.729 0.067 0
0.78 0.111 0
0.773 0.072 0
0.816 0.147 0
0.735 0.155 0
0.725 0.113 0
0.762 0.085 0
0.752 0.088 0
0.764 0.073 0
0.761 0.076 0
0.777 0.148 0
0.824 0.113 0
0.735 0.058 0
0.785 0.085 0
0.729 0.139 0
0.755 0.083 0
0.743 0.156 0
0.795 0.12 0
0.79 0.125 0
0.792 0.09 0
0.763 0.097 0
0.734 0.137 0
0.779 0.101 0
0.777 0.087 0
0.821 0.126 0
0.782 0.082 0
0.771 0.103 0
0.765 0.154 0
0.817 0.1 0
0.759 0.077 0
0.746 0.149 0
0.819 0.076 0
0.739 0.157 0
0.818 0.106 0
0.814 0.127 0
0.822 0.072 0
0.811 0.156 0
0.786 0.072 0
0.793 0.151 0
0.763 0.1 0
0.728 0.129 0
0.737 0.065 0
0.812 0.154 0
0.762 0.157 0
0.77 0.153 0
0.758 0.063 0
0.784 0.116 0
0.785 0.078 0
0.79 0.146 0
0.755 0.149 0
0.789 0.104 0
0.738 0.098 0
0.81 0.156 0
0.732 0.062 0
0.735 0.117 0
0.799 0.08 0
0.751 0.117 0
0.776 0.092 0
0.794 0.138 0
0.739 0.075 0
0.746 0.14 0
0.754 0.151 0
0.77 0.134 0
0.784 0.11 0
0.783 0.126 0
0.786 0.075 0
0.804 0.157 0
0.797 0.066 0
0.877 0.058 0
0.877 0.054 0
0.825 0.076 0
0.794 0.058 0
0.85 0.116 0
0.842 0.03 0
0.799 0.045 0
0.833 0.036 0
0.879 0.042 0
0.876 0.055 0
0.799 0.025 0
0.846 0.094 0
0.83 0.061 0
0.832 0.047 0
0.835 0.028 0
0.829 0.031 0
0.822 0.032 0
0.813 0.065 0
0.829 0.114 0
0.889 0.092 0
0.818 0.017 0
0.828 0.079 0
0.853 0.023 0
0.815 0.05 0
0.836 0.045 0
0.88 0.09 0
0.85 0.068 0
0.842 0.034 0
0.824 0.075 0
0.837 0.098 0
0.865 0.104 0
0.814 0.089 0
0.878 0.056 0
0.846 0.028 0
0.839 0.064 0
0.84 0.019 0
0.863 0.053 0
0.83 0.065 0
0.838 0.023 0
0.823 0.108 0
0.795 0.085 0
0.857 0.059 0
0.856 0.025 0
0.792 0.023 0
0.801 0.025 0
0.794 0.085 0
0.797 0.073 0
0.831 0.07 0
0.835 0.106 0
0.836 0.04 0
0.831 0.096 0
0.87 0.041 0
0.808 0.05 0
0.858 0.104 0
0.85 0.048 0
0.804 0.051 0
0.859 0.029 0
0.821 0.078 0
0.819 0.079 0
0.854 0.076 0
0.89 0.064 0
0.884 0.078 0
0.873 0.107 0
0.87 0.074 0
0.875 0.056 0
0.851 0.076 0
0.86 0.052 0
0.827 0.044 0
0.834 0.029 0
0.89 0.073 0
0.874 0.076 0
0.827 0.073 0
0.795 0.021 0
0.799 0.027 0
0.879 0.116 0
0.845 0.05 0
0.858 0.017 0
0.858 0.081 0
0.851 0.017 0
0.83 0.094 0
0.818 0.078 0
0.844 0.099 0
0.803 0.045 0
0.865 0.086 0
0.865 0.07 0
0.854 0.116 0
0.8 0.097 0
0.845 0.092 0
0.814 0.109 0
0.811 0.111 0
0.827 0.071 0
0.849 0.073 0
0.828 0.022 0
0.836 0.021 0
0.848 0.108 0
0.859 0.016 0
0.817 0.055 0
0.86 0.057 0
0.853 0.086 0
0.866 0.023 0
0.888 0.038 0
0.911 0.083 0
0.887 0.076 0
0.906 0.02 0
0.859 0.017 0
0.843 0.029 0
0.919 0.024 0
0.865 0.043 0
0.889 0.068 0
0.859 0.073 0
0.852 0.065 0
0.929 0.008 0
0.878 0.065 0
0.912 0.083 0
0.904 0.001 0
0.872 0.034 0
0.909 0.007 0
0.841 0.047 0
0.875 0.036 0
0.883 0.039 0
0.848 0.079 0
0.867 0.047 0
0.898 0.08 0
0.84 0.042 0
0.851 0.067 0
0.921 0.014 0
0.886 0.068 0
0.882 0.027 0
0.896 0.077 0
0.892 0.013 0
0.895 0.073 0
0.936 0.005 0
0.919 0.015 0
0.913 0.024 0
0.881 0.034 0
0.84 0.065 0
0.921 0.013 0
0.89 0.042 0
0.935 0.077 0
0.906 0.048 0
0.88 0.063 0
0.853 0.056 0
0.936 0.062 0
0.853 0.002 0
0.895 0.031 0
0.884 0.001 0
0.875 0.06 0
0.859 0.062 0
0.886 0.053 0
0.906 0.08 0
0.869 0.027 0
0.938 0.047 0
0.844 0.023 0
0.938 0.047 0
0.929 0.048 0
0.913 0.013 0
0.877 0.052 0
0.867 0.036 0
0.915 0.045 0
0.905 0.065 0
0.876 0.037 0
0.846 0.014 0
0.905 0.003 0
0.883 0.018 0
0.927 0.04 0
0.878 0.033 0
0.896 0.02 0
0.905 0.027 0
0.902 0.069 0
0.849 0.015 0
0.849 0.03 0
0.918 0.063 0
0.935 0.044 0
0.902 0.06 0
0.906 0.068 0
0.9 0.082 0
0.904 0.06 0
0.923 0.033 0
0.921 0.038 0
0.915 0.045 0
0.885 0.027 0
0.841 0.086 0
0.91 0.045 0
0.902 0.04 0
0.908 0.024 0
0.861 0.043 0
0.885 0.031 0
0.934 0.011 0
0.859 0.046 0
0.896 0.058 0
0.902 0.077 0
0.903 0.033 0
0.939 0.089 0
0.848 0.059 0
0.928 0.044 0
0.86 0.022 0
0.854 0.043 0
0.859 0.027 0
0.87 0.005 0
0.917 0.044 0
0.985 0.037 0
0.983 0.043 0
0.968 0.007 0
0.928 0.045 0
0.951 0.007 0
0.958 0.001 0
0.895 0.082 0
0.982 0.005 0
0.89 0.011 0
0.932 0.002 0
0.898 0.078 0
0.97 0.063 0
0.94 0.089 0
0.966 0.069 0
0.916 0.066 0
0.975 0.006 0
0.966 0.059 0
0.922 0.082 0
0.958 0.025 0
0.924 0.012 0
0.895 0.086 0
0.896 0.064 0
0.897 0.005 0
0.975 0.074 0
0.966 0.032 0
0.926 0.012 0
0.899 0.048 0
0.905 0.007 0
0.929 0.034 0
0.936 0.061 0
0.981 0.042 0
0.951 0.065 0
0.947 0.041 0
0.951 0.069 0
0.922 0.073 0
0.95 0.055 0
0.925 0.049 0
0.965 0.086 0
0.97 0.019 0
0.965 0.063 0
0.916 0.04 0
0.953 0.007 0
0.908 0.004 0
0.949 0.069 0
0.927 0.08 0
0.949 0.064 0
0.948 0.055 0
0.979 0.017 0
0.961 0.061 0
0.9 0.087 0
0.903 0.018 0
0.979 0.015 0
0.935 0.077 0
0.948 0.009 0
0.909 0.045 0
0.96 0.015 0
0.919 0.075 0
0.977 0.064 0
0.974 0.086 0
0.91 0.056 0
0.933 0.026 0
0.963 0.08 0
0.978 0.035 0
0.906 0.02 0
0.952 0.033 0
0.979 0.023 0
0.944 0.063 0
0.889 0.058 0
0.945 0.042 0
0.924 0.052 0
0.897 0.026 0
0.983 0.053 0
0.891 0.035 0
0.972 0.059 0
0.927 0.05 0
0.921 0.067 0
0.908 0.009 0
0.913 0.059 0
0.96 0.038 0
0.967 0.05 0
0.957 0.015 0
0.904 0.017 0
0.927 0.02 0
0.949 0.046 0
0.975 0.08 0
0.894 0.048 0
0.979 0.026 0
0.895 0.026 0
0.937 0.055 0
0.947 0.087 0
0.892 0.025 0
0.92 0.004 0
0.901 0.024 0
0.905 0.055 0
0.91 0.046 0
0.96 0.062 0
0.907 0.078 0
0.886 0.046 0
0.9 0.089 0
0.984 0.067 0
0.971 0.053 0
0.915 0.064 0
0.972 0.101 0
0.938 0.05 0
0.925 0.114 0
0.922 0.044 0
0.895 0.05 0
0.897 0.086 0
0.97 0.078 0
0.923 0.112 0
0.945 0.13 0
0.941 0.049 0
0.972 0.102 0
0.964 0.116 0
0.89 0.045 0
0.891 0.078 0
0.922 0.102 0
0.92 0.125 0
0.89 0.076 0
0.977 0.118 0
0.93 0.087 0
0.929 0.081 0
0.953 0.117 0
0.917 0.057 0
0.926 0.113 0
0.935 0.139 0
0.909 0.083 0
0.926 0.134 0
0.938 0.058 0
0.926 0.049 0
0.943 0.113 0
0.891 0.082 0
0.914 0.098 0
0.895 0.08 0
0.952 0.134 0
0.957 0.102 0
0.907 0.084 0
0.883 0.067 0
0.964 0.135 0
0.97 0.09 0
0.883 0.121 0
0.932 0.104 0
0.958 0.051 0
0.949 0.082 0
0.915 0.086 0
0.965 0.131 0
0.892 0.121 0
0.927 0.096 0
0.935 0.051 0
0.91 0.139 0
0.963 0.121 0
0.963 0.14 0
0.938 0.144 0
0.917 0.104 0
0.921 0.102 0
0.973 0.056 0
0.948 0.071 0
0.898 0.108 0
0.914 0.051 0
0.894 0.049 0
0.919 0.136 0
0.907 0.096 0
0.928 0.124 0
0.917 0.059 0
0.888 0.091 0
0.949 0.134 0
0.977 0.066 0
0.881 0.113 0
0.924 0.098 0
0.943 0.065 0
0.94 0.141 0
0.92 0.136 0
0.927 0.116 0
0.898 0.11 0
0.943 0.066 0
0.909 0.087 0
0.936 0.065 0
0.923 0.099 0
0.903 0.118 0
0.95 0.118 0
0.941 0.111 0
0.946 0.131 0
0.97 0.053 0
0.957 0.133 0
0.966 0.143 0
0.902 0.143 0
0.928 0.113 0
0.902 0.09 0
0.9 0.094 0
0.972 0.135 0
0.928 0.135 0
0.946 0.063 0
0.891 0.106 0
0.931 0.086 0
0.946 0.108 0
0.893 0.064 0
0.964 0.126 0
0.953 0.096 0
0.939 0.118 0
0.92 0.048 0
0.848 0.148 0
0.88 0.102 0
0.934 0.129 0
0.889 0.167 0
0.939 0.118 0
0.907 0.088 0
0.847 0.12 0
0.851 0.149 0
0.895 0.143 0
0.852 0.127 0
0.894 0.153 0
0.844 0.089 0
0.895 0.16 0
0.92 0.175 0
0.878 0.164 0
0.868 0.094 0
0.888 0.107 0
0.846 0.139 0
0.939 0.171 0
0.868 0.177 0
0.881 0.16 0
0.897 0.179 0
0.9 0.164 0
0.895 0.117 0
0.876 0.164 0
0.84 0.107 0
0.926 0.092 0
0.939 0.148 0
0.877 0.09 0
0.882 0.094 0
0.876 0.095 0
0.855 0.106 0
0.85 0.112 0
0.893 0.109 0
0.885 0.113 0
0.908 0.11 0
0.89 0.146 0
0.845 0.166 0
0.848 0.154 0
0.9 0.107 0
0.875 0.167 0
0.937 0.087 0
0.871 0.123 0
0.916 0.151 0
0.892 0.09 0
0.926 0.1 0
0.938 0.147 0
0.933 0.089 0
0.916 0.137 0
0.925 0.116 0
0.876 0.164 0
0.896 0.127 0
0.852 0.154 0
0.938 0.101 0
0.841 0.129 0
0.915 0.168 0
0.896 0.09 0
0.91 0.08 0
0.886 0.082 0
0.867 0.084 0
0.841 0.134 0
0.895 0.174 0
0.848 0.138 0
0.937 0.166 0
0.871 0.111 0
0.841 0.086 0
0.858 0.149 0
0.902 0.098 0
0.923 0.179 0
0.88 0.088 0
0.848 0.083 0
0.857 0.103 0
0.885 0.146 0
0.907 0.154 0
0.914 0.151 0
0.93 0.146 0
0.928 0.178 0
0.87 0.147 0
0.851 0.121 0
0.881 0.145 0
0.862 0.096 0
0.939 0.123 0
0.929 0.176 0
0.872 0.1 0
0.9 0.103 0
0.874 0.135 0
0.862 0.095 0
0.891 0.081 0
0.895 0.088 0
0.939 0.156 0
0.884 0.164 0
0.925 0.122 0
0.883 0.115 0
0.873 0.082 0
0.864 0.133 0
0.899 0.093 0
0.858 0.139 0
0.895 0.128 0
0.842 0.135 0
0.896 0.13 0
0.808 0.162 0
0.848 0.118 0
0.844 0.14 0
0.817 0.135 0
0.852 0.092 0
0.776 0.12 0
0.82 0.139 0
0.787 0.138 0
0.822 0.108 0
0.797 0.135 0
0.775 0.17 0
0.8 0.073 0
0.819 0.117 0
0.773 0.165 0
0.778 0.16 0
0.775 0.108 0
0.773 0.111 0
0.795 0.142 0
0.804 0.134 0
0.792 0.111 0
0.836 0.142 0
0.837 0.097 0
0.832 0.099 0
0.782 0.168 0
0.855 0.084 0
0.784 0.125 0
0.773 0.077 0
0.851 0.093 0
0.802 0.098 0
0.816 0.17 0
0.843 0.153 0
0.816 0.113 0
0.829 0.119 0
0.829 0.149 0
0.789 0.099 0
0.832 0.128 0
0.774 0.083 0
0.792 0.148 0
0.773 0.102 0
0.787 0.153 0
0.802 0.093 0
0.854 0.162 0
0.817 0.135 0
0.854 0.073 0
0.824 0.127 0
0.809 0.107 0
0.8 0.084 0
0.81 0.129 0
0.77 0.103 0
0.81 0.146 0
0.787 0.079 0
0.797 0.138 0
0.805 0.142 0
0.797 0.119 0
0.857 0.17 0
0.79 0.144 0
0.775 0.092 0
0.801 0.146 0
0.824 0.078 0
0.845 0.158 0
0.785 0.083 0
0.839 0.097 0
0.836 0.119 0
0.782 0.158 0
0.847 0.096 0
0.81 0.152 0
0.828 0.085 0
0.862 0.097 0
0.798 0.135 0
0.793 0.156 0
0.792 0.131 0
0.824 0.106 0
0.823 0.093 0
0.863 0.082 0
0.831 0.086 0
0.842 0.101 0
0.782 0.165 0
0.808 0.117 0
0.828 0.147 0
0.796 0.087 0
0.858 0.141 0
0.768 0.148 0
0.826 0.148 0
0.821 0.125 0
0.814 0.092 0
0.803 0.08 0
0.862 0.152 0
0.863 0.142 0
0.791 0.139 0
0.852 0.14 0
0.803 0.122 0
0.829 0.127 0
0.8 0.112 0
0.863 0.166 0
0.858 0.124 0
0.784 0.093 0
0.823 0.08 0
0.776 0.078 0
0.825 0.16 0
0.798 0.144 0
0.788 0.087 0
0.749 0.074 0
0.723 0.12 0
0.772 0.042 0
0.764 0.11 0
0.816 0.119 0
0.791 0.044 0
0.741 0.102 0
0.802 0.068 0
0.724 0.045 0
0.745 0.027 0
0.813 0.036 0
0.73 0.092 0
0.791 0.052 0
0.738 0.055 0
0.775 0.054 0
0.77 0.092 0
0.793 0.106 0
0.718 0.083 0
0.78 0.025 0
0.728 0.063 0
0.718 0.096 0
0.79 0.079 0
0.811 0.081 0
0.78 0.034 0
0.732 0.08 0
0.746 0.096 0
0.798 0.084 0
0.725 0.081 0
0.741 0.026 0
0.815 0.027 0
0.804 0.115 0
0.799 0.056 0
0.72 0.069 0
0.784 0.099 0
0.739 0.116 0
0.813 0.05 0
0.77 0.107 0
0.793 0.058 0
0.718 0.122 0
0.794 0.086 0
0.721 0.121 0
0.776 0.076 0
0.767 0.105 0
0.775 0.032 0
0.725 0.118 0
0.718 0.056 0
0.796 0.056 0
0.745 0.045 0
0.732 0.041 0
0.813 0.052 0
0.816 0.038 0
0.729 0.058 0
0.725 0.121 0
0.788 0.031 0
0.735 0.025 0
0.783 0.088 0
0.753 0.028 0
0.775 0.109 0
0.747 0.121 0
0.751 0.031 0
0.73 0.102 0
0.733 0.071 0
0.749 0.084 0
0.756 0.109 0
0.742 0.119 0
0.76 0.106 0
0.745 0.027 0
0.775 0.118 0
0.778 0.113 0
0.803 0.051 0
0.733 0.067 0
0.792 0.098 0
0.721 0.11 0
0.73 0.119 0
0.75 0.101 0
0.741 0.078 0
0.772 0.111 0
0.761 0.105 0
0.762 0.108 0
0.813 0.115 0
0.783 0.058 0
0.737 0.069 0
0.786 0.043 0
0.739 0.116 0
0.809 0.113 0
0.773 0.029 0
0.77 0.081 0
0.814 0.075 0
0.753 0.089 0
0.742 0.09 0
0.782 0.115 0
0.762 0.066 0
0.816 0.08 0
0.81 0.072 0
0.763 0.045 0
0.761 0.044 0
0.741 0.118 0
0.776 0.049 0
0.758 0.053 0
0.912 0.064 0
0.873 0.069 0
0.936 0.059 0
0.873 0.057 0
0.889 0.037 0
0.873 0.002 0
0.963 0.038 0
0.948 0.07 0
0.916 0.042 0
0.907 0.019 0
0.881 0.025 0
0.881 0.038 0
0.935 0.074 0
0.897 0.006 0
0.943 0.021 0
0.953 0.051 0
0.948 0.058 0
0.939 0.017 0
0.923 0.028 0
0.958 0.005 0
0.889 0.065 0
0.888 0.046 0
0.923 0.042 0
0.903 0.022 0
0.913 0.076 0
0.934 0.001 0
0.883 0.011 0
0.905 0.058 0
0.92 0.032 0
0.906 0.06 0
0.941 0.022 0
0.891 0.076 0
0.868 0.021 0
0.899 0.013 0
0.888 0.018 0
0.947 0.046 0
0.891 0.066 0
0.951 0.046 0
0.935 0.067 0
0.903 0.057 0
0.918 0.048 0
0.875 0.027 0
0.91 0.048 0
0.922 0.007 0
0.948 0.008 0
0.92 0.012 0
0.899 0.052 0
0.898 0.029 0
0.958 0.023 0
0.953 0.059 0
0.872 0.007 0
0.885 0.04 0
0.957 0.01 0
0.91 0.064 0
0.956 0.017 0
0.952 0.034 0
0.885 0.052 0
0.913 0.042 0
0.955 0.029 0
0.867 0.025 0
0.909 0.072 0
0.906 0.051 0
0.896 0.062 0
0.872 0.044 0
0.892 0.051 0
0.936 0.012 0
0.897 0.008 0
0.927 0.036 0
0.892 0.008 0
0.937 0.059 0
0.922 0.059 0
0.924 0.001 0
0.943 0.038 0
0.875 0.03 0
0.901 0.056 0
0.925 0.03 0
0.928 0.021 0
0.945 0.061 0
0.871 0.02 0
0.952 0.04 0
0.875 0.026 0
0.881 0.075 0
0.934 0.074 0
0.878 0.011 0
0.876 0.043 0
0.882 0.053 0
0.926 0.006 0
0.903 0.032 0
0.899 0.024 0
0.878 0.013 0
0.906 0.043 0
0.944 0.038 0
0.904 0.021 0
0.903 0.069 0
0.864 0.057 0
0.958 0.003 0
0.881 0.001 0
0.961 0.021 0
0.923 0.051 0
0.896 0.008 0
0.93 0.104 0
0.941 0.098 0
0.943 0.156 0
0.936 0.09 0
0.987 0.187 0
0.972 0.18 0
0.927 0.16 0
0.936 0.14 0
0.931 0.138 0
0.968 0.119 0
0.976 0.117 0
0.996 0.142 0
0.942 0.158 0
0.983 0.158 0
0.971 0.161 0
0.947 0.164 0
0.926 0.133 0
0.942 0.129 0
0.991 0.178 0
0.999 0.174 0
0.956 0.11 0
0.971 0.159 0
0.956 0.137 0
0.949 0.11 0
0.942 0.124 0
0.979 0.164 0
0.939 0.156 0
0.985 0.105 0
0.948 0.178 0
0.929 0.092 0
0.996 0.127 0
0.935 0.115 0
0.999 0.182 0
0.947 0.126 0
0.962 0.162 0
0.961 0.148 0
0.993 0.143 0
0.926 0.134 0
0.968 0.123 0
0.947 0.149 0
0.96 0.184 0
0.926 0.101 0
0.982 0.163 0
0.988 0.188 0
0.991 0.12 0
0.935 0.165 0
0.929 0.153 0
0.954 0.168 0
0.943 0.171 0
0.982 0.146 0
0.994 0.121 0
0.968 0.109 0
0.988 0.126 0
0.958 0.131 0
0.925 0.182 0
0.965 0.11 0
0.934 0.127 0
0.964 0.089 0
0.958 0.139 0
0.952 0.121 0
0.938 0.185 0
0.974 0.102 0
0.97 0.148 0
0.977 0.166 0
0.936 0.134 0
0.96 0.171 0
0.939 0.107 0
0.986 0.134 0
0.924 0.131 0
0.986 0.14 0
0.986 0.152 0
0.973 0.094 0
0.992 0.114 0
0.965 0.173 0
0.941 0.1 0
0.943 0.186 0
0.933 0.094 0
0.988 0.187 0
0.934 0.147 0
0.993 0.156 0
0.999 0.174 0
0.945 0.155 0
0.991 0.089 0
0.999 0.119 0
0.974 0.109 0
0.998 0.107 0
0.979 0.094 0
0.949 0.168 0
0.994 0.14 0
0.946 0.164 0
0.967 0.137 0
0.983 0.184 0
0.946 0.129 0
0.983 0.094 0
0.994 0.106 0
0.941 0.159 0
0.981 0.11 0
0.948 0.12 0
0.95 0.144 0
0.941 0.113 0
0.935 0.153 0
0.91 0.208 0
0.903 0.186 0
0.893 0.194 0
0.93 0.235 0
0.976 0.173 0
0.96 0.236 0
0.949 0.212 0
0.9 0.242 0
0.884 0.231 0
0.956 0.165 0
0.912 0.228 0
0.902 0.177 0
0.977 0.205 0
0.972 0.18 0
0.948 0.211 0
0.894 0.205 0
0.913 0.172 0
0.963 0.188 0
0.968 0.19 0
0.941 0.182 0
0.936 0.244 0
0.968 0.24 0
0.939 0.241 0
0.92 0.172 0
0.885 0.238 0
0.931 0.167 0
0.891 0.177 0
0.925 0.186 0
0.968 0.151 0
0.951 0.18 0
0.955 0.206 0
0.953 0.22 0
0.911 0.212 0
0.902 0.232 0
0.948 0.21 0
0.939 0.236 0
0.92 0.162 0
0.933 0.187 0
0.944 0.222 0
0.94 0.161 0
0.883 0.178 0
0.899 0.229 0
0.897 0.195 0
0.98 0.168 0
0.973 0.169 0
0.98 0.155 0
0.979 0.185 0
0.947 0.204 0
0.883 0.23 0
0.948 0.216 0
0.901 0.229 0
0.918 0.234 0
0.943 0.202 0
0.882 0.227 0
0.921 0.191 0
0.933 0.204 0
0.956 0.23 0
0.936 0.174 0
0.893 0.208 0
0.888 0.216 0
0.954 0.239 0
0.926 0.196 0
0.965 0.171 0
0.942 0.214 0
0.955 0.205 0
0.893 0.184 0
0.973 0.187 0
0.903 0.204 0
0.916 0.159 0
0.923 0.246 0
0.932 0.22 0
0.953 0.174 0
0.918 0.164 0
0.899 0.167 0
0.931 0.229 0
0.961 0.179 0
0.923 0.233 0
0.972 0.175 0
0.942 0.211 0
0.893 0.219 0
0.943 0.214 0
0.964 0.24 0
0.936 0.157 0
0.916 0.171 0
0.909 0.226 0
0.924 0.239 0
0.934 0.186 0
0.887 0.16 0
0.888 0.208 0
0.923 0.172 0
0.891 0.206 0
0.882 0.218 0
0.938 0.174 0
0.951 0.176 0
0.969 0.201 0
0.888 0.194 0
0.906 0.149 0
0.937 0.222 0
0.922 0.211 0
0.821 0.192 0
0.782 0.199 0
0.836 0.251 0
0.831 0.221 0
0.78 0.223 0
0.827 0.255 0
0.819 0.255 0
0.82 0.232 0
0.814 0.185 0
0.765 0.249 0
0.812 0.196 0
0.796 0.26 0
0.783 0.194 0
0.851 0.179 0
0.843 0.225 0
0.864 0.171 0
0.864 0.237 0
0.774 0.202 0
0.789 0.173 0
0.767 0.229 0
0.791 0.238 0
0.782 0.233 0
0.801 0.175 0
0.777 0.21 0
0.834 0.194 0
0.851 0.229 0
0.765 0.225 0
0.767 0.198 0
0.815 0.23 0
0.775 0.24 0
0.858 0.168 0
0.856 0.169 0
0.773 0.24 0
0.864 0.198 0
0.836 0.244 0
0.793 0.225 0
0.84 0.253 0
0.835 0.185 0
0.844 0.23 0
0.829 0.246 0
0.81 0.188 0
0.795 0.253 0
0.799 0.179 0
0.843 0.244 0
0.86 0.24 0
0.768 0.259 0
0.854 0.252 0
0.838 0.228 0
0.822 0.23 0
0.811 0.256 0
0.858 0.201 0
0.769 0.215 0
0.776 0.169 0
0.837 0.193 0
0.809 0.166 0
0.827 0.181 0
0.841 0.219 0
0.773 0.213 0
0.79 0.178 0
0.797 0.234 0
0.827 0.181 0
0.782 0.183 0
0.805 0.24 0
0.836 0.177 0
0.797 0.209 0
0.786 0.255 0
0.843 0.231 0
0.835 0.166 0
0.826 0.18 0
0.828 0.229 0
0.766 0.19 0
0.813 0.192 0
0.804 0.251 0
0.852 0.184 0
0.808 0.185 0
0.811 0.232 0
0.853 0.259 0
0.839 0.217 0
0.864 0.174 0
0.84 0.208 0
0.799 0.209 0
0.768 0.17 0
0.792 0.261 0
0.79 0.187 0
0.834 0.188 0
0.772 0.256 0
0.863 0.216 0
0.765 0.234 0
0.86 0.249 0
0.842 0.21 0
0.812 0.257 0
0.81 0.247 0
0.859 0.233 0
0.766 0.197 0
0.769 0.232 0
0.79 0.249 0
0.816 0.256 0
0.774 0.252 0
0.827 0.177 0
0.804 0.251 0
0.732 0.167 0
0.78 0.246 0
0.725 0.155 0
0.768 0.196 0
0.72 0.179 0
0.781 0.151 0
0.711 0.211 0
0.716 0.178 0
0.75 0.175 0
0.764 0.167 0
0.802 0.24 0
0.778 0.207 0
0.736 0.153 0
0.745 0.209 0
0.729 0.203 0
0.762 0.212 0
0.779 0.172 0
0.779 0.233 0
0.709 0.147 0
0.713 0.241 0
0.762 0.18 0
0.779 0.205 0
0.755 0.186 0
0.746 0.206 0
0.773 0.229 0
0.764 0.161 0
0.755 0.225 0
0.704 0.188 0
0.729 0.243 0
0.732 0.245 0
0.787 0.167 0
0.717 0.244 0
0.75 0.156 0
0.75 0.241 0
0.801 0.217 0
0.713 0.16 0
0.754 0.212 0
0.767 0.218 0
0.798 0.179 0
0.782 0.217 0
0.782 0.21 0
0.711 0.197 0
0.714 0.239 0
0.767 0.238 0
0.75 0.21 0
0.774 0.241 0
0.705 0.158 0
0.707 0.166 0
0.722 0.151 0
0.8 0.216 0
0.745 0.241 0
0.727 0.22 0
0.793 0.232 0
0.703 0.186 0
0.762 0.218 0
0.774 0.198 0
0.724 0.232 0
0.74 0.203 0
0.769 0.198 0
0.715 0.171 0
0.704 0.151 0
0.774 0.238 0
0.705 0.152 0
0.8 0.2 0
0.763 0.226 0
0.781 0.215 0
0.796 0.171 0
0.787 0.189 0
0.781 0.221 0
0.781 0.165 0
0.732 0.219 0
0.765 0.17 0
0.799 0.161 0
0.752 0.187 0
0.729 0.245 0
0.777 0.239 0
0.726 0.15 0
0.792 0.212 0
0.738 0.22 0
0.721 0.213 0
0.71 0.224 0
0.787 0.211 0
0.773 0.21 0
0.786 0.155 0
0.712 0.245 0
0.749 0.17 0
0.795 0.244 0
0.747 0.185 0
0.757 0.175 0
0.723 0.162 0
0.752 0.185 0
0.787 0.155 0
0.709 0.232 0
0.725 0.216 0
0.784 0.247 0
0.721 0.22 0
0.748 0.221 0
0.742 0.212 0
0.8 0.242 0
0.713 0.179 0
0.702 0.1 0
0.737 0.16 0
0.69 0.154 0
0.755 0.136 0
0.757 0.093 0
0.742 0.104 0
0.692 0.097 0
0.709 0.096 0
0.74 0.133 0
0.697 0.107 0
0.704 0.12 0
0.738 0.118 0
0.71 0.141 0
0.686 0.131 0
0.712 0.102 0
0.72 0.134 0
0.67 0.184 0
0.676 0.127 0
0.682 0.186 0
0.73 0.111 0
0.692 0.149 0
0.695 0.103 0
0.694 0.117 0
0.723 0.098 0
0.686 0.171 0
0.753 0.113 0
0.739 0.186 0
0.713 0.164 0
0.694 0.177 0
0.676 0.098 0
0.68 0.152 0
0.722 0.112 0
0.751 0.166 0
0.709 0.13 0
0.725 0.177 0
0.684 0.163 0
0.662 0.175 0
0.759 0.093 0
0.743 0.184 0
0.721 0.164 0
0.694 0.174 0
0.724 0.12 0
0.694 0.093 0
0.732 0.145 0
0.661 0.162 0
0.67 0.131 0
0.751 0.123 0
0.691 0.129 0
0.741 0.141 0
0.674 0.104 0
0.676 0.108 0
0.728 0.171 0
0.688 0.18 0
0.743 0.175 0
0.749 0.129 0
0.66 0.118 0
0.715 0.167 0
0.758 0.119 0
0.744 0.129 0
0.679 0.189 0
0.669 0.13 0
0.743 0.166 0
0.712 0.123 0
0.685 0.117 0
0.661 0.152 0
0.71 0.122 0
0.754 0.181 0
0.695 0.124 0
0.706 0.164 0
0.681 0.135 0
0.714 0.125 0
0.695 0.115 0
0.697 0.135 0
0.687 0.189 0
0.694 0.092 0
0.716 0.132 0
0.665 0.177 0
0.673 0.139 0
0.707 0.186 0
0.707 0.109 0
0.713 0.111 0
0.689 0.107 0
0.694 0.1 0
0.749 0.095 0
0.696 0.125 0
0.711 0.111 0
0.742 0.105 0
0.742 0.161 0
0.72 0.099 0
0.695 0.147 0
0.72 0.12 0
0.755 0.164 0
0.681 0.146 0
0.72 0.133 0
0.699 0.162 0
0.748 0.118 0
0.696 0.141 0
0.713 0.135 0
0.745 0.104 0
0.703 0.177 0
0.729 0.103 0
0.737 0.092 0
0.662 0.043 0
0.731 0.046 0
0.727 0.117 0
0.741 0.065 0
0.715 0.064 0
0.746 0.05 0
0.659 0.119 0
0.687 0.067 0
0.652 0.058 0
0.658 0.092 0
0.705 0.094 0
0.747 0.106 0
0.737 0.105 0
0.655 0.121 0
0.722 0.094 0
0.713 0.057 0
0.671 0.062 0
0.748 0.107 0
0.718 0.112 0
0.724 0.037 0
0.722 0.035 0
0.681 0.039 0
0.668 0.066 0
0.742 0.083 0
0.726 0.109 0
0.726 0.122 0
0.71 0.13 0
0.651 0.111 0
0.706 0.058 0
0.734 0.061 0
0.738 0.077 0
0.69 0.086 0
0.706 0.074 0
0.684 0.104 0
0.681 0.112 0
0.721 0.114 0
0.741 0.093 0
0.673 0.035 0
0.719 0.049 0
0.708 0.062 0
0.708 0.117 0
0.658 0.12 0
0.66 0.038 0
0.719 0.06 0
0.744 0.127 0
0.715 0.065 0
0.729 0.078 0
0.742 0.056 0
0.679 0.067 0
0.735 0.107 0
0.722 0.122 0
0.674 0.08 0
0.738 0.083 0
0.686 0.045 0
0.654 0.106 0
0.676 0.048 0
0.72 0.039 0
0.732 0.126 0
0.668 0.095 0
0.653 0.061 0
0.661 0.037 0
0.674 0.031 0
0.75 0.094 0
0.687 0.073 0
0.73 0.089 0
0.673 0.072 0
0.674 0.116 0
0.743 0.1 0
0.696 0.105 0
0.699 0.109 0
0.675 0.112 0
0.702 0.036 0
0.729 0.047 0
0.726 0.046 0
0.665 0.035 0
0.694 0.11 0
0.667 0.042 0
0.665 0.126 0
0.73 0.094 0
0.666 0.034 0
0.681 0.049 0
0.668 0.045 0
0.723 0.058 0
0.728 0.096 0
0.652 0.048 0
0.749 0.063 0
0.74 0.06 0
0.749 0.126 0
0.696 0.085 0
0.715 0.033 0
0.673 0.05 0
0.722 0.1 0
0.744 0.045 0
0.667 0.099 0
0.671 0.105 0
0.751 0.123 0
0.745 0.046 0
0.671 0.059 0
0.732 0.04 0
0.803 0.073 0
0.79 0.067 0
0.784 0.005 0
0.757 0.071 0
0.766 0.075 0
0.772 0.018 0
0.741 0.006 0
0.793 0.042 0
0.748 0.071 0
0.782 0.047 0
0.766 0.054 0
0.729 0.084 0
0.744 0.082 0
0.73 0.018 0
0.727 0.026 0
0.732 0.071 0
0.705 0.035 0
0.773 0.055 0
0.745 0.001 0
0.718 0.012 0
0.804 0.006 0
0.792 0.012 0
0.706 0.007 0
0.715 0.01 0
0.764 0.069 0
0.718 0.035 0
0.747 0.003 0
0.787 0.033 0
0.715 0.082 0
0.721 0.051 0
0.705 0.073 0
0.796 0.049 0
0.791 0.021 0
0.804 0.023 0
0.746 0.089 0
0.76 0.059 0
0.754 0.087 0
0.77 0.068 0
0.778 0.033 0
0.753 0.046 0
0.729 0.027 0
0.747 0.04 0
0.739 0.054 0
0.706 0.065 0
0.759 0.064 0
0.792 0.019 0
0.726 0.046 0
0.774 0.028 0
0.77 0.073 0
0.727 0.001 0
0.795 0.075 0
0.796 0.044 0
0.732 0.016 0
0.781 0.034 0
0.784 0.017 0
0.732 0.025 0
0.716 0.003 0
0.709 0.008 0
0.749 0.074 0
0.773 0.06 0
0.755 0.057 0
0.796 0.012 0
0.739 0.002 0
0.733 0.053 0
0.773 0.037 0
0.803 0.057 0
0.721 0.065 0
0.709 0.092 0
0.771 0.046 0
0.738 0.014 0
0.705 0.028 0
0.736 0.085 0
0.719 0.063 0
0.749 0.065 0
0.722 0.047 0
0.776 0.075 0
0.77 0.021 0
0.736 0.028 0
0.727 0.025 0
0.776 0.047 0
0.749 0.09 0
0.743 0.037 0
0.781 0.088 0
0.773 0.009 0
0.792 0.074 0
0.779 0.014 0
0.742 0.066 0
0.715 0.069 0
0.714 0.058 0
0.727 0.004 0
0.711 0.02 0
0.726 0.087 0
0.727 0.081 0
0.788 0.052 0
0.802 0.009 0
0.73 0.039 0
0.74 0.006 0
0.745 0.086 0
0.777 0.084 0
0.852 0.063 0
0.833 0.041 0
0.834 0.052 0
0.836 0.058 0
0.773 0.02 0
0.818 0.025 0
0.803 0.062 0
0.759 0.05 0
0.794 0.041 0
0.771 0.013 0
0.752 0.062 0
0.841 0.036 0
0.838 0.033 0
0.776 0.043 0
0.805 0.028 0
0.827 0.049 0
0.798 0.028 0
0.793 0.065 0
0.767 0.074 0
0.841 0.022 0
0.809 0.035 0
0.809 0.069 0
0.774 0.043 0
0.807 0.032 0
0.773 0.019 0
0.831 0.025 0
0.759 0.01 0
0.806 0.052 0
0.83 0.074 0
0.767 0.023 0
0.785 0.063 0
0.816 0.044 0
0.79 0.069 0
0.827 0.07 0
0.791 0.041 0
0.769 0.021 0
0.823 0.06 0
0.783 0.035 0
0.781 0.075 0
0.811 0.066 0
0.777 0.07 0
0.797 0.075 0
0.837 0.067 0
0.777 0.042 0
0.791 0.068 0
0.807 0.034 0
0.819 0.065 0
0.754 0.073 0
0.846 0.071 0
0.81 0.03 0
0.766 0.062 0
0.822 0.027 0
0.806 0.017 0
0.85 0.046 0
0.841 0.03 0
0.76 0.027 0
0.833 0.039 0
0.818 0.069 0
0.786 0.008 0
0.814 0.054 0
0.752 0.025 0
0.804 0.036 0
0.835 0.006 0
0.803 0.01 0
0.806 0.035 0
0.792 0.04 0
0.838 0.072 0
0.794 0.025 0
0.844 0.024 0
0.846 0.003 0
0.756 0.057 0
0.773 0.013 0
0.81 0.058 0
0.779 0.008 0
0.82 0.031 0
0.851 0.017 0
0.771 0.019 0
0.826 0.046 0
0.83 0.036 0
0.809 0.014 0
0.817 0.019 0
0.79 0.031 0
0.852 0.01 0
0.835 0.049 0
0.807 0.052 0
0.823 0.007 0
0.794 0.058 0
0.787 0.062 0
0.801 0.049 0
0.768 0.053 0
0.752 0.072 0
0.789 0.044 0
0.785 0.007 0
0.773 0.074 0
0.758 0.008 0
0.755 0.026 0
0.831 0.018 0
0.767 0.046 0
0.833 0.054 0
0.838 0.065 0
0.896 0.044 0
0.869 0.124 0
0.938 0.123 0
0.853 0.102 0
0.857 0.123 0
0.943 0.053 0
0.929 0.069 0
0.935 0.082 0
0.909 0.121 0
0.901 0.123 0
0.875 0.045 0
0.853 0.06 0
0.891 0.102 0
0.867 0.031 0
0.886 0.107 0
0.879 0.073 0
0.858 0.079 0
0.934 0.059 0
0.941 0.124 0
0.884 0.111 0
0.856 0.081 0
0.854 0.053 0
0.9 0.077 0
0.913 0.074 0
0.889 0.081 0
0.924 0.098 0
0.933 0.119 0
0.919 0.069 0
0.878 0.057 0
0.898 0.043 0
0.852 0.063 0
0.891 0.11 0
0.881 0.101 0
0.871 0.055 0
0.859 0.095 0
0.871 0.117 0
0.905 0.13 0
0.94 0.091 0
0.872 0.054 0
0.925 0.049 0
0.874 0.116 0
0.921 0.039 0
0.891 0.117 0
0.926 0.05 0
0.941 0.035 0
0.932 0.047 0
0.843 0.094 0
0.855 0.056 0
0.875 0.06 0
0.863 0.035 0
0.902 0.123 0
0.874 0.096 0
0.897 0.068 0
0.862 0.116 0
0.923 0.07 0
0.872 0.055 0
0.891 0.067 0
0.93 0.071 0
0.929 0.074 0
0.888 0.044 0
0.86 0.069 0
0.887 0.12 0
0.854 0.06 0
0.886 0.096 0
0.846 0.055 0
0.909 0.058 0
0.862 0.041 0
0.918 0.121 0
0.904 0.106 0
0.893 0.077 0
0.876 0.038 0
0.929 0.064 0
0.847 0.052 0
0.943 0.099 0
0.911 0.125 0
0.916 0.071 0
0.934 0.037 0
0.933 0.077 0
0.905 0.059 0
0.907 0.043 0
0.885 0.116 0
0.939 0.103 0
0.905 0.103 0
0.939 0.085 0
0.913 0.074 0
0.894 0.042 0
0.914 0.087 0
0.913 0.092 0
0.904 0.097 0
0.898 0.049 0
0.875 0.056 0
0.913 0.087 0
0.937 0.098 0
0.85 0.086 0
0.877 0.048 0
0.881 0.05 0
0.911 0.098 0
0.844 0.061 0
0.848 0.046 0
0.935 0.127 0
0.905 0.155 0
0.876 0.14 0
0.931 0.186 0
0.915 0.199 0
0.924 0.115 0
0.911 0.132 0
0.881 0.141 0
0.913 0.166 0
0.857 0.156 0
0.856 0.173 0
0.869 0.199 0
0.901 0.144 0
0.838 0.158 0
0.896 0.174 0
0.836 0.162 0
0.929 0.187 0
0.924 0.14 0
0.861 0.213 0
0.917 0.206 0
0.902 0.198 0
0.867 0.172 0
0.857 0.176 0
0.849 0.215 0
0.889 0.188 0
0.854 0.131 0
0.912 0.173 0
0.85 0.173 0
0.866 0.163 0
0.922 0.131 0
0.871 0.208 0
0.835 0.125 0
0.854 0.165 0
0.842 0.138 0
0.899 0.171 0
0.933 0.138 0
0.894 0.129 0
0.933 0.148 0
0.851 0.2 0
0.849 0.169 0
0.881 0.138 0
0.877 0.188 0
0.862 0.198 0
0.834 0.143 0
0.846 0.157 0
0.848 0.206 0
0.874 0.151 0
0.835 0.136 0
0.871 0.145 0
0.873 0.137 0
0.907 0.169 0
0.908 0.163 0
0.872 0.121 0
0.869 0.171 0
0.848 0.138 0
0.898 0.207 0
0.867 0.16 0
0.91 0.179 0
0.934 0.139 0
0.861 0.165 0
0.882 0.147 0
0.903 0.115 0
0.894 0.19 0
0.876 0.155 0
0.878 0.139 0
0.891 0.131 0
0.852 0.178 0
0.927 0.205 0
0.903 0.117 0
0.87 0.155 0
0.891 0.209 0
0.853 0.151 0
0.858 0.209 0
0.877 0.191 0
0.871 0.189 0
0.897 0.15 0
0.857 0.119 0
0.925 0.208 0
0.849 0.201 0
0.888 0.154 0
0.863 0.144 0
0.915 0.209 0
0.893 0.147 0
0.933 0.125 0
0.904 0.182 0
0.933 0.157 0
0.859 0.178 0
0.872 0.179 0
0.927 0.155 0
0.86 0.185 0
0.89 0.155 0
0.881 0.21 0
0.838 0.163 0
0.861 0.169 0
0.872 0.201 0
0.896 0.14 0
0.913 0.189 0
0.873 0.137 0
0.898 0.122 0
0.884 0.214 0
0.836 0.215 0
0.106 0.93 0
0.07 0.985 0
0.074 0.922 0
0.093 0.996 0
0.136 0.998 0
0.093 0.934 0
0.075 0.957 0
0.085 0.999 0
0.063 0.978 0
0.103 0.972 0
0.108 0.92 0
0.11 0.986 0
0.073 0.916 0
0.075 0.957 0
0.087 0.991 0
0.075 0.965 0
0.119 0.98 0
0.064 0.969 0
0.105 0.946 0
0.117 0.914 0
0.148 0.966 0
0.104 0.959 0
0.079 0.999 0
0.127 0.924 0
0.114 0.933 0
0.073 0.942 0
0.124 0.916 0
0.085 0.958 0
0.113 0.968 0
0.156 0.974 0
0.158 0.915 0
0.084 0.99 0
0.112 0.914 0
0.07 0.961 0
0.13 0.957 0
0.144 0.932 0
0.068 0.934 0
0.114 1.0 0
0.144 0.929 0
0.106 0.972 0
0.086 0.955 0
0.161 0.947 0
0.128 0.913 0
0.145 0.988 0
0.082 0.934 0
0.156 0.948 0
0.07 0.958 0
0.137 0.955 0
0.159 0.979 0
0.149 0.945 0
0.109 0.994 0
0.09 0.937 0
0.072 0.935 0
0.064 0.983 0
0.123 0.941 0
0.116 0.929 0
0.139 0.984 0
0.124 0.98 0
0.158 0.987 0
0.123 0.994 0
0.118 0.968 0
0.106 0.928 0
0.062 0.937 0
0.125 0.922 0
0.1 0.984 0
0.145 0.914 0
0.066 0.934 0
0.101 0.977 0
0.098 0.964 0
0.135 0.975 0
0.062 0.978 0
0.141 0.99 0
0.139 0.948 0
0.121 0.917 0
0.129 0.996 0
0.16 0.963 0
0.071 0.975 0
0.106 0.92 0
0.156 0.919 0
0.113 0.955 0
0.102 0.984 0
0.084 0.981 0
0.097 0.916 0
0.093 0.944 0
0.094 0.947 0
0.123 0.989 0
0.081 0.975 0
0.146 0.943 0
0.147 0.996 0
0.103 0.964 0
0.09 0.942 0
0.156 0.965 0
0.156 0.984 0
0.121 0.96 0
0.073 0.93 0
0.111 0.914 0
0.09 0.982 0
0.085 0.947 0
0.076 0.921 0
0.092 0.999 0
0.119 0.967 0
0.043 0.975 0
0.094 0.934 0
0.126 0.963 0
0.072 0.952 0
0.118 0.935 0
0.045 0.94 0
0.119 0.995 0
0.064 0.99 0
0.04 0.937 0
0.108 0.996 0
0.06 0.935 0
0.076 0.989 0
0.114 0.972 0
0.081 0.925 0
0.048 0.984 0
0.038 0.937 0
0.117 0.98 0
0.128 0.945 0
0.131 0.972 0
0.037 0.925 0
0.105 0.935 0
0.062 0.967 0
0.079 0.956 0
0.051 0.953 0
0.099 0.959 0
0.062 0.979 0
0.08 0.965 0
0.086 0.938 0
0.092 0.929 0
0.045 0.935 0
0.09 0.933 0
0.118 0.937 0
0.075 0.96 0
0.121 0.935 0
0.053 0.98 0
0.121 1.0 0
0.105 0.934 0
0.08 0.998 0
0.09 0.983 0
0.042 0.998 0
0.118 0.93 0
0.083 0.99 0
0.04 0.993 0
0.113 0.962 0
0.103 0.954 0
0.058 0.964 0
0.072 0.937 0
0.057 0.931 0
0.086 0.973 0
0.073 0.978 0
0.124 0.964 0
0.13 0.956 0
0.065 0.975 0
0.099 0.989 0
0.051 0.991 0
0.057 0.958 0
0.107 0.944 0
0.077 0.997 0
0.126 0.925 0
0.106 0.951 0
0.128 0.965 0
0.043 0.925 0
0.067 0.975 0
0.113 0.94 0
0.051 0.923 0
0.076 0.958 0
0.128 0.939 0
0.076 0.948 0
0.115 0.994 0
0.1 0.936 0
0.071 0.966 0
0.048 0.931 0
0.044 0.97 0
0.039 0.922 0
0.101 0.996 0
0.051 0.953 0
0.038 0.951 0
0.121 0.989 0
0.047 0.922 0
0.133 0.933 0
0.115 0.959 0
0.079 0.96 0
0.098 0.958 0
0.05 0.947 0
0.1 0.996 0
0.104 0.923 0
0.081 0.942 0
0.125 0.989 0
0.132 0.962 0
0.069 0.938 0
0.099 0.96 0
0.047 0.943 0
0.052 0.931 0
0.052 0.999 0
0.089 0.981 0
0.059 0.931 0
0.121 0.949 0
0.13 0.957 0
0.075 0.956 0
0.043 0.899 0
0.038 0.911 0
0.057 0.869 0
0.011 0.908 0
0.018 0.861 0
0.012 0.88 0
0.022 0.886 0
0.024 0.932 0
0.059 0.951 0
0.026 0.855 0
0.035 0.88 0
0.006 0.898 0
0.055 0.876 0
0.022 0.868 0
0.026 0.923 0
0.048 0.906 0
0.0 0.881 0
0.062 0.916 0
0.057 0.912 0
0.049 0.893 0
0.054 0.882 0
0.05 0.886 0
0.048 0.917 0
0.048 0.862 0
0.043 0.939 0
0.007 0.894 0
0.01 0.948 0
0.024 0.895 0
0.044 0.919 0
0.04 0.918 0
0.028 0.878 0
0.043 0.878 0
0.023 0.921 0
0.009 0.952 0
0.028 0.942 0
0.057 0.903 0
0.062 0.905 0
0.031 0.949 0
0.02 0.906 0
0.017 0.861 0
0.045 0.917 0
0.023 0.943 0
0.0 0.944 0
0.009 0.934 0
0.043 0.889 0
0.023 0.918 0
0.012 0.931 0
0.038 0.909 0
0.002 0.944 0
0.041 0.924 0
0.049 0.933 0
0.034 0.918 0
0.053 0.898 0
0.02 0.914 0
0.01 0.934 0
0.001 0.92 0
0.029 0.886 0
0.009 0.912 0
0.035 0.856 0
0.045 0.879 0
0.062 0.912 0
0.054 0.896 0
0.021 0.917 0
0.029 0.877 0
0.06 0.92 0
0.035 0.868 0
0.046 0.907 0
0.0 0.89 0
0.022 0.948 0
0.043 0.927 0
0.026 0.935 0
0.048 0.943 0
0.022 0.873 0
0.052 0.878 0
0.04 0.864 0
0.005 0.943 0
0.021 0.905 0
0.049 0.889 0
0.062 0.861 0
0.019 0.883 0
0.046 0.927 0
0.048 0.865 0
0.061 0.874 0
0.034 0.869 0
0.016 0.909 0
0.061 0.89 0
0.001 0.95 0
0.06 0.92 0
0.031 0.938 0
0.019 0.886 0
0.01 0.928 0
0.04 0.901 0
0.013 0.946 0
0.018 0.863 0
0.034 0.853 0
0.046 0.906 0
0.024 0.904 0
0.029 0.911 0
0.038 0.869 0
0.026 0.92 0
0.021 0.699 0
0.02 0.725 0
0.056 0.762 0
0.017 0.727 0
0.017 0.712 0
0.035 0.727 0
0.083 0.763 0
0.093 0.721 0
0.091 0.754 0
0.03 0.698 0
0.011 0.703 0
0.018 0.736 0
0.079 0.755 0
0.058 0.694 0
0.099 0.75 0
0.033 0.701 0
0.1 0.727 0
0.024 0.726 0
0.004 0.73 0
0.09 0.752 0
0.095 0.729 0
0.008 0.773 0
0.035 0.757 0
0.084 0.746 0
0.046 0.748 0
0.003 0.753 0
0.066 0.729 0
0.082 0.774 0
0.043 0.701 0
0.043 0.737 0
0.016 0.702 0
0.002 0.697 0
0.024 0.688 0
0.087 0.714 0
0.019 0.734 0
0.036 0.728 0
0.02 0.72 0
0.065 0.71 0
0.042 0.728 0
0.058 0.674 0
0.08 0.721 0
0.076 0.687 0
0.057 0.722 0
0.066 0.771 0
0.006 0.712 0
0.084 0.68 0
0.043 0.728 0
0.025 0.713 0
0.058 0.688 0
0.099 0.703 0
0.072 0.717 0
0.014 0.745 0
0.057 0.761 0
0.054 0.696 0
0.071 0.753 0
0.064 0.708 0
0.047 0.675 0
0.038 0.675 0
0.027 0.684 0
0.099 0.726 0
0.025 0.754 0
0.004 0.769 0
0.093 0.701 0
0.066 0.689 0
0.023 0.676 0
0.04 0.713 0
0.09 0.761 0
0.007 0.743 0
0.055 0.767 0
0.042 0.773 0
0.004 0.752 0
0.083 0.72 0
0.071 0.686 0
0.019 0.734 0
0.074 0.718 0
0.053 0.758 0
0.087 0.712 0
0.011 0.698 0
0.033 0.761 0
0.06 0.686 0
0.072 0.696 0
0.009 0.761 0
0.058 0.68 0
0.054 0.712 0
0.088 0.696 0
0.017 0.761 0
0.064 0.771 0
0.045 0.761 0
0.056 0.747 0
0.099 0.681 0
0.078 0.683 0
0.076 0.745 0
0.016 0.724 0
0.082 0.717 0
0.094 0.74 0
0.079 0.73 0
0.066 0.767 0
0.095 0.698 0
0.089 0.748 0
0.06 0.699 0
0.176 0.683 0
0.163 0.708 0
0.165 0.763 0
0.193 0.77 0
0.118 0.752 0
0.175 0.749 0
0.108 0.725 0
0.16 0.779 0
0.169 0.768 0
0.124 0.724 0
0.195 0.695 0
0.179 0.692 0
0.138 0.747 0
0.12 0.75 0
0.163 0.709 0
0.16 0.756 0
0.203 0.735 0
0.193 0.742 0
0.2 0.755 0
0.165 0.683 0
0.203 0.725 0
0.196 0.777 0
0.109 0.735 0
0.105 0.771 0
0.178 0.745 0
0.139 0.733 0
0.13 0.753 0
0.178 0.78 0
0.185 0.732 0
0.166 0.719 0
0.184 0.778 0
0.166 0.772 0
0.162 0.707 0
0.197 0.769 0
0.172 0.729 0
0.126 0.729 0
0.164 0.756 0
0.19 0.748 0
0.109 0.732 0
0.119 0.767 0
0.121 0.684 0
0.138 0.698 0
0.125 0.74 0
0.139 0.714 0
0.176 0.702 0
0.2 0.69 0
0.198 0.718 0
0.155 0.715 0
0.148 0.774 0
0.164 0.774 0
0.141 0.762 0
0.135 0.686 0
0.148 0.737 0
0.14 0.68 0
0.132 0.69 0
0.142 0.683 0
0.196 0.711 0
0.138 0.726 0
0.129 0.771 0
0.136 0.778 0
0.163 0.744 0
0.169 0.748 0
0.119 0.732 0
0.161 0.726 0
0.16 0.723 0
0.148 0.735 0
0.18 0.687 0
0.147 0.689 0
0.181 0.773 0
0.113 0.721 0
0.143 0.775 0
0.176 0.725 0
0.169 0.767 0
0.17 0.765 0
0.117 0.716 0
0.182 0.697 0
0.156 0.723 0
0.192 0.73 0
0.153 0.704 0
0.171 0.712 0
0.181 0.727 0
0.125 0.755 0
0.199 0.732 0
0.14 0.702 0
0.144 0.72 0
0.126 0.697 0
0.158 0.771 0
0.114 0.69 0
0.113 0.745 0
0.106 0.719 0
0.118 0.77 0
0.177 0.718 0
0.107 0.732 0
0.165 0.684 0
0.198 0.71 0
0.165 0.74 0
0.119 0.682 0
0.185 0.69 0
0.159 0.723 0
0.157 0.68 0
0.197 0.889 0
0.175 0.917 0
0.254 0.94 0
0.218 0.858 0
0.242 0.89 0
0.234 0.881 0
0.198 0.858 0
0.214 0.9 0
0.195 0.941 0
0.221 0.927 0
0.241 0.913 0
0.239 0.94 0
0.244 0.85 0
0.195 0.942 0
0.196 0.852 0
0.197 0.888 0
0.187 0.854 0
0.208 0.925 0
0.189 0.906 0
0.179 0.877 0
0.235 0.871 0
0.162 0.856 0
0.21 0.869 0
0.235 0.876 0
0.256 0.858 0
0.223 0.908 0
0.175 0.886 0
0.171 0.926 0
0.245 0.853 0
0.162 0.866 0
0.241 0.879 0
0.237 0.879 0
0.209 0.863 0
0.214 0.944 0
0.181 0.859 0
0.249 0.853 0
0.19 0.891 0
0.243 0.874 0
0.257 0.861 0
0.228 0.902 0
0.218 0.927 0
0.259 0.859 0
0.19 0.854 0
0.174 0.896 0
0.19 0.934 0
0.241 0.92 0
0.213 0.903 0
0.205 0.911 0
0.174 0.884 0
0.253 0.885 0
0.249 0.923 0
0.181 0.915 0
0.182 0.887 0
0.23 0.923 0
0.161 0.892 0
0.211 0.93 0
0.197 0.898 0
0.216 0.898 0
0.19 0.872 0
0.249 0.859 0
0.172 0.925 0
0.223 0.926 0
0.209 0.892 0
0.222 0.925 0
0.192 0.864 0
0.214 0.922 0
0.22 0.879 0
0.207 0.889 0
0.18 0.865 0
0.219 0.913 0
0.198 0.927 0
0.224 0.917 0
0.212 0.868 0
0.224 0.9 0
0.172 0.875 0
0.212 0.869 0
0.251 0.845 0
0.228 0.848 0
0.189 0.905 0
0.255 0.877 0
0.196 0.848 0
0.198 0.91 0
0.257 0.857 0
0.205 0.899 0
0.199 0.93 0
0.223 0.85 0
0.221 0.868 0
0.165 0.896 0
0.164 0.844 0
0.252 0.943 0
0.2 0.852 0
0.202 0.931 0
0.247 0.913 0
0.176 0.899 0
0.205 0.897 0
0.22 0.892 0
0.199 0.89 0
0.227 0.875 0
0.186 0.933 0
0.219 0.86 0
0.13 0.946 0
0.128 0.997 0
0.173 0.996 0
0.186 0.962 0
0.206 0.965 0
0.132 0.98 0
0.147 0.98 0
0.124 0.97 0
0.123 0.977 0
0.117 0.955 0
0.152 0.972 0
0.132 0.976 0
0.173 0.996 0
0.195 0.935 0
0.21 0.949 0
0.202 0.945 0
0.19 0.996 0
0.197 0.939 0
0.145 0.98 0
0.192 0.936 0
0.137 0.934 0
0.145 0.961 0
0.151 0.933 0
0.113 0.949 0
0.19 0.964 0
0.206 0.985 0
0.154 0.943 0
0.116 0.972 0
0.182 0.953 0
0.131 0.935 0
0.184 0.953 0
0.129 0.938 0
0.188 0.94 0
0.207 0.985 0
0.163 0.944 0
0.173 0.972 0
0.192 0.967 0
0.21 0.938 0
0.117 0.952 0
0.123 0.958 0
0.124 0.945 0
0.144 0.993 0
0.143 0.991 0
0.18 0.965 0
0.122 0.989 0
0.185 0.977 0
0.148 0.937 0
0.176 0.982 0
0.164 0.956 0
0.133 0.939 0
0.128 0.941 0
0.183 0.977 0
0.171 0.94 0
0.202 0.959 0
0.195 0.958 0
0.12 0.934 0
0.146 0.964 0
0.144 0.958 0
0.19 0.961 0
0.166 1.0 0
0.117 1.0 0
0.137 0.958 0
0.188 0.965 0
0.187 0.982 0
0.18 0.985 0
0.132 0.94 0
0.187 0.971 0
0.193 0.944 0
0.166 0.972 0
0.159 0.973 0
0.143 0.942 0
0.17 0.969 0
0.113 0.973 0
0.127 0.935 0
0.138 0.945 0
0.164 0.977 0
0.16 0.962 0
0.113 0.974 0
0.133 0.965 0
0.129 0.949 0
0.157 0.991 0
0.131 0.965 0
0.14 0.937 0
0.136 0.985 0
0.125 0.956 0
0.121 0.993 0
0.187 0.99 0
0.136 0.971 0
0.165 0.948 0
0.16 0.974 0
0.189 0.962 0
0.129 0.962 0
0.112 0.994 0
0.172 1.0 0
0.14 0.956 0
0.184 0.983 0
0.123 0.99 0
0.199 0.98 0
0.145 0.963 0
0.205 0.978 0
0.134 0.896 0
0.136 0.939 0
0.112 0.95 0
0.095 0.947 0
0.127 0.929 0
0.126 0.958 0
0.067 0.939 0
0.045 0.905 0
0.118 0.955 0
0.094 0.982 0
0.106 0.977 0
0.097 0.912 0
0.134 0.919 0
0.063 0.927 0
0.038 0.982 0
0.074 0.945 0
0.106 0.962 0
0.128 0.936 0
0.121 0.908 0
0.047 0.974 0
0.103 0.898 0
0.12 0.966 0
0.04 0.966 0
0.058 0.962 0
0.038 0.897 0
0.052 0.938 0
0.048 0.914 0
0.133 0.925 0
0.111 0.986 0
0.044 0.945 0
0.098 0.963 0
0.114 0.95 0
0.064 0.94 0
0.044 0.978 0
0.078 0.919 0
0.124 0.974 0
0.045 0.981 0
0.07 0.979 0
0.044 0.925 0
0.048 0.977 0
0.056 0.93 0
0.108 0.953 0
0.055 0.939 0
0.038 0.906 0
0.05 0.907 0
0.088 0.981 0
0.122 0.951 0
0.04 0.892 0
0.038 0.921 0
0.123 0.9 0
0.079 0.961 0
0.104 0.951 0
0.078 0.941 0
0.115 0.925 0
0.083 0.943 0
0.108 0.959 0
0.073 0.941 0
0.11 0.941 0
0.057 0.978 0
0.131 0.981 0
0.061 0.973 0
0.102 0.981 0
0.095 0.942 0
0.078 0.968 0
0.065 0.898 0
0.115 0.956 0
0.065 0.91 0
0.117 0.94 0
0.084 0.962 0
0.086 0.933 0
0.057 0.992 0
0.05 0.95 0
0.137 0.986 0
0.111 0.97 0
0.132 0.979 0
0.064 0.952 0
0.131 0.99 0
0.053 0.943 0
0.11 0.902 0
0.095 0.937 0
0.116 0.94 0
0.121 0.963 0
0.045 0.92 0
0.058 0.926 0
0.13 0.964 0
0.105 0.905 0
0.121 0.974 0
0.087 0.908 0
0.113 0.964 0
0.057 0.986 0
0.048 0.934 0
0.041 0.974 0
0.046 0.949 0
0.042 0.913 0
0.056 0.961 0
0.116 0.914 0
0.136 0.956 0
0.088 0.951 0
0.092 0.973 0
0.12 0.992 0
0.08 0.697 0
0.11 0.769 0
0.026 0.721 0
0.1 0.782 0
0.11 0.692 0
0.065 0.78 0
0.096 0.784 0
0.059 0.693 0
0.115 0.761 0
0.073 0.699 0
0.037 0.716 0
0.109 0.717 0
0.048 0.737 0
0.106 0.753 0
0.095 0.768 0
0.02 0.717 0
0.058 0.754 0
0.114 0.782 0
0.027 0.75 0
0.085 0.721 0
0.111 0.745 0
0.091 0.77 0
0.02 0.728 0
0.074 0.691 0
0.088 0.759 0
0.07 0.736 0
0.03 0.774 0
0.103 0.703 0
0.04 0.766 0
0.096 0.716 0
0.061 0.755 0
0.091 0.785 0
0.104 0.749 0
0.114 0.71 0
0.087 0.718 0
0.094 0.749 0
0.097 0.769 0
0.055 0.762 0
0.062 0.719 0
0.081 0.764 0
0.066 0.703 0
0.084 0.768 0
0.118 0.742 0
0.081 0.691 0
0.105 0.765 0
0.113 0.717 0
0.038 0.707 0
0.094 0.713 0
0.099 0.711 0
0.103 0.697 0
0.072 0.704 0
0.067 0.697 0
0.079 0.713 0
0.071 0.778 0
0.086 0.77 0
0.11 0.719 0
0.106 0.735 0
0.077 0.775 0
0.11 0.72 0
0.041 0.747 0
0.092 0.774 0
0.03 0.693 0
0.057 0.763 0
0.097 0.725 0
0.073 0.698 0
0.071 0.701 0
0.082 0.73 0
0.062 0.77 0
0.023 0.765 0
0.076 0.751 0
0.083 0.723 0
0.021 0.704 0
0.094 0.74 0
0.094 0.748 0
0.096 0.75 0
0.074 0.777 0
0.091 0.777 0
0.05 0.748 0
0.089 0.764 0
0.093 0.689 0
0.069 0.779 0
0.056 0.757 0
0.026 0.788 0
0.101 0.721 0
0.103 0.781 0
0.056 0.719 0
0.066 0.705 0
0.043 0.752 0
0.092 0.694 0
0.073 0.724 0
0.079 0.752 0
0.089 0.694 0
0.04 0.726 0
0.064 0.751 0
0.04 0.752 0
0.08 0.73 0
0.02 0.738 0
0.03 0.757 0
0.107 0.711 0
0.056 0.762 0
0.11 0.822 0
0.089 0.865 0
0.109 0.869 0
0.099 0.781 0
0.139 0.799 0
0.075 0.822 0
0.049 0.87 0
0.119 0.793 0
0.129 0.833 0
0.102 0.825 0
0.079 0.866 0
0.103 0.825 0
0.1 0.784 0
0.093 0.862 0
0.079 0.805 0
0.095 0.813 0
0.064 0.843 0
0.06 0.808 0
0.051 0.866 0
0.113 0.849 0
0.07 0.86 0
0.139 0.799 0
0.109 0.832 0
0.074 0.821 0
0.132 0.833 0
0.137 0.812 0
0.056 0.86 0
0.088 0.776 0
0.133 0.853 0
0.135 0.799 0
0.121 0.848 0
0.051 0.848 0
0.055 0.808 0
0.088 0.788 0
0.112 0.825 0
0.08 0.874 0
0.046 0.777 0
0.076 0.821 0
0.127 0.829 0
0.09 0.822 0
0.132 0.791 0
0.103 0.801 0
0.086 0.789 0
0.113 0.848 0
0.043 0.787 0
0.123 0.81 0
0.083 0.779 0
0.104 0.776 0
0.041 0.871 0
0.085 0.81 0
0.134 0.823 0
0.066 0.859 0
0.066 0.804 0
0.058 0.864 0
0.064 0.8 0
0.079 0.802 0
0.132 0.78 0
0.108 0.866 0
0.058 0.838 0
0.119 0.859 0
0.051 0.847 0
0.097 0.776 0
0.068 0.803 0
0.106 0.85 0
0.117 0.785 0
0.135 0.838 0
0.069 0.842 0
0.111 0.797 0
0.133 0.812 0
0.082 0.852 0
0.07 0.801 0
0.109 0.777 0
0.12 0.787 0
0.128 0.808 0
0.087 0.802 0
0.118 0.784 0
0.125 0.832 0
0.112 0.825 0
0.087 0.843 0
0.111 0.862 0
0.061 0.784 0
0.039 0.796 0
0.08 0.871 0
0.07 0.842 0
0.088 0.811 0
0.041 0.779 0
0.083 0.849 0
0.118 0.819 0
0.109 0.817 0
0.119 0.871 0
0.104 0.804 0
0.065 0.804 0
0.046 0.848 0
0.129 0.836 0
0.115 0.815 0
0.061 0.778 0
0.054 0.825 0
0.061 0.828 0
0.1 0.819 0
0.073 0.856 0
0.021 0.832 0
0.0 0.901 0
0.052 0.837 0
0.045 0.824 0
0.011 0.903 0
0.033 0.831 0
0.015 0.812 0
0.079 0.851 0
0.067 0.858 0
0.045 0.879 0
0.031 0.838 0
0.026 0.862 0
0.064 0.868 0
0.063 0.87 0
0.058 0.879 0
0.065 0.847 0
0.046 0.891 0
0.033 0.831 0
0.002 0.849 0
0.05 0.82 0
0.079 0.866 0
0.057 0.901 0
0.071 0.812 0
0.0 0.845 0
0.01 0.831 0
0.017 0.847 0
0.056 0.885 0
0.034 0.817 0
0.059 0.825 0
0.033 0.899 0
0.026 0.832 0
0.006 0.824 0
0.04 0.849 0
0.034 0.838 0
0.011 0.889 0
0.069 0.827 0
0.049 0.873 0
0.013 0.865 0
0.021 0.854 0
0.07 0.848 0
0.069 0.826 0
0.011 0.874 0
0.052 0.854 0
0.04 0.894 0
0.049 0.816 0
0.055 0.904 0
0.015 0.819 0
0.016 0.884 0
0.005 0.847 0
0.08 0.898 0
0.072 0.851 0
0.002 0.847 0
0.06 0.827 0
0.026 0.825 0
0.016 0.867 0
0.039 0.825 0
0.008 0.808 0
0.019 0.828 0
0.042 0.884 0
0.045 0.834 0
0.015 0.826 0
0.075 0.825 0
0.05 0.81 0
0.072 0.884 0
0.045 0.821 0
0.052 0.813 0
0.075 0.834 0
0.042 0.873 0
0.021 0.826 0
0.043 0.826 0
0.016 0.842 0
0.002 0.899 0
0.02 0.875 0
0.011 0.824 0
0.079 0.84 0
0.008 0.904 0
0.019 0.808 0
0.06 0.875 0
0.041 0.836 0
0.025 0.83 0
0.028 0.895 0
0.058 0.878 0
0.071 0.882 0
0.072 0.816 0
0.026 0.879 0
0.002 0.828 0
0.045 0.86 0
0.021 0.818 0
0.02 0.875 0
0.07 0.893 0
0.006 0.877 0
0.023 0.907 0
0.078 0.877 0
0.064 0.878 0
0.05 0.843 0
0.042 0.836 0
0.07 0.887 0
0.039 0.847 0
0.063 0.883 0
0.045 0.886 0
0.143 0.84 0
0.198 0.816 0
0.159 0.783 0
0.171 0.765 0
0.196 0.767 0
0.206 0.809 0
0.2 0.774 0
0.187 0.843 0
0.201 0.765 0
0.157 0.795 0
0.186 0.841 0
0.198 0.753 0
0.177 0.775 0
0.145 0.819 0
0.2 0.843 0
0.215 0.779 0
0.141 0.83 0
0.144 0.777 0
0.196 0.779 0
0.17 0.769 0
0.129 0.789 0
0.14 0.755 0
0.135 0.777 0
0.176 0.757 0
0.221 0.77 0
0.14 0.773 0
0.19 0.851 0
0.153 0.81 0
0.16 0.804 0
0.127 0.835 0
0.167 0.811 0
0.152 0.832 0
0.154 0.781 0
0.187 0.811 0
0.223 0.782 0
0.178 0.834 0
0.224 0.822 0
0.171 0.847 0
0.145 0.8 0
0.136 0.832 0
0.148 0.779 0
0.21 0.84 0
0.156 0.78 0
0.164 0.815 0
0.131 0.823 0
0.129 0.772 0
0.144 0.787 0
0.167 0.828 0
0.158 0.764 0
0.152 0.803 0
0.213 0.816 0
0.167 0.78 0
0.223 0.83 0
0.136 0.799 0
0.161 0.843 0
0.129 0.799 0
0.128 0.786 0
0.167 0.822 0
0.176 0.758 0
0.125 0.839 0
0.128 0.801 0
0.163 0.801 0
0.173 0.836 0
0.223 0.827 0
0.159 0.799 0
0.14 0.793 0
0.126 0.77 0
0.131 0.845 0
0.222 0.786 0
0.172 0.841 0
0.177 0.831 0
0.219 0.849 0
0.13 0.85 0
0.211 0.838 0
0.168 0.808 0
0.138 0.786 0
0.201 0.814 0
0.201 0.831 0
0.194 0.762 0
0.213 0.846 0
0.136 0.844 0
0.225 0.84 0
0.135 0.799 0
0.168 0.837 0
0.133 0.763 0
0.197 0.792 0
0.153 0.791 0
0.156 0.832 0
0.224 0.798 0
0.127 0.794 0
0.142 0.767 0
0.129 0.782 0
0.141 0.815 0
0.177 0.786 0
0.177 0.819 0
0.179 0.85 0
0.183 0.844 0
0.14 0.827 0
0.153 0.847 0
0.128 0.767 0
0.282 0.84 0
0.319 0.804 0
0.29 0.772 0
0.297 0.851 0
0.324 0.804 0
0.299 0.787 0
0.283 0.816 0
0.257 0.869 0
0.272 0.859 0
0.323 0.827 0
0.308 0.79 0
0.323 0.797 0
0.33 0.862 0
0.255 0.805 0
0.292 0.833 0
0.264 0.859 0
0.308 0.861 0
0.25 0.771 0
0.327 0.838 0
0.283 0.825 0
0.275 0.822 0
0.314 0.869 0
0.28 0.838 0
0.342 0.847 0
0.34 0.842 0
0.342 0.782 0
0.268 0.864 0
0.344 0.791 0
0.343 0.868 0
0.281 0.836 0
0.252 0.78 0
0.285 0.828 0
0.313 0.773 0
0.3 0.78 0
0.264 0.782 0
0.306 0.808 0
0.285 0.829 0
0.297 0.827 0
0.326 0.8 0
0.27 0.794 0
0.252 0.772 0
0.274 0.807 0
0.272 0.842 0
0.27 0.851 0
0.257 0.791 0
0.258 0.835 0
0.303 0.791 0
0.327 0.819 0
0.282 0.793 0
0.253 0.85 0
0.315 0.835 0
0.316 0.844 0
0.27 0.798 0
0.26 0.848 0
0.256 0.823 0
0.287 0.851 0
0.285 0.841 0
0.311 0.784 0
0.329 0.806 0
0.319 0.785 0
0.322 0.777 0
0.326 0.821 0
0.324 0.823 0
0.275 0.784 0
0.318 0.825 0
0.268 0.825 0
0.308 0.8 0
0.275 0.856 0
0.338 0.798 0
0.316 0.848 0
0.297 0.795 0
0.332 0.834 0
0.347 0.849 0
0.292 0.869 0
0.341 0.822 0
0.26 0.846 0
0.296 0.867 0
0.272 0.855 0
0.253 0.829 0
0.344 0.793 0
0.261 0.862 0
0.255 0.805 0
0.337 0.82 0
0.261 0.783 0
0.343 0.786 0
0.281 0.797 0
0.298 0.81 0
0.251 0.842 0
0.254 0.85 0
0.299 0.808 0
0.277 0.848 0
0.271 0.86 0
0.344 0.82 0
0.27 0.809 0
0.265 0.779 0
0.337 0.786 0
0.282 0.775 0
0.27 0.866 0
0.293 0.797 0
0.256 0.79 0
0.235 0.936 0
0.267 0.977 0
0.194 0.972 0
0.216 0.963 0
0.27 0.899 0
0.251 0.981 0
0.203 0.936 0
0.218 0.964 0
0.26 0.89 0
0.197 0.946 0
0.225 0.971 0
0.192 0.935 0
0.267 0.912 0
0.227 0.938 0
0.215 0.984 0
0.242 0.901 0
0.191 0.925 0
0.257 0.959 0
0.237 0.915 0
0.182 0.943 0
0.208 0.964 0
0.229 0.91 0
0.258 0.916 0
0.243 0.975 0
0.262 0.894 0
0.254 0.908 0
0.251 0.889 0
0.189 0.964 0
0.237 0.906 0
0.205 0.927 0
0.179 0.982 0
0.189 0.937 0
0.192 0.929 0
0.255 0.953 0
0.27 0.987 0
0.265 0.955 0
0.267 0.923 0
0.241 0.921 0
0.18 0.967 0
0.253 0.986 0
0.22 0.925 0
0.277 0.98 0
0.192 0.929 0
0.261 0.94 0
0.228 0.97 0
0.229 0.933 0
0.265 0.944 0
0.266 0.909 0
0.179 0.967 0
0.189 0.934 0
0.229 0.92 0
0.183 0.937 0
0.214 0.918 0
0.248 0.971 0
0.225 0.944 0
0.258 0.927 0
0.231 0.93 0
0.186 0.978 0
0.268 0.962 0
0.237 0.983 0
0.259 0.979 0
0.197 0.919 0
0.208 0.893 0
0.242 0.985 0
0.258 0.933 0
0.255 0.903 0
0.195 0.955 0
0.228 0.909 0
0.202 0.904 0
0.277 0.926 0
0.179 0.987 0
0.24 0.949 0
0.19 0.976 0
0.196 0.981 0
0.218 0.895 0
0.229 0.913 0
0.238 0.936 0
0.252 0.908 0
0.241 0.97 0
0.203 0.95 0
0.198 0.937 0
0.198 0.898 0
0.213 0.983 0
0.203 0.948 0
0.275 0.947 0
0.19 0.951 0
0.192 0.98 0
0.19 0.981 0
0.22 0.908 0
0.244 0.969 0
0.277 0.946 0
0.228 0.935 0
0.226 0.907 0
0.257 0.961 0
0.279 0.933 0
0.268 0.97 0
0.24 0.97 0
0.229 0.917 0
0.187 0.906 0
0.209 0.913 0
0.206 0.94 0
0.189 0.921 0
0.238 0.924 0
0.22 0.91 0
0.184 0.999 0
0.158 0.961 0
0.16 0.93 0
0.153 0.974 0
0.152 0.94 0
0.162 0.932 0
0.233 0.997 0
0.202 0.981 0
0.154 0.969 0
0.228 0.908 0
0.234 0.911 0
0.239 0.978 0
0.232 0.972 0
0.202 0.956 0
0.225 0.957 0
0.183 0.968 0
0.187 0.999 0
0.238 0.916 0
0.2 0.959 0
0.22 0.943 0
0.198 0.983 0
0.17 0.958 0
0.25 0.906 0
0.227 0.927 0
0.167 0.964 0
0.24 0.94 0
0.236 0.958 0
0.163 0.918 0
0.186 0.951 0
0.209 0.981 0
0.159 0.986 0
0.164 0.943 0
0.154 0.962 0
0.248 0.933 0
0.18 0.922 0
0.245 0.98 0
0.236 0.986 0
0.202 0.987 0
0.251 0.992 0
0.163 0.995 0
0.23 0.994 0
0.175 0.934 0
0.213 0.929 0
0.252 0.955 0
0.233 0.985 0
0.216 0.992 0
0.226 0.953 0
0.175 0.978 0
0.212 0.964 0
0.245 0.973 0
0.249 0.991 0
0.202 0.954 0
0.222 0.977 0
0.237 0.969 0
0.17 0.987 0
0.244 0.954 0
0.22 0.914 0
0.211 0.932 0
0.185 0.973 0
0.166 0.941 0
0.22 0.979 0
0.195 0.937 0
0.18 0.962 0
0.179 0.956 0
0.235 0.925 0
0.185 0.936 0
0.19 0.934 0
0.172 0.94 0
0.209 0.925 0
0.204 0.936 0
0.173 0.925 0
0.154 0.928 0
0.233 0.996 0
0.23 0.907 0
0.238 0.932 0
0.23 0.969 0
0.225 0.93 0
0.205 0.982 0
0.249 0.997 0
0.167 0.956 0
0.23 0.927 0
0.242 0.919 0
0.231 0.997 0
0.181 0.936 0
0.16 0.944 0
0.208 0.943 0
0.197 0.955 0
0.191 0.989 0
0.213 0.986 0
0.21 0.956 0
0.204 0.924 0
0.163 0.997 0
0.217 0.917 0
0.189 0.931 0
0.235 0.961 0
0.24 0.933 0
0.216 0.891 0
0.2 0.959 0
0.217 0.882 0
0.188 0.946 0
0.133 0.945 0
0.156 0.876 0
0.212 0.93 0
0.213 0.886 0
0.135 0.957 0
0.131 0.884 0
0.195 0.961 0
0.177 0.93 0
0.194 0.92 0
0.125 0.888 0
0.131 0.921 0
0.213 0.958 0
0.201 0.959 0
0.127 0.894 0
0.194 0.882 0
0.177 0.897 0
0.146 0.911 0
0.214 0.899 0
0.213 0.9 0
0.208 0.88 0
0.205 0.945 0
0.127 0.881 0
0.2 0.876 0
0.186 0.934 0
0.191 0.872 0
0.16 0.952 0
0.193 0.898 0
0.121 0.89 0
0.147 0.971 0
0.206 0.933 0
0.216 0.961 0
0.126 0.875 0
0.137 0.907 0
0.183 0.962 0
0.143 0.942 0
0.184 0.881 0
0.2 0.952 0
0.156 0.924 0
0.15 0.916 0
0.174 0.895 0
0.208 0.961 0
0.173 0.896 0
0.132 0.921 0
0.184 0.891 0
0.144 0.938 0
0.171 0.97 0
0.124 0.896 0
0.128 0.917 0
0.15 0.909 0
0.184 0.934 0
0.179 0.96 0
0.121 0.941 0
0.199 0.879 0
0.147 0.971 0
0.184 0.88 0
0.149 0.954 0
0.2 0.932 0
0.179 0.926 0
0.148 0.926 0
0.16 0.945 0
0.125 0.88 0
0.139 0.907 0
0.169 0.917 0
0.132 0.902 0
0.174 0.943 0
0.155 0.944 0
0.131 0.886 0
0.123 0.888 0
0.17 0.917 0
0.129 0.886 0
0.135 0.917 0
0.169 0.89 0
0.122 0.889 0
0.204 0.921 0
0.151 0.942 0
0.131 0.923 0
0.214 0.921 0
0.151 0.955 0
0.209 0.911 0
0.191 0.89 0
0.171 0.903 0
0.16 0.899 0
0.189 0.892 0
0.149 0.885 0
0.152 0.945 0
0.127 0.919 0
0.196 0.905 0
0.154 0.97 0
0.186 0.923 0
0.208 0.94 0
0.124 0.915 0
0.134 0.88 0
0.174 0.914 0
0.157 0.923 0
0.2 0.929 0
0.16 0.891 0
0.267 0.837 0
0.212 0.826 0
0.191 0.829 0
0.265 0.849 0
0.267 0.866 0
0.273 0.905 0
0.233 0.818 0
0.192 0.813 0
0.239 0.883 0
0.256 0.847 0
0.178 0.859 0
0.269 0.895 0
0.25 0.896 0
0.243 0.829 0
0.181 0.866 0
0.265 0.894 0
0.186 0.862 0
0.257 0.863 0
0.275 0.888 0
0.233 0.846 0
0.209 0.818 0
0.275 0.854 0
0.227 0.876 0
0.209 0.911 0
0.198 0.875 0
0.192 0.858 0
0.254 0.824 0
0.202 0.847 0
0.27 0.848 0
0.202 0.91 0
0.258 0.836 0
0.265 0.824 0
0.215 0.869 0
0.241 0.844 0
0.19 0.905 0
0.241 0.844 0
0.208 0.858 0
0.185 0.855 0
0.192 0.838 0
0.256 0.856 0
0.242 0.825 0
0.241 0.817 0
0.21 0.813 0
0.228 0.823 0
0.265 0.815 0
0.189 0.849 0
0.196 0.881 0
0.233 0.846 0
0.264 0.907 0
0.213 0.885 0
0.179 0.847 0
0.181 0.878 0
0.24 0.903 0
0.188 0.846 0
0.211 0.873 0
0.188 0.878 0
0.274 0.82 0
0.195 0.846 0
0.197 0.818 0
0.276 0.858 0
0.227 0.908 0
0.216 0.813 0
0.224 0.911 0
0.216 0.876 0
0.19 0.889 0
0.263 0.848 0
0.216 0.875 0
0.275 0.846 0
0.261 0.899 0
0.247 0.871 0
0.259 0.835 0
0.195 0.896 0
0.26 0.811 0
0.252 0.909 0
0.208 0.869 0
0.188 0.858 0
0.188 0.822 0
0.188 0.893 0
0.189 0.854 0
0.247 0.886 0
0.26 0.813 0
0.215 0.906 0
0.194 0.822 0
0.199 0.886 0
0.223 0.91 0
0.276 0.866 0
0.216 0.88 0
0.234 0.862 0
0.215 0.836 0
0.215 0.86 0
0.216 0.894 0
0.258 0.819 0
0.216 0.872 0
0.193 0.845 0
0.197 0.827 0
0.192 0.876 0
0.21 0.882 0
0.243 0.905 0
0.218 0.902 0
0.185 0.837 0
0.328 0.805 0
0.316 0.842 0
0.257 0.811 0
0.259 0.773 0
0.314 0.778 0
0.243 0.772 0
0.309 0.849 0
0.265 0.829 0
0.28 0.841 0
0.325 0.844 0
0.235 0.811 0
0.253 0.847 0
0.272 0.848 0
0.321 0.813 0
0.325 0.801 0
0.279 0.826 0
0.23 0.848 0
0.314 0.826 0
0.281 0.831 0
0.292 0.835 0
0.323 0.826 0
0.276 0.847 0
0.244 0.841 0
0.302 0.851 0
0.267 0.865 0
0.279 0.77 0
0.316 0.772 0
0.229 0.796 0
0.276 0.825 0
0.299 0.854 0
0.279 0.857 0
0.296 0.856 0
0.319 0.781 0
0.322 0.774 0
0.327 0.801 0
0.322 0.774 0
0.234 0.796 0
0.329 0.813 0
0.285 0.795 0
0.277 0.802 0
0.264 0.866 0
0.314 0.856 0
0.314 0.773 0
0.325 0.853 0
0.311 0.788 0
0.308 0.776 0
0.265 0.787 0
0.261 0.776 0
0.253 0.809 0
0.283 0.84 0
0.274 0.824 0
0.276 0.846 0
0.291 0.823 0
0.314 0.865 0
0.327 0.856 0
0.311 0.796 0
0.26 0.84 0
0.299 0.848 0
0.279 0.858 0
0.324 0.831 0
0.284 0.814 0
0.318 0.845 0
0.233 0.853 0
0.243 0.815 0
0.31 0.799 0
0.233 0.779 0
0.316 0.826 0
0.29 0.86 0
0.27 0.785 0
0.232 0.799 0
0.254 0.845 0
0.283 0.868 0
0.255 0.791 0
0.238 0.791 0
0.32 0.816 0
0.237 0.782 0
0.296 0.816 0
0.275 0.795 0
0.303 0.79 0
0.254 0.812 0
0.281 0.82 0
0.238 0.863 0
0.266 0.787 0
0.263 0.821 0
0.293 0.821 0
0.326 0.782 0
0.282 0.798 0
0.323 0.826 0
0.248 0.796 0
0.237 0.842 0
0.306 0.849 0
0.238 0.862 0
0.282 0.791 0
0.244 0.816 0
0.28 0.785 0
0.285 0.828 0
0.261 0.828 0
0.275 0.794 0
0.257 0.842 0
0.277 0.835 0
0.262 0.775 0
0.283 0.807 0
0.192 0.772 0
0.214 0.785 0
0.271 0.805 0
0.22 0.784 0
0.246 0.814 0
0.255 0.808 0
0.268 0.778 0
0.261 0.825 0
0.195 0.848 0
0.272 0.817 0
0.241 0.778 0
0.262 0.8 0
0.239 0.779 0
0.207 0.849 0
0.195 0.833 0
0.224 0.784 0
0.268 0.843 0
0.205 0.766 0
0.206 0.816 0
0.268 0.78 0
0.201 0.759 0
0.209 0.828 0
0.219 0.771 0
0.207 0.833 0
0.193 0.798 0
0.261 0.801 0
0.217 0.788 0
0.239 0.79 0
0.289 0.787 0
0.246 0.823 0
0.208 0.824 0
0.234 0.764 0
0.258 0.764 0
0.201 0.845 0
0.216 0.788 0
0.27 0.789 0
0.199 0.798 0
0.28 0.843 0
0.264 0.822 0
0.203 0.836 0
0.229 0.842 0
0.21 0.777 0
0.264 0.809 0
0.224 0.846 0
0.252 0.795 0
0.211 0.858 0
0.22 0.767 0
0.275 0.823 0
0.281 0.82 0
0.192 0.82 0
0.235 0.852 0
0.274 0.818 0
0.267 0.844 0
0.279 0.766 0
0.26 0.766 0
0.224 0.822 0
0.287 0.839 0
0.282 0.814 0
0.26 0.828 0
0.252 0.782 0
0.262 0.83 0
0.253 0.858 0
0.234 0.759 0
0.2 0.803 0
0.235 0.761 0
0.267 0.795 0
0.194 0.827 0
0.224 0.77 0
0.215 0.858 0
0.215 0.796 0
0.236 0.777 0
0.197 0.764 0
0.274 0.786 0
0.248 0.818 0
0.275 0.788 0
0.221 0.857 0
0.287 0.848 0
0.272 0.836 0
0.215 0.786 0
0.211 0.836 0
0.196 0.854 0
0.194 0.79 0
0.273 0.818 0
0.23 0.819 0
0.215 0.796 0
0.216 0.772 0
0.243 0.776 0
0.203 0.846 0
0.286 0.785 0
0.215 0.773 0
0.27 0.784 0
0.25 0.761 0
0.204 0.852 0
0.245 0.789 0
0.255 0.823 0
0.197 0.821 0
0.283 0.795 0
0.233 0.836 0
0.139 0.809 0
0.09 0.866 0
0.121 0.867 0
0.156 0.828 0
0.121 0.83 0
0.116 0.841 0
0.131 0.807 0
0.163 0.874 0
0.15 0.817 0
0.078 0.792 0
0.12 0.837 0
0.145 0.874 0
0.162 0.829 0
0.122 0.853 0
0.15 0.843 0
0.139 0.855 0
0.113 0.8 0
0.116 0.858 0
0.107 0.843 0
0.102 0.813 0
0.131 0.833 0
0.086 0.872 0
0.151 0.79 0
0.07 0.885 0
0.08 0.799 0
0.121 0.824 0
0.143 0.858 0
0.074 0.868 0
0.109 0.881 0
0.13 0.858 0
0.165 0.814 0
0.091 0.87 0
0.114 0.799 0
0.151 0.846 0
0.094 0.832 0
0.075 0.816 0
0.102 0.842 0
0.083 0.786 0
0.155 0.834 0
0.165 0.834 0
0.132 0.83 0
0.107 0.83 0
0.151 0.807 0
0.135 0.804 0
0.132 0.866 0
0.151 0.872 0
0.126 0.836 0
0.075 0.849 0
0.167 0.797 0
0.103 0.869 0
0.081 0.88 0
0.1 0.814 0
0.129 0.803 0
0.13 0.846 0
0.142 0.86 0
0.076 0.874 0
0.127 0.836 0
0.076 0.856 0
0.077 0.804 0
0.107 0.798 0
0.133 0.795 0
0.112 0.882 0
0.13 0.883 0
0.15 0.807 0
0.098 0.877 0
0.13 0.8 0
0.119 0.841 0
0.154 0.79 0
0.17 0.788 0
0.127 0.864 0
0.132 0.841 0
0.141 0.874 0
0.111 0.878 0
0.133 0.839 0
0.144 0.874 0
0.165 0.872 0
0.113 0.872 0
0.144 0.861 0
0.101 0.83 0
0.091 0.82 0
0.161 0.785 0
0.126 0.819 0
0.121 0.838 0
0.073 0.81 0
0.121 0.795 0
0.131 0.83 0
0.145 0.786 0
0.076 0.789 0
0.12 0.841 0
0.166 0.848 0
0.14 0.787 0
0.152 0.794 0
0.135 0.863 0
0.15 0.816 0
0.085 0.808 0
0.086 0.796 0
0.083 0.794 0
0.155 0.813 0
0.111 0.853 0
0.134 0.799 0
